linear.pvalue quadratic.pvalue linear.boost.stat quadratic.boost.stat linear.true.stat quadratic.true.stat
1 1 0.00386048098462996 0.117156807148433 0.00275121913966567 0.0660693659945893
1 1 0.000873710711644339 0.0243256048258061 0.000855069982972129 0.0212337594176281
1 1 0.000827970504739612 0.0212383245842544 0.000477938206460419 0.0207118649255712
1 0 0.00134999886668705 0.0266157786136124 0.000372296961043241 0.0280252312411851
1 1 0.000540433241890269 0.0336463908248639 0.000404658827548378 0.032254045128694
1 1 0.00161355318855287 0.0388695450530692 0.00125748501388336 0.0350565094956484
0 0 0.000514028558779653 0.079543515448547 0.000532494016054526 0.0866626530951319
0 1 0.00103553194700264 0.0906401632928119 0.00112987908032395 0.0747465943356554
0 1 0.00027620785780668 0.0258026985052111 0.000282031944140073 0.025800782797776
0 0 0.0017812140358929 0.0365708150325663 0.00230090691619631 0.0401385646939079
1 0 0.00127312134259783 0.0270068807131065 0.00113646487128678 0.0298497414822469
0 1 0.000127590132772761 0.0372009960014224 0.000245662727903763 0.0330845869523221
1 0 0.000745108699307469 0.0438751672673891 0.000697576255846998 0.0441139149763335
0 0 0.000236864336576085 0.0303835247714448 0.000279002867241891 0.0309364497644912
1 0 0.000314691238174742 0.036467995344223 0.000173169181027339 0.0365945619012252
0 1 0.00173037330818798 0.0491014756372298 0.00237083312593652 0.0482650314383558
1 0 0.000775174495327014 0.0443585168765398 0.000400891376359806 0.0534412886440432
0 1 0.000300593783441274 0.0512046665758034 0.000351676505018844 0.0440913243754657
1 1 0.00154498193709424 0.0201384152070311 0.00085590953213338 0.0148822575959474
0 1 0.000167428269356812 0.0310586047800989 0.000190523451096827 0.025377105404469
0 1 0.000393899909543907 0.0322254439763974 0.000526663151623555 0.0315636343623283
1 1 0.000412776859940438 0.0356097483179614 0.000388131651664352 0.0274866507690593
1 1 9.34043895663609e-05 0.0132993958375988 9.19238986412727e-05 0.00797502742541629
1 1 0.000302912195252915 0.0174808567985306 7.03336943665509e-05 0.0168791977334719
1 0 0.00297095987265033 0.0634963487814636 0.0017091159184015 0.0751900181661197
1 1 0.000653390095328365 0.0395713884357481 0.000606417058285389 0.0366040370632528
0 1 0.000688875177222545 0.0611019753903581 0.000769912237705302 0.0586754512700638
0 1 0.000900877210983439 0.0443553839869838 0.00140140523164586 0.0382316656929124
1 0 0.00107164843701241 0.0323528918136995 0.000731642002863737 0.0356239054187257
0 0 0.00103126189179228 0.021712342927349 0.00119863671045022 0.0232599379449682
1 0 0.00106463585641481 0.0391520600255065 0.000995428064245904 0.0433409361551159
0 0 9.93493059120077e-05 0.0172688900018174 0.000191195538875637 0.0216193957258708
0 0 0.00115522171380003 0.0675529832875964 0.00142576522417666 0.0690197967840824
1 0 0.000451042509158755 0.0130431912238562 0.000325725639351986 0.0134045870202632
1 1 0.000916836235845121 0.0734888474983883 0.000867694349469317 0.0569403998012949
1 0 0.00139429432173708 0.0876273138098691 0.000937814299515286 0.0876562183491146
0 1 0.000261486268265228 0.0242124504237803 0.00027166670590156 0.0183576577303724
1 0 0.00160726542299865 0.0353248542491009 0.00156128007979456 0.0423080881293888
1 0 0.000498518077092433 0.075194481269461 0.00048115305861641 0.0810808358750052
0 1 3.94282042703792e-05 0.0302437142130164 9.42288721839582e-05 0.021071961831639
0 1 0.00114041769577414 0.0241512278302072 0.00148523561491388 0.0225676628806776
0 1 0.000130411923918629 0.0314271193266563 0.00019593337260685 0.0311945188154855
1 0 0.000362379938487403 0.0210113724817792 0.000172012110700926 0.0225042832815852
0 0 0.000283023069396411 0.0179998610781377 0.000615465396606663 0.0209119275373463
1 1 0.000237440703299047 0.0557588538806125 0.000223884357752047 0.054095767290457
1 1 0.00179537390723072 0.0583401731772941 0.00165165675035975 0.0556110927804375
1 0 0.000900093611735238 0.056154702012359 0.000595658126063912 0.0582459274665213
1 0 0.000119859192945253 0.0127963143780682 4.38205853417321e-05 0.0143972281058897
1 1 0.00049568427608257 0.0475961594120988 0.000244693544433274 0.0327376560350521
0 1 0.000423254031145468 0.0522274713374036 0.000824383953495672 0.0418275889741256
1 1 0.00390458189290393 0.0681143422957107 0.00352831862614094 0.0639454975411713
1 0 0.000161236654100138 0.00809468442090439 0.000127755509670911 0.00825509121344912
1 0 0.00011391400249743 0.0325301914344623 9.27883162173592e-05 0.0420619271685605
1 1 0.00041887699663828 0.0455666217073985 0.000203602288027374 0.0427267921350538
1 0 0.00106421379615436 0.0207152998697318 0.00040210061454866 0.0229447234520214
1 0 0.000485102555966135 0.0425216292615675 0.000222481822890965 0.0442425202059528
1 1 0.000652411214719937 0.0187395620943744 0.00046040677079475 0.0149105933094239
1 0 0.00211762741136416 0.0481700242497378 0.00165486501183897 0.0488282974718386
1 1 0.000567479975246997 0.0492864202608476 0.000258969984595689 0.0479666059784861
0 0 0.00150607375904606 0.0649570378219934 0.00184950786416377 0.0747903879320033
0 1 0.00136266753523476 0.0454574734695997 0.00170288008312198 0.0409535693205174
1 1 0.000198511016301638 0.0422856575654672 6.59691092406388e-06 0.0399103831140756
0 1 0.000661337167824644 0.0188428137248685 0.000906000912342598 0.0171276329283857
0 0 0.000826541432504025 0.0483219579889837 0.0008599119976933 0.0683237870725584
1 1 0.00156699220365887 0.0456808704699264 0.00100483960305279 0.0376155715660053
1 1 0.000142631093744422 0.0154292757060586 7.52015989495423e-05 0.0144250374119686
1 1 0.000945003206909591 0.058300177202752 0.000535055857975582 0.0582624223794106
1 0 0.000519659188105321 0.015424105499007 0.000282715304888864 0.0161908674211097
1 1 0.000485530404728865 0.0303633035024187 0.000354979174215401 0.028470008100568
1 1 0.00193123008980572 0.0237103295023509 0.00178312431750788 0.0216340121907032
1 1 0.000905830611648044 0.0380847117929008 0.000634043145633931 0.0308222181256321
1 1 4.89598170304587e-05 0.0121718485036943 2.99521627834198e-05 0.00941092629365441
1 1 0.00254023943807049 0.0881075353658639 0.00153268441257498 0.0852311286729478
1 1 8.01946259319489e-05 0.0109334186059298 1.76928229298908e-05 0.0100078432015121
1 0 0.00060890096432085 0.0523384305548274 0.00039475523400865 0.0589129785109924
1 0 0.00189726661321806 0.0458947983239572 0.00140660852211206 0.0486573498528468
0 0 0.00176702268348272 0.0498688191323827 0.00196550685020216 0.050613610421798
1 1 0.00330446506727669 0.0262681005542197 0.00146914744976984 0.0190058598946047
1 0 0.000905893980637249 0.00959155928682868 0.000514394085569555 0.00978547993698357
0 0 0.000238430142504985 0.113066693207467 0.000634738557253893 0.124741602201237
0 1 6.42568620161205e-05 0.00766941389484516 8.78509134944362e-05 0.00727588640159838
0 1 0.00036935943679623 0.0243951884850778 0.00063650509830375 0.0229635661755333
0 1 6.88517489201424e-05 0.0267571703340278 0.00010843211725633 0.0166889273024024
1 0 0.00160732158013665 0.0144115888102131 0.000966093713602358 0.017997185316103
1 1 0.000227482819959897 0.017238726514321 0.000190069841298472 0.0123059837369412
0 1 0.000946199563949278 0.0566062605653137 0.00200279491350135 0.0428858958269067
0 1 0.00198561762045701 0.122554052421094 0.00302797262164695 0.11890158744734
0 0 0.000705688506927462 0.0379869838255176 0.00109729631064449 0.0385183338596336
1 0 0.00154373551321976 0.02262599256093 0.000641774670024181 0.0275572908837256
0 0 0.000347338657305978 0.0392289439067804 0.000360595824812684 0.0433378906051003
0 0 5.96106438984992e-05 0.0112579860749749 0.000167885201231486 0.0113218721563139
1 0 0.00137703043934039 0.0393859714993654 0.00125927022827954 0.0594073203907085
1 1 0.000989025487735976 0.0196592676770072 0.000597429073824367 0.015824083907813
1 0 0.000513806167746127 0.0413968342437876 0.000477907904361671 0.041633744963913
1 0 0.00125661129163232 0.0169804815192649 0.000505972017446812 0.0192653029708462
0 0 0.000497377908008806 0.0470818431602809 0.000852762238927977 0.0498780713519874
0 0 8.81276087049236e-05 0.00355475488560133 0.000174789622984043 0.00444386018251531
0 1 8.20818909877705e-05 0.0223203583325151 0.000116689767078379 0.0217485004081896
0 0 0.00072126523511254 0.0602902716601356 0.0010363027404641 0.0630595079668662
1 0 0.00149512687012576 0.0239158545116992 0.000818159661652843 0.0247753515268833
1 1 0.00102252165888505 0.0122737819905647 0.00092988690683342 0.0119694637715441
1 1 0.00138038928708103 0.0238743843630085 0.000948953210627228 0.0225143061247165
1 1 0.00112814204809296 0.0234007694668324 0.000767163687041712 0.022841619004195
1 0 0.00356060005553236 0.0595842067763277 0.00273377347263796 0.0601373052117456
1 0 0.00227074256401903 0.0179201483617823 0.000377377448331033 0.0190980636529758
0 0 0.000153896717015612 0.0402386640570529 0.000320127807116687 0.0404412370917148
1 0 3.04472055609165e-05 0.00941032188936548 1.16303236987576e-05 0.0102744228059847
0 1 0.000530168479797318 0.0402634073421501 0.000662945392756462 0.0374425467073168
0 0 0.000271348929658395 0.0100671803868831 0.000538812550880893 0.0108157293221674
1 1 0.000688221359318222 0.0849462825472021 0.000597435730096862 0.0654279203536783
1 1 0.000334834959683581 0.0179286704456342 0.000261948011143176 0.0178444911061775
0 1 8.77146574174773e-05 0.0131103391520244 0.000138726534472973 0.012389207302524
1 0 0.000944924890269242 0.0572714157878659 0.000860040420989109 0.0596471049589617
1 1 0.000653434242072104 0.024316821925725 0.000616345892059254 0.0223098550767725
1 1 0.00196912148156304 0.0522346703224576 0.00178904550584792 0.0515841676377202
0 1 0.000977164394133416 0.103972669004611 0.00104650224258697 0.102474636410509
1 1 0.00198898320989744 0.0800868640453019 0.0015756061603996 0.0794221887381125
1 0 0.000423379751453916 0.0143474452647574 0.000418647855015217 0.016779624763413
1 0 0.00292469923426338 0.0420633868646428 0.00285552928744833 0.0521246059216135
1 1 0.0020310660107766 0.0529488224433586 0.00157965618180023 0.0475656340852531
1 1 0.000594009640982678 0.032357613853726 0.000484520769188948 0.0278909001430918
1 1 7.76498897876297e-05 0.0419213904971963 7.50395242226271e-05 0.0301901629851457
0 1 0.000219554267678352 0.0217328279564673 0.000296793328745144 0.019149229545058
1 1 0.00125845221063335 0.0320388539525996 0.000763887235478488 0.0214909015245867
0 0 0.000369118403837494 0.0434915482263001 0.000437689200795532 0.0462024258066455
0 1 0.000573489594655139 0.0191454085759294 0.000816577411699093 0.0178870399908764
0 0 0.0013480009904013 0.0630839190454307 0.00171085036795987 0.0700108659799412
1 1 0.00197455096475294 0.0486011840108622 0.00114119026512675 0.0469018397176088
0 0 0.000257934533978519 0.0280348863572278 0.000275663739650334 0.0287493965183439
1 1 0.00218300091908023 0.0541037079348958 0.00205770306334015 0.0529572270374851
1 1 0.00171666478689377 0.117826625209178 0.0014324717556924 0.103349291628333
0 0 0.000142228790938412 0.0193580186550287 0.000168422747534774 0.0200508144242468
0 0 5.49350037178569e-05 0.0396515931738637 6.68087903373933e-05 0.0445578510130536
1 1 0.000308486462123133 0.0512525941166893 9.73899408371402e-05 0.0334825741472058
0 1 0.00019173211440405 0.0415074994725733 0.000274944957783294 0.0305947101325774
1 0 0.000986594129649433 0.0338755326892433 0.000864849405548604 0.0354580225709212
1 1 0.00026968267254313 0.0197713509934371 0.000184065981820785 0.0195802398819363
0 0 0.000140132500676012 0.00419936265443228 0.000199647584571571 0.00440106267324507
1 0 0.00015459526688702 0.0231901858420041 0.000113188980290348 0.0236970594064426
1 0 6.43236714884743e-05 0.0100860508968721 6.42653418709028e-05 0.0102824736550936
0 1 0.000214320650820503 0.020179654938527 0.000255460955797438 0.0199218672305429
1 0 0.000731463158718073 0.0246425932485454 4.909525407564e-05 0.025504295582864
1 1 0.000170715795775351 0.019459152893576 7.06946488883344e-05 0.0166373320221073
1 0 0.000831514604851074 0.0229573596927945 0.000800656901338539 0.0239700052980436
1 0 0.000207737301367117 0.0148270606940855 5.30417614390545e-05 0.0150602853807583
1 0 0.000411597672731604 0.0220166529454998 0.000146245744862854 0.0235409073161603
0 0 5.71664349073792e-05 0.0114994910137751 6.82764928814805e-05 0.0117656619863921
0 0 0.00338489595689314 0.0933542451611989 0.00392145633281236 0.0945852384594995
0 1 0.00130486965551512 0.0468569404376063 0.00138181985523172 0.036966040428771
1 1 0.000670449046654588 0.0286299048407048 0.000624650939142626 0.0268048261826442
0 1 0.00176572632206553 0.0508720838645772 0.0017989136921635 0.0408767738053928
1 1 0.0008432989513802 0.0199482190253029 0.000694805235303576 0.0194122091814635
1 0 0.00247865254688486 0.0160130511301941 0.000950507577111078 0.0283108398373288
1 1 0.00458096661188693 0.0746138602829322 0.00440198236656837 0.0718082961967591
1 0 0.00307941764935842 0.0326673649777848 0.00293253416147706 0.0544108228998303
0 1 0.000123118784241692 0.0146674080504243 0.00132612707731253 0.013677886914918
1 0 0.000550554966697556 0.00751101692480359 0.000297888240049275 0.0115598213587829
0 1 0.000187679325016749 0.0373393268596635 0.000321365763255617 0.0337307060648996
0 0 0.000758437124179451 0.0491358432065681 0.000830901357211717 0.0740877279880152
0 1 7.53311580780029e-05 0.0564668991829317 0.000198361774799368 0.0484387801275893
1 1 0.000397363181492075 0.107954556136367 0.000285277080214559 0.106163377778539
1 1 0.000485041994661435 0.0308434090424092 0.000289964462880377 0.0254799096769601
1 0 0.000160569700549001 0.0138620322782587 0.000152634601664544 0.01466031631615
1 1 0.00244903838137052 0.0650503816551739 0.00140384250592004 0.0649933512356163
1 1 0.00122318397458331 0.0560310879386011 0.000869726251464492 0.0558445198550082
1 1 0.00342626957853492 0.0622106301894616 0.00339437845683894 0.0546070064654855
1 1 0.00121145747128801 0.0781280423184078 0.00106965432651944 0.0758177222062096
1 1 0.000391349416497066 0.0562968174779366 0.000247121681482645 0.0543960362572418
1 0 0.00146790894716068 0.0272054832652635 0.000972037974110722 0.0309899475588813
1 1 0.000427782998022759 0.0153264457903556 3.61242568238816e-05 0.0126431603167973
0 1 8.22411935786253e-05 0.033278976363427 0.000136711493805956 0.0300742894399651
1 1 0.000385561424290437 0.0200397699998344 0.000192776593751699 0.0181434303020615
1 1 0.00135071793160333 0.0941081503188717 0.001258236471756 0.0764190132048337
1 1 0.00110189452577787 0.0484825556217534 0.000734382062008006 0.0381646425962878
0 1 0.000548153248174996 0.0486216330800737 0.000969947594526294 0.0447488856833215
1 1 0.000320447414863726 0.0416712709891158 0.000289495020004397 0.0405771281189669
0 0 0.000418782851680342 0.0400489503475415 0.0006277871562439 0.0419773897574228
0 1 0.000566593129240471 0.0319680459267844 0.000643392548336312 0.0293957357411346
1 1 0.00208614370963358 0.0739755834927234 0.00133879036927756 0.0713252600101585
1 0 0.00105844478950627 0.03453123767481 0.000746722495736199 0.0368440626046061
0 0 0.000244473323794725 0.0365777838135792 0.000534251485266077 0.0387717324482877
1 1 0.000797167419116029 0.0346873822638486 0.000532587967085175 0.033918859233952
0 1 0.000251891882327207 0.0464976314006963 0.000358843123276379 0.0403377428039259
1 1 0.00123450386605895 0.0242127613238917 0.000726235358901375 0.0212902046374446
1 0 0.000143169042473683 0.0242995073241064 0.000131361272602276 0.026956499760622
0 1 0.00162509016017151 0.0674358639080485 0.00175269025699533 0.0613611881014065
1 0 0.0113876688561712 0.058605680488065 0.0111879690975433 0.0704482131235712
1 0 0.00106684931049579 0.0377487594272563 0.00106384292075106 0.0394088364654955
1 1 0.000401856317143173 0.0367900273712778 0.000277506193084053 0.0301310082566704
1 1 0.000531511149867128 0.0633161977080763 0.000461275496369975 0.0560129104296499
1 1 0.000521166476454325 0.054038413049653 0.000497685809370275 0.0523940380279248
1 0 0.00143582285854488 0.00996618259244272 0.000881104289600988 0.0116448894591369
0 0 0.00022238034939809 0.0421107087839728 0.000250012189751037 0.0426934091293784
0 0 0.00084344207456776 0.0118616248529956 0.000939870819701039 0.0128923900175956
1 1 0.000449963109865341 0.0633099081829759 0.000165568726845022 0.0607080594574771
1 1 0.000976193461235967 0.0312797980318203 0.000639163167420063 0.0306944043298679
1 1 0.0008763854320245 0.0405718949916543 0.000801565105073526 0.0382375330709364
1 0 0.000218914417272256 0.00669391108715775 8.50713316705405e-05 0.00750205336196497
1 1 9.51518631383063e-05 0.0331245538861875 4.12258452661245e-05 0.0308484637326815
0 1 0.000425628345854499 0.0538879972427479 0.000771601511817183 0.0459014813187233
1 0 0.00031219966912907 0.00499511294220638 5.87525079175265e-05 0.00570210681558513
1 1 0.000543033538483309 0.0520463089532583 0.000488063039074784 0.0496245152101406
0 1 0.00191341589280015 0.0597824996996455 0.00242905708328944 0.0565443547482777
1 0 0.00187832236707453 0.0644849240848408 0.00105686171395931 0.0834547739257105
0 0 0.0020238640923933 0.0452567406918954 0.00203739281071749 0.0453519721253945
0 1 5.55602366220212e-05 0.013197015882322 0.000110979644569811 0.0112284949510015
0 0 6.23731002853581e-06 0.00842089248645863 1.67778654108445e-05 0.00847736404580028
1 1 0.000462317432066001 0.0935304824473449 0.00045639212976085 0.0873466090394068
0 1 9.58135665316685e-05 0.0213336047441452 0.000263625105584582 0.0140510026462701
1 0 0.000109954586507617 0.00865723864437269 5.58271782409544e-05 0.00876722658663734
1 1 0.001092615686295 0.0503029684297738 0.00102548174899559 0.0486699585621741
1 0 0.00227787598544837 0.0300135470515126 0.00189562755023917 0.0312964377933859
1 0 0.000962125632697164 0.0305400308685014 0.00059013868041595 0.0363735915290589
1 1 0.000639069563910132 0.0149081595695455 0.000431829895251595 0.0124513890213537
0 1 0.000278077075363524 0.0436811275639559 0.000281321361207215 0.0421508200040141
1 0 0.000335272196872942 0.02407553775596 0.00027312490473561 0.0241652741612623
0 0 0.000442438435022106 0.0266083954233224 0.000529526700841224 0.0308369168517663
0 0 0.00167094811620287 0.0307233196974596 0.00170686480902097 0.038799017939512
1 1 0.00218636430646262 0.0236568772099862 0.00138896353818115 0.0230150785381343
1 0 0.000296267959375116 0.0123517939452528 0.00013675042446572 0.0185496606989281
0 0 0.00130130677176651 0.0614053917230378 0.00154447495682817 0.071651465432424
0 0 0.001661731019862 0.0245824010732918 0.00166410845879077 0.0249920780039413
1 0 0.00170895984483891 0.0519121287944183 0.00151826094458629 0.0555855860648494
1 1 0.00155075914183807 0.0787698009751488 0.00117724565065523 0.0755176634759272
1 0 0.000852691567073066 0.053902880525802 0.000616572708850214 0.0551861358086938
0 0 0.00124551735761855 0.0610676795172096 0.00132412443280335 0.0648711340402425
0 0 0.00047871907253025 0.0318604524059781 0.000507499539874097 0.0330293466350589
1 0 0.0019618012175452 0.070462257563772 0.00112520791932129 0.0784288533973992
1 1 0.000108123116476674 0.0113321220725136 1.63323387135374e-05 0.0104022688754599
1 1 0.000437737488143542 0.01488185251852 0.000237454546668233 0.0128572875896285
1 0 0.000485733505625386 0.0473871214646648 0.000221611639699587 0.0510327115299543
1 1 0.000110484975341585 0.0206620002866855 0.000104727001647829 0.0117231811865246
1 1 0.00140794463892131 0.0736526162661506 0.00123381427546453 0.0653926965892955
0 0 0.00197808145593932 0.0548610578134229 0.00204325717111327 0.062310970341033
1 0 0.000276295688289802 0.0209044948042446 5.29614124321517e-05 0.0225098823880091
0 0 0.00204788917497324 0.075166999286059 0.00211717169928318 0.0807069188423726
1 1 0.00238011965753738 0.0335892610028777 0.00235071125172295 0.0323525599329079
1 1 0.000397891522237158 0.0268678835408871 0.000185207631876472 0.0265668209445274
1 0 0.00121735820842473 0.0429496807924825 0.00107018409914981 0.0560036794538157
1 1 0.00111026205421979 0.0282500787665259 0.000908517082137406 0.0261550898120372
0 1 0.000117094592832014 0.0287101153924905 0.0002229642207255 0.0205809626738635
1 1 0.000207457005818861 0.0325100894867098 0.000181311012842013 0.0274859677658001
1 0 0.000195309775604106 0.0106764816199473 0.000175305150793113 0.0113204593136672
0 0 0.00073217215416823 0.0267522093426459 0.000926549012240233 0.0295137396461378
0 1 0.00109991821876933 0.0339053359734827 0.00160537575839844 0.0239894074242748
0 1 0.00103330864301079 0.0482612001333218 0.00121603033039617 0.0468125227746224
1 1 0.00116811084682635 0.0624727615867417 0.000740877392260672 0.0619967028027492
1 0 0.00225091759312946 0.118237105745055 0.0020008483716304 0.118460628766907
1 0 0.000645627792255592 0.0461033762031506 0.000295290058435081 0.0485895827995406
0 1 0.0004124122503888 0.0230619445335179 0.000675366447066507 0.0216856373302196
0 0 0.0018359463658013 0.0494607783837855 0.00202266008025105 0.0549274874865793
0 0 0.00157039705988864 0.0421637273783969 0.00159368886602524 0.0427171169713042
1 0 0.000109112593264104 0.0380562496001019 8.10697065931434e-05 0.0424083598828858
0 0 0.000588663244017288 0.0403108713970541 0.000683254642970978 0.0424332354390429
1 0 0.00178724480024685 0.027370182670164 0.00103835430312173 0.0297118658204474
1 1 0.00262322047369131 0.0515999644345845 0.00188730929851607 0.0488352890705771
1 0 0.000670413236064681 0.0540419525489706 0.000552046156340667 0.0552572966273778
1 1 0.00232104524744136 0.102245001774387 0.000926708688238178 0.101474660741601
1 0 0.00101468310205426 0.0221894335021959 0.000554151732790748 0.0267025463251644
0 1 3.95121775637221e-05 0.0362506090357107 7.36919203672125e-05 0.0353164475133884
1 1 0.000457083412089966 0.031519984734884 0.000335612356519521 0.0311674996388159
1 1 0.000835402737630339 0.0172694546012867 0.000562246523218946 0.0161098900788511
1 1 0.000175996626441611 0.0425267517712059 0.000100343011488875 0.0411524661625226
1 0 0.000183510692631329 0.0211205044255411 0.000152937027562967 0.0224419716965237
0 0 0.000523172750163385 0.0315398564779718 0.000906684522017549 0.0322713387677813
1 0 0.000597622150559098 0.0371538740998607 0.000439913395618901 0.0405941791194262
0 0 0.00021421772973561 0.0382211310224099 0.000229078627264182 0.045970986928162
1 0 0.000357425906512766 0.0239440845898704 0.000283651991432454 0.0269579859503636
0 0 0.000161918600265815 0.00905516759611287 0.000310780442791846 0.009719711098856
0 1 0.000434833575903876 0.0334809952667859 0.000634266370021297 0.0325007089268383
0 1 0.000580224996298087 0.0344778957024482 0.00147988445569125 0.0340852630145481
1 1 9.46073615708433e-05 0.010442887617619 7.18889583976036e-05 0.00994033979561252
1 1 0.00110672247854275 0.0116467915458103 0.000556287148817111 0.0107273096916891
1 0 0.00279141004552829 0.050176302802487 0.00169740696570688 0.0514575253599607
1 1 0.00244714452633363 0.149672870540084 0.00138823763491009 0.094436054632019
1 0 7.08458046809832e-05 0.00797881582854843 6.09332151871854e-05 0.00805916623035889
1 1 0.000814626807296522 0.0363643008582199 0.000137530680056814 0.0278315825681378
1 0 0.00251713343188483 0.0405573678226078 0.001757245495414 0.0488995922598872
0 1 0.000447198039733128 0.0321166060251818 0.000586272910771759 0.0278339884069287
1 0 0.000490557445872258 0.0457107077568144 0.000242761844680933 0.0474638729023769
0 1 0.00157351092885896 0.0410644299256375 0.00183889285833374 0.0389276054765611
0 0 0.000199456470512207 0.0102364597490346 0.00023321976151636 0.0142368456014103
0 1 0.00125765826570718 0.089366054889444 0.00136108366868854 0.0853519881998147
0 1 0.000943286608705592 0.0281126574362386 0.00125583176643439 0.0249989581497965
0 0 7.53037566479778e-05 0.00478781272511107 0.000596761332480326 0.00692182084409271
1 1 7.27420744872982e-05 0.039138673675648 3.59262116890801e-05 0.0360667035182309
1 1 4.9531242885528e-05 0.0233023418935918 4.12336010309924e-05 0.0172488965745954
1 0 0.000688453173108604 0.0357110653848449 0.000404659432281313 0.0473279386389997
0 1 0.000133270850416826 0.0249296778671847 0.000293615763980237 0.0220557392951943
1 0 9.73664326603646e-05 0.0386852012054651 8.96917914803641e-05 0.0394905088635758
1 0 0.000171538559351546 0.0155360003776602 1.95416196173902e-05 0.0165673101856248
0 1 0.000529442684557141 0.0577614020654082 0.000964299551854428 0.0574777215778468
1 1 0.000548015490937907 0.0933866677017901 0.000264813480589157 0.0869237940069036
1 0 0.000118285213341048 0.0116305703416979 5.13308199162437e-06 0.0119775310104008
0 1 0.00211644481471847 0.0633667537289113 0.00214197955903794 0.0577086495422893
1 1 0.00111824088465345 0.0102462377211593 0.000177386648547124 0.0101654227936886
0 1 0.000334901337039509 0.0398738939683376 0.000345327865088646 0.0207179533510653
1 0 0.000226260307385545 0.01174894741158 0.000221538052965333 0.0136770913444395
1 1 0.00149124591459794 0.0253943511371255 0.000628285291693942 0.0211606719193101
1 0 0.00182991982554366 0.0242849655133322 0.000838197002771277 0.0253637824676518
1 0 0.000497118791999617 0.0337384703198288 0.000458239110497824 0.0349888201348096
1 1 0.000228455261221208 0.00678905556589381 0.000188860701506876 0.00632788986908788
0 0 0.000842010965369744 0.0368005879010471 0.0012942221783309 0.0369728672399784
1 0 0.000250364195728663 0.00936833802674188 0.000232589766618042 0.00989144442108861
0 0 2.81579221293417e-05 0.015258325472332 6.09948818826421e-05 0.0185501722992347
1 1 0.000249743410870929 0.0315221707426749 7.2358174462985e-05 0.0312766746283217
1 1 9.13781658605668e-05 0.0298293514451572 4.05424318096543e-05 0.0291450590630559
1 1 8.55728394835968e-05 0.0178129833101851 7.475560840964e-05 0.0164822140552091
0 1 0.00167565386364853 0.0455183126841969 0.00175651829670903 0.0424770351750983
0 0 7.37242543457989e-05 0.0261326866281509 0.000133282082064493 0.0477456940552278
0 0 0.000300353605720733 0.0525894353445342 0.000407997046988361 0.0535462305400525
0 1 6.80106100564933e-05 0.0228256659396494 0.000230011446173729 0.0200442870383568
1 0 0.000561273456871914 0.017410313951192 0.000425036471580392 0.0198947689049186
1 0 0.00135915029683843 0.0991300701181408 0.00103363327951992 0.102668315470812
0 0 0.00105400902390333 0.0281557076473467 0.00344858494416183 0.0350934856961452
1 1 0.000169289297688471 0.0326493330692502 0.000108034397049165 0.0258266282874875
0 1 0.000210837290300883 0.0273490477015509 0.00024444771923273 0.0263547887771455
0 1 0.000654790367397377 0.0396359216044799 0.000765160094397704 0.0376060639320198
0 1 0.00036983905839222 0.0759711463273358 0.000461662267980995 0.0740017178992599
1 1 0.000359534024499678 0.0187409894846703 0.000223335786948023 0.0148928838705383
0 1 0.000909711048469689 0.0955186389135194 0.00141591736717968 0.0464153675884363
1 1 0.00100379352083863 0.0630427868519351 0.000322875060674838 0.0529009988927248
1 0 0.000418719068441529 0.0255923257626585 0.000356732056624413 0.0307552957880601
1 1 0.00529172843549533 0.06675247205995 0.00514848722555369 0.056893131978987
0 1 0.00048701666882993 0.0441872989113429 0.000575079420210379 0.0430347681118617
1 0 0.00285905116500572 0.0680939015783998 0.00206862084808409 0.0694568916217133
1 0 0.00228308694051592 0.0724630102362936 0.00135258708081865 0.0736177884161347
1 0 0.00158166145084197 0.0650275151332162 0.00117586144008701 0.0681976093558301
1 1 0.00416413906721406 0.0518494035270361 0.00228661416206505 0.0512142791310611
1 0 0.00098057060348228 0.0414837856282011 0.000528824583265726 0.0453667154382011
1 1 0.000657303005316898 0.0367511621225063 0.000630934809069423 0.0336339670309612
1 1 0.000139515877498959 0.022566736818457 0.000109320898427664 0.018837725148247
1 0 0.00510651383862852 0.118023092889678 0.0026085639786029 0.120403359494332
0 1 0.000245380340065101 0.0185819651004226 0.000505127453373829 0.0183228543305755
1 1 0.000151071652578539 0.0230256774196821 7.75795289558699e-05 0.0204858465808265
1 0 0.000690938163930556 0.0369442220478869 0.000584521217520233 0.0422572138380673
0 1 1.52371652234915e-05 0.0106661701411577 0.000132315902066007 0.00926519364115853
1 0 0.00137208795388433 0.0542227290482993 0.000803840298434455 0.0662669031212239
0 1 0.000103737758265804 0.0421227921714389 0.000287977782532667 0.0406540098154575
0 1 0.000337249883189836 0.0123874582720852 0.000342030105953242 0.0115997272641072
0 1 0.000920092119979884 0.0520152815315054 0.00111018391405136 0.0495732933497081
0 0 0.00112948091076546 0.0163343101892306 0.00149428657615232 0.017225351407103
0 0 0.00093933570755518 0.0707429667113832 0.0011457793505701 0.0790159587723664
1 1 0.00282157749335748 0.0777933471021843 0.00175495845947106 0.0749733793660914
1 1 0.000515430455092196 0.0121731658966303 0.000229039244559217 0.0116264907064316
1 0 0.00125389424916894 0.0532361679686645 0.00105002344269029 0.0541087776254671
1 1 0.000888411173172566 0.0240120448598541 0.000833067411542269 0.0236354353033097
0 1 0.000916448902736892 0.0919990360575942 0.0023203123578993 0.0770453080827329
1 1 0.00127031132891404 0.0863655145536278 0.00107470453061358 0.0627032891094559
0 0 1.71510278856446e-05 0.0282022049540818 0.000245696559335677 0.0304105096615005
0 1 0.00175525061901873 0.0310094194369874 0.00237216552280272 0.0307588187083389
0 1 0.000167642290111655 0.0729100056655037 0.00038381452384082 0.0500306602374278
1 0 0.000259587165802279 0.0195266835143969 0.000156050919295125 0.0253295017097656
1 1 0.00077733677945748 0.0367120459567434 0.000583434673716518 0.0325787280201167
0 1 0.000541393780772873 0.0336420073447819 0.00142223185765025 0.032026995951622
1 0 0.000229710329626766 0.00890291540110094 4.33764771714213e-05 0.00897735257633491
1 0 0.00236416709320962 0.0177133243810854 0.0013560168043515 0.0187805665225893
1 0 0.00156297273069618 0.0242231637180529 0.000658054971225696 0.0242563055924684
1 1 1.09333682500644e-05 0.0327746175153045 6.89425346212445e-06 0.027714081830937
1 1 0.00184409776439657 0.0520466240443239 0.001633666710018 0.0491173438593404
1 1 0.000732559153825124 0.0617993093845151 0.000337517713920255 0.0586645091700273
1 0 0.00205815171698289 0.0445764010513938 0.0017535138925214 0.0524223918831345
0 1 0.00154602705326619 0.0376693002836608 0.00178562633690091 0.0340697480001593
1 1 0.000127005734716728 0.0616002334416454 9.8416252067735e-05 0.0596887892148246
0 0 4.51331954782738e-05 0.00680609730931936 5.32742450759794e-05 0.0081901235108137
0 0 0.000850143040499329 0.0462952814974669 0.000893464278548415 0.0572849404623013
0 1 3.31554205503064e-05 0.00483335269050031 6.31654189601581e-05 0.00449178098678126
1 1 0.00155884009782018 0.0431789950110629 0.00105731777019498 0.0408767358408108
0 0 2.07526507815602e-05 0.0318942022400981 0.000136887691030171 0.0359376423442153
1 1 0.000896687008990722 0.0218033219746535 0.000466325935023558 0.020841315091939
1 1 0.000114514379805337 0.00985210175214708 5.98102549594138e-05 0.00844581789090441
1 1 0.00339765895739 0.0211271066746098 0.00223754060084422 0.0184003490139922
1 0 0.000411860539691967 0.0293222280597695 0.000175599483733321 0.0323922522552401
0 1 0.000125563750798777 0.0273777141660888 0.000182859696568707 0.024885430670824
1 0 0.00275721287546857 0.0363593147288917 0.00228587127798429 0.0371261453786029
1 0 0.00199306100834776 0.0272056272538318 0.00123062136490129 0.0272518251005161
0 1 0.00144942381056436 0.0472850777107728 0.00171684240952616 0.0401137324152257
1 1 0.00353100377475769 0.0570486551740661 0.00228685278058903 0.0443475719924924
1 1 7.60921220164181e-05 0.019889117675678 5.16934460049725e-05 0.0182436633788641
0 1 0.00107507041876041 0.0675018133026273 0.00160520511843465 0.061908183078601
1 0 0.00173387418948473 0.0409967777518426 0.001124647382167 0.0521057775106956
0 1 0.00176128246893603 0.0504025537217614 0.00261795430350226 0.0491896094948834
1 1 0.000431837369211616 0.024970229902218 0.00023884062989447 0.0249087679950102
1 0 0.000374772207774419 0.0107972246263252 0.000266039652309068 0.0134639934928412
0 1 0.00011592100496056 0.0146462448226486 0.000154787753552205 0.0141730560837979
1 1 9.77521925367803e-05 0.0255205385277099 8.77088097780649e-05 0.0138597755811881
1 1 0.000415501257546626 0.0481736941571813 0.000321170045816814 0.0356653822093332
0 1 0.00406270731315757 0.0620101438414751 0.00540008549322406 0.0611273862570526
0 1 0.00103602606532849 0.0428481858523113 0.00118339065400099 0.041175967129353
1 1 0.00136408084911418 0.0195241591497044 0.000742473190877289 0.0184183944652938
1 1 0.0015105376152149 0.0254492423200566 0.00135407883167912 0.0248844157736317
1 0 0.00169032899946962 0.0359231345090046 0.00119158494455914 0.0448634737827365
1 0 9.85468645148883e-05 0.016393447414677 7.33431416460455e-05 0.0170788227367903
1 1 0.00198468266365214 0.0406707830656195 0.00141215373325685 0.0405434518619625
0 1 0.000990794115784229 0.0427486833413252 0.00122265078759695 0.0409697663403491
1 0 0.000733792596450322 0.0142766086829241 0.000511065129002847 0.0151661483254139
1 1 0.000210325506722739 0.0349795320334025 0.000172879410634085 0.0323294509835878
1 0 0.000290720303786317 0.0244074365752198 0.000154009036305748 0.028586744994823
1 1 0.000791234254570235 0.0220426770183305 0.000444281194279437 0.0218910017833221
0 0 0.0013719479093463 0.0553739557412711 0.00163862178436437 0.0556800768539005
0 1 0.00186188198572329 0.086712817507506 0.00189308827980062 0.0837808083642218
0 1 0.000193940631220707 0.0630919684639179 0.000306610534676596 0.0560084243737153
1 0 0.00125934316867305 0.0355553057333608 0.00106791712554372 0.041183784811934
1 0 0.000327564228916942 0.0118467300379916 9.43429831893512e-05 0.0149642625708696
1 0 0.00072260037897654 0.060647518098637 0.000460598124807736 0.0715471814019439
1 1 0.00251243923256565 0.0432397913059615 0.00169284035097792 0.0394107502595651
0 0 0.000794237618125075 0.0148401279372991 0.00197551716494654 0.016412109586205
1 0 0.000554391328958033 0.0134572336292157 0.000334895376573523 0.0134743863815314
0 1 0.00202309467033457 0.0447200459903928 0.00207887723164728 0.0399487926220944
0 0 0.000354550211705626 0.0483829985191449 0.000567512517581541 0.054492516769057
1 1 0.00146809834073539 0.0734940782083592 0.00137035981655888 0.0512296290199313
1 1 0.000660503678213011 0.0224775177877697 0.000488596617777357 0.0181592650288471
1 1 0.000827503197264784 0.0628713311041548 0.000681037093817628 0.0545117186092701
0 1 0.0014375726635441 0.0385921068944651 0.00145663335354972 0.0272504979018729
0 0 0.000451484396837045 0.0232921617384888 0.00082639130307865 0.0295674717589213
1 0 0.000129657910812527 0.0113341315524811 6.59680692274486e-05 0.0120363757044457
1 0 0.000781449605290711 0.0231178533622343 0.00040905227982931 0.0259813121994127
1 1 0.00361215558000464 0.0719833277590761 0.00255466253126571 0.0644372276183846
1 1 0.000482323654795669 0.027647475994993 0.000315617619753297 0.0264190033851185
0 0 0.000309710549551411 0.0266896978568931 0.000403479339211534 0.0282700904347378
1 1 0.00128449553326324 0.0271768462866824 0.000910670377809386 0.0256872363150751
0 1 0.000301596732916547 0.0320911835798782 0.000778612977566816 0.027807071391538
0 1 0.000265858684888518 0.0232687775847617 0.000435798573260008 0.0179595689145596
0 1 0.000274059589604364 0.0484267522324112 0.000494115915617304 0.0437015168644322
0 1 0.000722697416701542 0.0573235347231134 0.000854528383508888 0.0497958233216695
1 1 0.00132045338706112 0.0991203070457579 0.00121580074179713 0.0937360993154416
1 1 0.000356810652309135 0.0441035211749959 0.000248459362196705 0.0371957664246002
1 0 0.000525315139115671 0.0166791551205546 0.000499303282190596 0.0185703343570309
1 1 0.000544188368246491 0.035852805170746 0.00048377499741291 0.0347367830999356
0 1 0.000758636723542376 0.0395777950658522 0.000885930691306267 0.0362664357991461
1 0 1.64216273704839e-05 0.00555469495935599 7.32612333286954e-06 0.00614422366439155
1 0 0.000637923414862319 0.00806330421644731 0.000123627022728017 0.00888198436170577
1 1 0.00172724619279751 0.0391204579059203 0.00131403016247339 0.0371912832488177
1 1 0.00108572637288697 0.0367311327681805 0.000211119674049463 0.0254716136453304
0 0 0.0013834774876541 0.0543626372682487 0.00146002193531683 0.0557031073606053
1 1 0.0014362035365789 0.0536661110935934 0.00134315446400589 0.0428176887096506
1 1 0.000378339673025705 0.0357646504490704 0.000303061710555909 0.0306113440290919
0 0 1.92014047672049e-05 0.0103008047957928 3.2621301077892e-05 0.0109997367274814
1 0 0.00169707313585174 0.0316688092788074 0.00113794492462553 0.0331230120457671
1 1 0.000907382464199319 0.0872818176757601 0.000834857326108505 0.0701650786458104
0 0 8.70213686358049e-05 0.03545103803417 0.000332102485468451 0.047431137468649
0 1 0.002308027392314 0.192055025282037 0.00258761201583583 0.173246953249816
0 1 0.000646164716520437 0.0308533905087239 0.000844285639483213 0.0272287131361226
1 1 0.000617111992101828 0.0430463724420375 0.000415477051542373 0.0335234977547269
0 1 0.00359732348027395 0.0696839623389775 0.00507918123450991 0.0675699865613906
1 0 0.00497813806759957 0.0821745289430272 0.0046778686268228 0.0951243743313432
1 0 0.00116179060651624 0.045050019187898 0.000667641569909223 0.046336721809165
1 1 5.67424437723378e-05 0.0201304002508247 5.41335132584422e-05 0.0160634252375361
1 1 0.0022687967860288 0.0458389327797118 0.00152903770398234 0.0449053875549173
0 0 0.000817276046674583 0.0180954766718922 0.000827428859636476 0.0194992252652822
1 0 0.00141678833849968 0.0125135787572746 0.00057494065682759 0.0147107104086799
1 1 0.00779095212261532 0.13389575894436 0.00578938723472832 0.132996815302017
0 1 0.0011757690142809 0.0447647195902902 0.00131205775329309 0.0438197548597526
0 1 0.000468857126096297 0.106873635634985 0.000801389641110847 0.104516143802468
0 1 0.000534896876587806 0.0356247047596997 0.000607047474966344 0.0339915737709518
0 0 0.00104147822291509 0.0314448616573541 0.00164192227843147 0.0319902717698392
1 1 0.00145065620806055 0.0383590730720855 0.00113196782743941 0.0363032263948932
0 1 0.00416085710935497 0.0997087269016692 0.00463722167710601 0.0883276520074815
1 1 0.00085435577937521 0.0507294556643496 0.000782073223901202 0.0474678106224616
0 1 0.000537047158887501 0.0458119899405286 0.000568890028500448 0.0339212293498929
1 1 0.00122428692070804 0.0216599988458291 0.00079087583373077 0.0207629135193618
0 0 0.000420914219676936 0.0385657874316428 0.000638344443711889 0.0421153476491279
1 1 0.000660003627472128 0.0416719443958681 0.000457313624284309 0.0403473294197301
1 1 0.000154506549813774 0.0369346188313289 9.72017774120135e-05 0.0266792477240885
1 1 0.000890238248001855 0.0207793655074901 0.00048449350922243 0.020637745155084
1 1 0.000121737135050964 0.0188720756770506 4.80302545582725e-05 0.0156865987518766
0 0 0.00119614293791298 0.0383142664208159 0.00145580970441619 0.0412921732642738
1 1 0.00133986946736412 0.0905207365842244 0.00133280291067146 0.0788204390167173
1 0 0.00114982807574137 0.0767761409040379 0.000535242120300589 0.0866683017131156
0 0 0.000417236415485429 0.0517761515901388 0.000689797042716169 0.0527055950689417
1 0 0.00457580367478302 0.0502506321219207 0.00307820663258053 0.0554575832825472
0 1 0.000147224990514614 0.0688854006566372 0.000210157243020079 0.0665227990680012
1 1 0.000233571256320809 0.0185952241459892 0.0001938746266697 0.0177439834743013
0 0 3.53317967408308e-05 0.00504022073464757 5.091766971088e-05 0.00678027666510876
0 0 0.000388946795598139 0.0190536189393843 0.000496078196341795 0.0221052924540452
1 0 0.00056029062385519 0.0200368782891169 0.00023067274981935 0.0249469475279699
1 0 0.000371114941446702 0.00870867753200149 8.79345711416466e-05 0.0114404639556706
1 0 0.00157353204749177 0.0893755027659913 0.00152915509646191 0.0975876871528409
0 0 0.000228085797533093 0.0631813910940794 0.00024918590184878 0.0704508559295339
1 0 0.000407565006189813 0.0186916808893125 0.000212533131779973 0.0265971680840941
1 1 0.000808294666621077 0.0367948869438957 0.000740299933461704 0.0310717686547633
0 1 0.000954410503019813 0.0140182815915974 0.00170394739086772 0.013820563320397
0 1 0.00320735667000831 0.0537081475510459 0.00361658707543953 0.0495823330916447
0 0 0.00191237641189781 0.0466896295756249 0.0026656657385033 0.0588696417408341
1 1 0.000548913733078399 0.130649526572144 0.000311724081196333 0.111558137313672
0 0 0.000691033508583045 0.0409614985428108 0.000853138527681836 0.0461319180304282
1 1 0.00102445030191267 0.0471379271118404 0.000780816907837879 0.0466532120614698
0 0 0.00239541880717034 0.0407250153254025 0.00341625900180994 0.0502032595967284
1 1 0.000430008820710134 0.0456252941810255 0.000396357327662963 0.0444474107628527
0 1 0.000297356570446134 0.0515574119154968 0.000472734299197339 0.0470952547512109
1 1 0.00139563970940828 0.014845179862461 0.00131350815736202 0.01304638897892
1 0 2.85366470524097e-05 0.0367193600331862 2.77664519656015e-05 0.0368718326243736
1 1 0.000715510001953623 0.0298293447816264 0.000401895646484721 0.01537426104974
1 1 0.00242167948125931 0.0795421874095775 0.00236904317720897 0.0630014966806662
1 1 9.7580462753487e-05 0.0131424211264498 6.28907588124244e-05 0.00897950550117111
1 0 0.00019979008447575 0.0129800894654602 0.000178468412018667 0.0212761853094728
0 0 0.000408182679137566 0.0261674640967023 0.000546116815002799 0.0289921624638707
1 0 0.00508883755186435 0.0400010716277664 0.00321384395725536 0.0458489957693839
1 0 0.000969147937610842 0.0705478019934272 0.000194827511693664 0.0821579732886434
1 1 0.000205211585014524 0.0614830624136439 0.000139388411008423 0.0501710194325612
1 0 0.000574493688976808 0.0377571383909986 0.000469347639920994 0.0430015732413325
1 0 0.000828307301810407 0.0224452559769572 0.000764693760847483 0.0308650728580195
1 1 0.000538903181500705 0.0267424459842168 0.000360931347276393 0.0266395649231416
0 1 0.000530630281761412 0.0249429302154482 0.00055207218780795 0.0235558351133617
1 0 0.00024009383835588 0.0113697799298205 0.000116696196636457 0.0316838384674012
1 0 0.000299046394754521 0.0131348927662711 0.000245689723203919 0.0154333074620579
1 0 0.000234482704299049 0.0116231744775745 0.000122522080717715 0.012579141840327
0 0 0.000382107966405909 0.0132878896901472 0.000444563698413309 0.0141608417841578
0 1 0.00114949263554197 0.0948899372003599 0.00132647826152657 0.0766443276833658
1 1 0.00104923985991144 0.0179742892827916 0.000883444538169517 0.01608185521227
1 0 0.000247340437869362 0.0219473313214909 0.000168866331367997 0.0235630715874121
0 0 0.00034935627422812 0.0217003821489017 0.000589012782509879 0.0241500379039252
0 1 0.000403611762780891 0.0441174301780913 0.000991346633977181 0.0356288023688354
1 1 0.000411023230455401 0.0416503477056598 0.000358048090160976 0.0323167027372536
0 0 0.000245591566599244 0.0434958204553712 0.000318177179441065 0.0577196754946677
1 0 0.00217749946522039 0.0562900353853587 0.0018769044003256 0.0655937633451433
1 0 0.000165726589751721 0.0222815575969452 0.000133191396268359 0.0240554714037026
1 0 0.00077532595003902 0.0438941754988929 0.000665328335621642 0.0459806139059846
0 1 0.000414107375219302 0.0292672740878047 0.000724776868745855 0.0196170045183233
0 1 0.000748196113067216 0.032666682047559 0.00085312583752151 0.0319321453718864
0 1 0.000309404417076619 0.0524192555335421 0.000331591775663355 0.041368160282749
1 1 0.000297187848437627 0.0417577682697927 0.000162028268484411 0.0337849149589255
1 1 0.000412590989870728 0.0249421589574772 0.00034287447634742 0.0246260625826817
0 0 0.000162625310767335 0.0520819944036117 0.000831270520613596 0.0522736716577305
1 0 0.00141063259662428 0.043129854167445 0.00123176319246622 0.0487921892364556
0 0 0.000451455239542009 0.0135081108042488 0.000487735745638856 0.0137278916880898
1 0 0.000415285477672294 0.0379473105068954 0.000337594698198654 0.0396406760003412
0 1 0.000134812243376879 0.00986386263995914 0.000201700548435593 0.00904415790898179
0 1 0.00119028663369158 0.0383852572614664 0.00122818411801589 0.036743557001607
1 1 0.000615432636572171 0.0430108390406728 0.000562117951260344 0.0428295483472387
1 1 0.0034772419253138 0.0557417767278979 0.00308446632947106 0.0550042652819431
1 1 8.85704738470416e-05 0.0224025212233624 2.28889106958051e-05 0.0205151954319013
1 1 0.000388501013063884 0.0243397135594354 0.000180276618945705 0.0198372688798744
0 1 0.000112506882105678 0.0301860408985749 0.000160500400657784 0.0272939174871984
1 0 0.000581246650608607 0.0207641138899428 0.000518646350087062 0.0230317527772344
0 1 0.000414732335586417 0.0363097895137339 0.000567659040809082 0.0320518778239177
0 1 0.00160790081622936 0.109321383536801 0.00165227643751681 0.0895805176827027
1 0 0.000209703013550288 0.0398268806087113 8.90320598402288e-05 0.0520202299600947
1 1 0.000214391505157719 0.0150639869564531 0.000156558205449739 0.0108671465795594
1 0 0.00215500620316267 0.0592897121446899 0.00181680567135636 0.0593093263710298
1 1 0.00156208208699998 0.0310879277139664 0.00132683103070464 0.0287183976269931
0 0 0.00241518255154364 0.0330252563993291 0.00292134492977929 0.0398237697675636
0 1 0.000226953740083676 0.0680088784852334 0.000301157253471773 0.0644530032010745
1 0 0.000399105852932293 0.0107101947580643 0.000109458095332949 0.0124223105340728
0 0 0.00204327663695776 0.0459433098827025 0.00238179162255146 0.0583964525660115
0 1 0.00101366772243443 0.0701979467719297 0.00178862665582979 0.0636157801421838
1 1 0.000914093433753851 0.0888082465625524 0.000695560750288052 0.0481640872232513
1 1 0.00121046039606598 0.0593328834093539 0.00108422978525425 0.0578852131588694
1 1 0.00103168639170705 0.0418941267835224 0.000507741650006915 0.0359202546869363
1 1 0.000183018638870807 0.0275474935438961 8.78872288702422e-05 0.0209228335533394
0 0 0.000358139339968062 0.024801672707054 0.000496019630835353 0.0297886211588816
0 1 0.000210562319537514 0.0199257089554244 0.00047691316093316 0.0101387847979173
1 0 0.00206421779385587 0.026540032239986 0.00203695783796095 0.0300015159672435
1 0 0.000669457333900242 0.0348746725916689 0.00061070104190639 0.0374840693683535
1 0 0.000377318465616581 0.0126691068923245 0.000353227020056931 0.0149927850600942
1 1 0.00108352028574285 0.0174269993652527 0.000962179584843598 0.0174132985807286
1 1 0.0011124842234697 0.0431833475198045 0.00102237995057287 0.0426063154432846
0 0 0.00098473869661148 0.0501185279869015 0.00107306309973474 0.0521162006908508
0 1 4.59784022413081e-05 0.0168388987285071 0.000158441014530036 0.0138375173897834
0 1 0.000234575334824852 0.0235679173281314 0.000820428950543432 0.0196424897363334
1 0 0.00188710420007511 0.0377916423630925 0.0013967958928069 0.0393278109264517
1 1 0.00250675061133518 0.0512204200680084 0.00137320477013833 0.0496464514031566
0 1 0.000443317660229666 0.0575057745412857 0.000645939500112451 0.0465630293300072
0 1 0.000432929220925345 0.016176918739784 0.000518615012861788 0.0144017129583008
1 1 0.00207806931912959 0.0578143457387609 0.00201057486434077 0.0540183806257999
0 1 0.000163217724523659 0.0519305270572413 0.000278223632431478 0.0418193643919247
0 0 0.00280935255538874 0.06103505661488 0.0030284221524972 0.0737642652356687
1 1 0.000873786520210166 0.0276060002082661 0.000557318349425042 0.0234828070705513
0 1 0.000336099178356547 0.0172181834340611 0.000354102883662757 0.0171783250105766
1 0 0.000866761120698455 0.0191822235121882 0.00044223402956314 0.0231833612259064
0 1 0.00135629722788231 0.0326157291733667 0.00148442974553213 0.0322738355403448
1 1 0.000972152034279058 0.0235449511252433 0.000568470850708852 0.0233372927386282
1 0 0.00069080216555783 0.0141714808964623 0.00024978758988501 0.0146586630520513
1 1 0.000392219193681075 0.0616219101813412 0.000330927286226955 0.0504461103330339
1 0 0.000210792123445799 0.00926037339305521 0.000121228444232357 0.0140792417883725
1 0 0.000220743275606105 0.0211160627234217 7.87950138276308e-05 0.0255421729411497
1 1 0.00010297673105712 0.0191872795932809 9.31526040596144e-05 0.0146550896339566
1 0 0.00169289506444747 0.0256420063079561 0.00130211239151606 0.0260449651880577
0 1 0.00016985537940161 0.0172262045380177 0.000286129373887825 0.0151466621791657
1 1 7.00358536808355e-05 0.0110649683190965 5.80127045494105e-06 0.0103113977893043
0 1 3.73833296895902e-05 0.0412434389280994 4.89970183946946e-05 0.0330505439593121
1 0 0.000469951731086297 0.0154536538121031 0.000407418248936628 0.0172404679112842
0 1 0.000292523321658395 0.0742100497843172 0.000385986823236245 0.0671557389909491
1 1 0.000439138176733345 0.00928651168780178 0.000287967407935273 0.00906806059334459
0 1 0.00100222998555503 0.069682926311343 0.00112888086956531 0.057567529963993
1 1 0.000667914003736474 0.0404866195803267 0.000466123363389429 0.0316285833306267
1 1 0.00324041703190251 0.257333417909296 0.0024706863369483 0.25697890819353
0 1 0.000117538008212715 0.0119605250067327 0.000631312333246676 0.00923565389081995
0 0 0.000181654137765849 0.0174100448361266 0.000214794017330149 0.0193001827381559
1 0 0.000791432374607308 0.0317493402861532 0.000667718116169158 0.0336083222699721
0 1 2.37442605134105e-05 0.0125571090159449 2.67100357326851e-05 0.0105874879813563
1 1 0.000521348990485428 0.0487091214345784 0.000436759371862206 0.0453831578479716
1 0 0.000679157886716258 0.022455169274166 0.000372453583977634 0.0325347082022158
0 1 3.71705509722904e-06 0.0354210419624624 0.000135177400915014 0.0216441601219031
0 1 0.000364302631763379 0.012693784674651 0.000478692076562703 0.0123915401061258
1 0 0.000176016897355106 0.00852839379695116 0.000138314265525485 0.0102230869564709
0 0 0.000286746350823121 0.00301583141319155 0.000460306734410061 0.00395230688700205
1 1 0.000470934344648921 0.0189439581428321 0.000341868477918771 0.0185825439847516
0 0 0.000114702693047765 0.0103221004590706 0.000557780769922939 0.0110459120587952
1 1 0.000310776827819985 0.0108345084291953 0.000210631971249299 0.00834745383539299
0 0 5.78409894032497e-06 0.0218087673650257 2.31930704121974e-05 0.0241463204792691
0 1 0.000519858915135957 0.0471511162946732 0.000562939346535552 0.0458939669071236
0 1 0.00159324915230651 0.038720932172857 0.00173329908723093 0.0380824475163654
0 1 0.00755091680350823 0.131491886244936 0.00956794569409249 0.0974727141698991
0 0 0.00232164773912424 0.0909231315567074 0.00293616653717301 0.0921371521474263
1 1 0.000513491177197357 0.0545236476060424 0.000247351885576467 0.0413770078277781
1 0 0.00129200847052995 0.0238127532818267 0.000637449212942258 0.025329443518079
1 1 0.000179227673932132 0.0166172805127771 0.000151392730024354 0.0158732985998021
1 1 0.000839266821009216 0.0222805887850983 0.000645553257989306 0.0211829428995589
1 1 0.000359349188765515 0.0195696184559317 0.000142812315276373 0.0159415918482017
1 1 0.00101294273010597 0.0317033690814476 0.000958364625455156 0.030826784724773
1 0 0.00105103390430113 0.0552705575258527 0.000653157321752527 0.0564537445033579
0 0 0.000110871438731824 0.0780804707820692 0.00018881854395765 0.0836199027737017
1 1 0.000311517245986732 0.014005830709288 0.000187843473399775 0.00972607615661105
1 1 0.000340909062630456 0.0178083991273941 0.000219509733778577 0.0141514969281836
0 0 0.000866040911353187 0.00860947570009105 0.00098694927867226 0.0115510238805876
1 1 0.00047069427687967 0.016605633834129 0.000283073740409282 0.0145766348140442
1 1 0.000241883163471429 0.0308329460514975 0.000130676960588268 0.0188567994158725
1 1 0.00261269117627896 0.0859618883115547 0.00237148291041226 0.0533987750347001
1 1 0.000773701687601094 0.01016529405343 0.000213997461231343 0.00965172368812594
1 1 0.00151145751544395 0.0387616450648324 0.000734088873928157 0.0303885715734396
1 0 0.000434900265946696 0.0424895959595841 0.000407340752581773 0.0432013380978198
0 0 0.000321732388906804 0.0393000555094974 0.000545119232364648 0.0472416981615896
0 1 0.000735148350076315 0.030037650839449 0.000791655739785446 0.0288436009048274
1 1 0.000383888348191502 0.0505936345972084 0.0003761677482971 0.0373305734198861
0 0 9.73160882090204e-05 0.0327244689352619 0.000121424747575594 0.0338998960373604
1 0 0.000372779859621448 0.0281915953468757 0.00022651146990097 0.0298432981210044
1 1 7.33788749436517e-05 0.0577565696220378 6.93795015688281e-05 0.0235789209421061
0 1 0.000139915312187596 0.0141086124546372 0.000212706799909091 0.0131040226685033
0 0 0.00168205574216974 0.107418989136601 0.00219044427936213 0.124572111334001
0 0 0.000178837175397933 0.0715073625632535 0.000228186964091238 0.0775029411557698
1 1 0.000179784161842401 0.0275660453047174 0.000149295384304935 0.0223494962391762
1 0 0.000918377028222757 0.046624795466721 0.000810291276428321 0.0483025004112866
1 1 0.00110803922492921 0.0761565391470291 0.000850172130020557 0.0723207964938447
1 1 0.000682885869142078 0.0197917651804652 0.000623095096370147 0.0193484127244255
1 1 0.000807316746470011 0.0445822526380531 0.00055119248789441 0.0412706735509622
0 1 0.000102408171848873 0.0144182829854848 0.00013148582908197 0.0140174110294014
1 1 0.000789159391474417 0.0524566771249341 0.000694841303246525 0.0445906616494846
0 1 0.00101793780486011 0.0358970373459454 0.00168374225565118 0.0350289714734158
0 1 4.26518167119373e-05 0.0151717363594633 0.000197666088946456 0.0151293782623688
1 1 3.66152685610658e-05 0.0377617130846588 1.26981655535332e-05 0.035945264341026
0 1 0.000455472920758847 0.031385227457878 0.000515936001000882 0.0296904549114089
0 1 0.000379912073448218 0.0106918575542018 0.000410055267958733 0.0106463904135831
1 0 0.000332497403699251 0.0178421441598195 0.000265205567825797 0.0211393157591132
1 0 0.000329936181900955 0.013894815651943 0.00030890496211871 0.0154218659770094
0 0 0.000720940199294726 0.0283949323718392 0.000738014346142068 0.029942209411265
1 0 0.00154467882042179 0.0473414074385677 0.0004198057402633 0.0506100220098844
1 0 0.000484201869416705 0.0140071440884992 0.000457112308898257 0.0150192568851654
1 1 0.00158675678141705 0.0451100582668289 0.00122151972412209 0.0389890925536936
1 0 0.000962577243148797 0.174163472576625 0.000919907667117133 0.190378102677294
1 1 0.00136229327763686 0.0364687362030238 0.000788645023485833 0.0312778686813074
1 0 0.00148432321070873 0.0336140139418891 0.00129633045076543 0.0411661633992117
1 0 0.000827837002274479 0.0148359015293296 0.000632873741104022 0.0159751704524177
1 1 0.000892488110291376 0.0357463816866014 0.000762005207186594 0.0348341481110703
0 1 0.0011093506008609 0.0408557027029187 0.00120032141537012 0.0335417161423917
1 0 0.000946926795621078 0.0370328143763522 0.000292520819123772 0.0399251419980473
0 1 0.000670299806689997 0.0607279361525956 0.000855415544837073 0.0463015401799192
1 1 0.000566461001487635 0.0446556729913018 0.000518926470323791 0.0385574981392385
1 1 0.000170952892089485 0.0333739655141383 0.000163231976934681 0.0326468236265884
0 0 0.000185477181558696 0.00759608700160064 0.000441728372040729 0.00878992164964943
0 0 0.000706797288690749 0.0444271306827081 0.000840128864435182 0.0456010321954516
1 0 0.00141829916648229 0.0507265752220232 0.00134170548168721 0.0551677864439762
0 0 0.000136830349158687 0.0464527584203602 0.000256435470833416 0.0471799619837928
1 0 0.000363982079027978 0.0134449334689467 0.000251648351957899 0.0146971750982476
0 1 0.00132911879201648 0.0389289438909418 0.00140079201317176 0.0265197402713423
1 1 0.00190947662818255 0.0275485475825665 0.00152988529257346 0.0200456702303223
0 0 0.000421805200952963 0.0200985135626419 0.000906529558055777 0.0213212623235104
1 0 9.42741436326138e-05 0.00864291477348095 8.78491770175179e-05 0.00904766850901186
1 1 0.000509709984755008 0.0254589991542359 0.000120552599105601 0.016313855903621
0 1 0.00155176348089582 0.0354697271839764 0.0018625200151709 0.0344177831801245
1 1 0.000261291931563935 0.0171406685765937 0.000154203656903723 0.0148283350815383
0 0 0.000817266740493576 0.0264788024336269 0.00109253476106824 0.0338777678202807
0 1 0.000391534552712876 0.0305903239482774 0.000613458190289568 0.0287045266799918
0 0 0.00132621987687987 0.0748269892911804 0.00175481082748259 0.0775205056052075
1 0 0.000110688714554435 0.0090322915179722 4.30800294716188e-05 0.00914185884816297
0 0 0.000243906443888244 0.0542432142127472 0.000598342951793 0.0605391783134951
1 0 0.000437195477493527 0.00653308434755199 2.1075320352473e-05 0.00780176793846003
1 1 0.000635782837891739 0.0310732035965918 0.000483371286275027 0.029050421859536
1 1 0.00111931346313954 0.0192607366773736 0.00102973916881965 0.0191442073119464
0 1 9.90483748312271e-05 0.0172020785674964 0.000215277585511304 0.0128490932859904
1 1 0.000502526076171578 0.0345132449487363 0.00046920729836895 0.0343501893672805
0 0 0.0011054037929624 0.0556452020409092 0.00118079997826014 0.0610923719031537
1 1 0.0014900267429292 0.0677305936212351 0.000873572478063823 0.0540993191720979
0 1 0.00065743546941312 0.0325985043945605 0.00105233615594421 0.0325135974692035
1 0 1.0836034408864e-05 0.0328471991719011 1.61731338831949e-06 0.0389662313636695
0 0 0.0009616484903369 0.0314812442367586 0.000997868098539927 0.0341106666672889
0 1 0.000287726383238554 0.0219456450887953 0.000289385975308386 0.0183045303153699
1 1 0.000108568392058964 0.0257743244821723 5.90303076323355e-05 0.0228223948467436
0 0 0.00180340076985261 0.0453921971678206 0.00253129440068895 0.0465748624929887
0 1 0.000238393723488514 0.031302107707666 0.000790168383628736 0.0203798655040045
0 0 0.0011607654439579 0.0433744948911082 0.00133650694686735 0.0459854122456232
1 0 0.000936924447006857 0.0345407028815782 0.000719568417956768 0.0346691620515168
1 1 0.000346492098480383 0.0209959041976157 0.00021783490606069 0.0168492796637007
1 1 0.000479442386328637 0.0211049593226439 0.000310318866612062 0.0148009374104387
0 0 0.00173545601264469 0.042462037957289 0.00183186974978431 0.0528652137619069
1 1 0.000464731329550526 0.0307302099145752 0.000330828167205103 0.0264555223712073
0 1 0.00167347166261875 0.0942074412903894 0.00182239312904379 0.0885746083525294
1 0 0.000705217727134061 0.0369241166214348 0.000601691797811453 0.0422557571486486
1 1 0.000639972684551437 0.0141881155864441 0.000218614629843932 0.0133544291871966
1 0 0.000236916812332171 0.0267339076921829 6.68028376095981e-05 0.0282299430096311
0 1 7.9944854074038e-05 0.0364873187315265 0.000104659359624653 0.035193979720108
1 0 0.000536585319937311 0.014566272140317 0.000482828911296103 0.0162900938653777
1 0 0.000374215302889897 0.0148915515558021 0.0003248609918409 0.015841915802413
0 0 0.0010107162704237 0.0264768182252196 0.00115638625628737 0.0265051760195767
0 1 0.00168351124218282 0.073171776492052 0.00192731152628496 0.069807993109545
1 0 0.000710624289233514 0.023290202515943 0.00031733744507916 0.025265815400435
1 1 0.000699153896269559 0.0119374957900941 0.000493605209347182 0.0118960858213045
1 0 0.0014416173855142 0.0375319898395259 0.00136224974831378 0.0387038847949018
0 0 0.00122816318942029 0.0374853120458441 0.00146890533963073 0.0387051397672683
0 1 5.52742632037435e-05 0.0193450481113369 0.000157131399982007 0.0153660028085696
0 0 0.0025459138971137 0.111144332593582 0.00303032911275832 0.116761807678791
1 1 0.000983638847126118 0.0303133119983299 0.000467347879651991 0.0196187922223052
1 0 0.000567448158528457 0.0256618654163243 0.000480713276423584 0.0305830400513853
1 0 0.000685108353295487 0.0374289017431654 0.000522109772859599 0.0376406220691025
1 1 0.0019763698623986 0.0844596964006993 0.00171724865193048 0.0787478258122876
0 0 0.000909789890849345 0.031389940792174 0.000973853515186736 0.032726044186404
0 1 0.00427840841560356 0.0759468919406079 0.00541094385417772 0.0672335709513502
0 1 0.00105895470432283 0.0997397126662943 0.00142620530276239 0.0971902985026585
0 1 0.000669228506915032 0.0769259789869226 0.000747213742743984 0.0757006779638102
1 1 0.000363812259895484 0.0419033802268336 0.000121545911451733 0.0149622441241161
0 1 0.000215602425028038 0.0516322861183145 0.000261810330753405 0.0394274152497652
1 1 0.00215114327538946 0.031525969049638 0.000573103932655526 0.0231074581769141
0 1 0.000168125209899389 0.0211999968010434 0.00017234921329298 0.019531026342661
1 0 0.000303937186998979 0.0535465971036242 9.26221342035072e-05 0.0550514796991382
0 1 0.00117041325016993 0.0397883515927701 0.00155845405546327 0.0382416232072158
0 0 0.000331791435882408 0.0107560531929525 0.0003838606333403 0.0129894807028811
1 0 0.000250561588492536 0.0399903658109474 0.000224323762932908 0.0407394603189076
0 0 2.23383673247432e-06 0.0127764701401781 1.46528846021053e-05 0.0177625068064504
1 1 0.000264867541840265 0.0365031777829685 0.000244987833637498 0.0314847365492199
1 0 0.00128369857690159 0.0306237445341146 0.000814423646617972 0.0409082691104804
1 0 9.50007277045816e-05 0.0154044556830783 7.36618460258219e-05 0.0168743455341802
1 0 0.00150840251777061 0.0570781427805885 0.00144876144243606 0.0774732582565508
1 0 0.000111827797903653 0.0143055116866523 9.30558918388816e-05 0.0143646321872323
0 1 0.000318357621339386 0.0273519591468495 0.000407348036907428 0.0266982571179263
0 0 0.000584682337522908 0.0438127108063837 0.000938559798704407 0.0463809389015892
1 1 0.00163829626144312 0.0921028089158098 0.00117104529581846 0.0740779923013901
0 0 0.000465850837970537 0.0146480921926959 0.000589956231087206 0.0171293269379329
1 1 0.000782888593399327 0.0126627186292294 0.000392201341241766 0.0114747852230354
0 1 0.00308875469000013 0.0608440157721619 0.0038369682109644 0.0587518009073855
0 1 9.56826466934454e-05 0.0252757251667671 0.000192042133475788 0.0187486551654936
1 1 0.000534429366109629 0.0191464155069322 0.000463962022589797 0.0182676486684477
1 0 0.000281227024920879 0.0398095431033433 0.000164110138595464 0.0407042752741559
1 0 0.00119396795387504 0.0194684584490828 0.000882016818784844 0.0236610052239866
0 1 0.000608710024919969 0.0667917637338129 0.000855842907910996 0.0627941018712821
1 1 0.00153789430516165 0.0461690428529523 0.00144119224718998 0.045698342475435
1 0 0.000119431546402161 0.0213420304610728 9.45071843590042e-05 0.0272941192003999
0 0 0.000844820811816848 0.0501597025452426 0.00150032651842929 0.0506563446637079
1 1 0.00270344721942383 0.0798499609879748 0.00213808695728356 0.0794210187037374
1 0 0.00144041740869734 0.0387052302384229 0.000968482485852212 0.0399115168502499
1 0 0.000210998377934472 0.0184391402438899 0.000173508042864538 0.0185909074351345
1 0 0.00112748501092158 0.0652837786721639 0.000810619046804568 0.0681070453699894
1 0 0.00158677828209708 0.0655521615478613 0.00140284000622228 0.076530231460588
1 0 0.000901265565129548 0.0193391068185578 0.000647985604515685 0.022216224234901
0 1 6.22720602402774e-05 0.0152037956620716 0.000115485773068458 0.0135132950063103
1 1 0.000846251606825408 0.0552348418563744 0.000711870951349197 0.0536906833260837
0 0 0.000373942419334062 0.00890025599036946 0.000552224255039058 0.0274118181414244
1 0 0.00396078075069413 0.044343762238633 0.00381990387699866 0.0471726827623844
0 1 0.00155027485167758 0.0293439168357193 0.00181868530546209 0.0218951373010618
1 1 0.000496618170877357 0.0748763612752696 0.000416284634374058 0.0715049694513067
0 1 0.0023244057682793 0.0357363341886112 0.00254897609371296 0.030460741568411
1 0 0.000200333775472951 0.0235108030985205 0.000182282270720297 0.0245223020935702
1 0 0.000310549499930787 0.0168973244599409 0.00027308539136282 0.0183952300876339
0 0 9.36652383680098e-05 0.0493080697442896 0.000296237988237188 0.056484718956544
0 1 9.89249718116698e-05 0.0521831510276913 0.000185643565493067 0.05204157305692
0 0 0.00278317700598892 0.0405183508193837 0.00339095118045418 0.0405462184147888
0 0 0.00164106352307006 0.0624579758298812 0.00213293340403963 0.0645646522562032
0 1 0.00014452252177914 0.0246838086559099 0.000204979301980176 0.0238674477596832
0 0 0.000939357631837065 0.0707009142180967 0.0009433344167532 0.0708159330595996
0 1 0.000256616611959789 0.0548438451372504 0.000307502317622406 0.0501357979562113
1 0 0.00157236413662678 0.0226247316120759 0.00142464674840213 0.0234505105352021
0 0 0.000204081898244287 0.032792700399328 0.000223806855534258 0.0331869183428294
1 0 0.000709725560125912 0.0256008743352233 0.000435727737186007 0.025900630763076
1 0 0.000498310511059565 0.0231507419022244 0.000355503572284768 0.0246488548257327
1 1 0.0015073903529904 0.0315392969450381 0.00071383245081962 0.030358747526849
1 1 0.000323122109195779 0.0773456140321343 0.000193919536936977 0.0741160383237656
1 0 0.00133282752570988 0.0425297112340131 0.00120667898599024 0.0467290341239769
1 0 0.000421296391068145 0.0242687769927797 0.000238281669322245 0.0286039306031843
1 1 0.000935490708097241 0.0374637944733645 0.000583766150202184 0.0368182554615621
1 1 0.000173562968476059 0.0399552316845451 0.000160688989827345 0.0378780098572748
1 1 0.00113497393498127 0.0352989904296276 0.00103766681486269 0.0333027509051261
0 1 0.00145632969127863 0.0655948514998662 0.00162582209161327 0.0595017764465351
0 1 6.14624818141522e-05 0.0376225933637808 0.000133196345801109 0.034404364847116
0 0 0.000330973603190023 0.0500095182281253 0.000815854489768162 0.0539543027945154
1 1 0.000835360952303615 0.0554781485101181 0.00081643054877406 0.0536510686529747
0 0 0.000719945548065074 0.0581527106895455 0.00072426785182243 0.0729912678998589
1 0 0.00058782522676834 0.0225559400412855 0.000407289743670431 0.0313805254970976
0 0 4.77860687508099e-05 0.0218150719587111 0.000103249815575443 0.0223525924085884
0 1 0.00155638631278409 0.0622627872232928 0.00169209769788772 0.0609776584439884
1 0 0.000159476775437316 0.00730805802818297 8.75484564264436e-05 0.00805146860335918
1 1 0.000579294526677123 0.0337697617785097 0.000361365638428335 0.033663974567374
1 0 0.000403560235739074 0.052338308970903 0.000316112041522273 0.0605992799345837
0 1 0.00052179629405814 0.0381232139445085 0.000764483743909952 0.0353899640756694
1 1 0.00015379737463412 0.0321757688701018 2.88425826815969e-05 0.0267428154368967
1 1 0.000462365952608584 0.0749262170275636 0.000353849365224664 0.0653029777614577
1 0 0.00061602693397342 0.0219420964800502 0.000337604526785687 0.0294683586629641
1 1 0.000290069649791794 0.0331567949385563 0.000113629920096796 0.0308893176651166
0 0 0.000619185164012255 0.0305928308470162 0.000702258110371614 0.0336856890085172
0 0 0.000626051918885948 0.0334920966837352 0.000898083750511993 0.0388240777376748
1 1 0.00010615433145707 0.0247394601160881 4.17566757620394e-05 0.0143703839568509
0 1 0.000739770854376294 0.0230666682501563 0.000895157945196686 0.0215336916550706
0 1 3.45547695146883e-05 0.00988908330125675 4.91553876271241e-05 0.00864310355365942
1 0 0.000403277811979286 0.0383786538216558 0.000399089369864045 0.039930553347302
0 0 0.0002928364834169 0.0299061274448834 0.000307375648469269 0.0307987371479238
1 1 0.0014774813027794 0.0249029161561428 0.000965045027897287 0.0204599061316772
0 1 0.000374151340728598 0.0594950746704347 0.000428132437455836 0.0568056005968872
1 1 0.000839122137626184 0.0361218484108917 0.000530674306357743 0.0275240995498929
1 1 0.000139930261212395 0.0196354310586703 0.000136282822126155 0.0125593056868797
1 1 0.000457997647984038 0.0826935298830915 0.000349903924242761 0.069889950664364
0 0 0.000360070735465015 0.038574328858061 0.000404131122984215 0.0418656445406365
1 1 0.000549980446019368 0.0403068422377695 0.000488774238405413 0.0316077055253446
0 0 0.000884673638414778 0.0574389860959015 0.00111648676747231 0.0577478151800767
0 0 0.000445357972855575 0.0082812455712087 0.000986183667272838 0.0108541557091607
0 1 0.00145766171905411 0.0475877517296767 0.00230303028909902 0.040393913704555
0 1 0.000954467377368378 0.0656302356295476 0.00101632289091701 0.0630883448245345
0 0 0.000672478140275983 0.0462547910836813 0.000878740326193641 0.0488818526895912
0 0 6.58028854099078e-05 0.0252777636496872 6.90105024544217e-05 0.0296439425874674
1 0 0.0001718087813745 0.0246358017865556 8.12593930469968e-05 0.0269488549614422
1 0 0.000482322422179455 0.0138411666565917 0.000298710947963922 0.0141481339754517
1 1 0.000617151260914155 0.02158748775939 8.86926075716601e-05 0.0182763901761595
1 0 0.00111297156036109 0.0353816061030248 0.000519605978641939 0.0354719564475258
0 0 0.000147330289919653 0.0332817379205685 0.000335579227693305 0.0335826468937426
1 1 0.00027313016770039 0.0263690860321538 0.000210165093542308 0.0155366848996603
0 1 0.000711481635462391 0.0534591025275446 0.00082197880040192 0.050037504347772
0 0 0.00052172404530497 0.0552592631943037 0.000822430616915745 0.0683483759717986
0 1 0.00214957879919692 0.0934298936303628 0.00226474311692748 0.0903110063817408
0 1 0.000965851405341397 0.0772240667109246 0.00106715933520006 0.0745976325002848
0 1 8.4759247613813e-05 0.00865846388513306 0.000114777113555932 0.00757560563757529
1 1 0.000745194682337392 0.0523754743920225 0.000497505260081323 0.0424534371957129
0 1 0.00117292961372455 0.0736550350189312 0.00123789834818772 0.0679837256570457
1 1 0.00220883758189184 0.0587911140204577 0.00156377585056992 0.0546569368159531
0 0 0.0011957151826937 0.0336269586913382 0.00159036292042381 0.0400975087933594
0 1 0.00140973112879776 0.0653732643924066 0.00147298514840282 0.0634105658264547
0 1 0.000584151040956717 0.0203987036235275 0.00088465811919076 0.0180088132792841
1 1 0.000192439810814829 0.0430221912029514 0.000135829278992498 0.0411994029947377
0 0 0.000802959905953213 0.0263154884995358 0.00108032937550421 0.0305774476160687
1 1 0.00450868746907757 0.0544363511071775 0.00270553194907144 0.0500165351018483
0 0 0.00169789180100535 0.0378972832271305 0.00226531372306298 0.040419486767634
1 1 0.000384799902960033 0.0402491322890364 0.000254426500191035 0.034764512998116
1 1 0.00265833362429802 0.0440656997833319 0.00190431176697752 0.0431508775242061
1 1 0.000608895319381928 0.0416731957062861 5.73181551116466e-05 0.0316792370924035
1 1 0.00100789289969647 0.0329002729965304 0.000716235624608358 0.0315559211858038
0 1 0.000239755001156902 0.0363939871935696 0.000381383846699984 0.0346284622692735
1 1 0.00228250855607241 0.0392452127123933 0.000995996145548962 0.0231562728831844
1 1 0.000504566186775383 0.0283231713036665 0.000339821609489584 0.0178959002286698
1 0 0.000309233970009075 0.0131931777934845 0.000194802795912544 0.0137330204634782
1 0 0.000929314723392637 0.0170840308252192 0.000590606246210735 0.0178087919433074
0 1 0.000379816715241164 0.0520551865089211 0.000382472357668751 0.0483278456475407
1 1 0.000737421379101017 0.0340695452034418 0.000612683734862112 0.0312644766429084
1 1 0.000667116009279364 0.018842065683538 0.000442685247520177 0.0149246052336436
0 0 0.00113542031836592 0.0350814603964567 0.00119538000798145 0.0357932592969841
1 0 0.000135812643804459 0.0481868648626162 0.000116495767769039 0.0508852063841965
1 1 0.00034796682284455 0.0294847309710699 0.000232890070810416 0.024378029019745
0 1 0.000123280527279321 0.027682847031834 0.00020323535297473 0.0271673205528146
1 1 0.00140230566532057 0.113539226223489 0.00116781502659299 0.109194881027327
1 1 0.00109191606608217 0.038294112191138 0.000943849883943254 0.0330928570950412
0 0 0.000112343153840817 0.0420804675279397 0.000159750404422519 0.0432918059286186
1 1 0.00521575546429391 0.0568965482795262 0.00378780681350849 0.0560335501098807
0 0 0.000597829467777416 0.0146062072181704 0.000703518045274805 0.0167263517620288
0 0 0.000846992411331939 0.0202844299065323 0.00100387095049116 0.0203795746742787
0 0 0.000428847189221169 0.0355855184102875 0.000582727324329768 0.0404435604538549
1 0 0.000736911009564031 0.0189545587795035 0.000543218089853942 0.0193244571335353
1 1 0.00147883983426956 0.044318959761557 0.00114471183394704 0.0359921903133893
0 1 0.000469210523514768 0.0539278838081253 0.000601795012954911 0.0528872405817961
1 0 0.000186729274458881 0.00851885981726975 0.00013433255714088 0.00997231443063852
1 1 0.000467554756681653 0.0504833217028608 0.000233833353615542 0.0386738973479935
0 1 0.00161453948938824 0.0513385636496663 0.00180022646692976 0.0459533352773746
1 1 0.000715500629652195 0.0305956291447427 0.000416251300197129 0.0277122943676191
1 1 0.000182193613187615 0.0166309429769585 0.000164631169112556 0.0164403098413371
0 0 0.000130375213612234 0.0247972219889986 0.000145857397127464 0.0251496278157664
0 1 0.00212818591255376 0.0535568264016995 0.00212849801984469 0.052533239386693
1 1 0.0015343703062813 0.050923388136488 0.00152589159912186 0.0321527044336291
1 0 0.000374907460528791 0.0189568743943219 0.000328647449804952 0.0213362741964346
1 0 0.00382305564867719 0.038664674487339 0.00377040366954888 0.0437960189821004
1 0 0.00102639839615568 0.0182105357414674 0.000590034197868065 0.0192313780591402
1 0 0.000424954310405944 0.0186278033976437 0.000321431796944437 0.0205751011669272
1 1 0.00555749359711169 0.074118332350659 0.00512739068943401 0.0648776027147485
1 0 0.000269755743366811 0.0228731536772494 0.000241950130063254 0.0256813183613602
0 1 0.000264069211493743 0.0557369111296738 0.000326948095125132 0.0480948050390314
1 1 0.000109924419540259 0.00308618244558959 4.30915605516882e-05 0.00268847923303765
1 1 0.0012817142674635 0.0284743728436523 0.000951310831950049 0.0246260785986045
1 1 0.00184808126913052 0.0456677783568093 0.00151770774330368 0.0443192374938404
0 1 0.000380399688350974 0.0222198045255065 0.00052724502698545 0.0221395344580738
1 1 0.000815914715817746 0.0232340383323005 0.000802486789567823 0.0212927557461544
1 1 0.000768401745451786 0.0973648139873781 0.000645894766455686 0.0943528755861428
0 1 0.00146642265867802 0.0574361148580064 0.0015425277419683 0.0420954262066339
1 0 0.00197673741890553 0.0630560960344694 0.000706020717376578 0.0682961431086554
1 1 0.000558041089384657 0.0132909382718846 0.000211815678590076 0.0125047811895331
1 0 0.00478556057741666 0.0895938189791146 0.00424498416197681 0.0918484756566641
1 1 0.00196185961148485 0.0204119726101548 0.00107812987630647 0.0196657977424162
0 1 0.000642204391048751 0.0620630511948846 0.000742258070648646 0.048561081082074
0 0 0.00326673695171606 0.0971312206817326 0.00493987257435806 0.0997863117409023
0 0 0.000107828462731189 0.0198606157647681 0.000168184074020036 0.0262095626287009
0 0 0.00503416262140092 0.037012612237053 0.00518998437463613 0.0450498372154971
0 0 0.000793586867062616 0.0419161259745012 0.00117451375670712 0.0510718839237815
1 0 0.00310292004417646 0.073273051680532 0.00246604745797389 0.0747327332377756
1 1 0.000712642743879545 0.021937729287134 0.000573681596138258 0.0198740742499001
0 1 0.000359758135581703 0.0220302476977502 0.000490064673289435 0.0216346823353446
0 1 0.00172573316934087 0.0785085783714574 0.00175198179881412 0.0605037336312482
1 1 0.00065637792883387 0.0278614910409541 0.000592993925328119 0.0247519229626936
1 0 0.000184343658647283 0.0468197521337574 0.000150792810646947 0.0520337955459795
1 1 0.000230580711883591 0.0181592975292921 0.000205266057842454 0.0140042057182578
1 0 0.000654115982640433 0.0396749541879965 0.000649921730870406 0.0441637912784132
1 0 0.000848312968977451 0.0119473297970708 0.000368677180067477 0.0133491057875512
0 1 0.00163251667812466 0.0456709070786857 0.00258442751459047 0.0447058427694561
1 1 0.000520494184962176 0.0308931686007343 0.000433957374255389 0.0270062605340334
0 1 0.000238074466172002 0.0161630295428522 0.000286610355159993 0.0143352566889257
0 1 9.83810544143082e-05 0.0330248900150996 0.000345172581912238 0.0321623361684405
1 0 0.00265178128356695 0.0430409112571556 0.00179849515773051 0.0595800301284584
0 0 0.000785325213152662 0.0430836929789932 0.00103386956998084 0.0488024203199809
0 1 0.00119906871822048 0.0594893907677781 0.00154671977664226 0.0558050787737802
0 1 0.000125584390293088 0.0237504834616625 0.000253927915574673 0.0233361419187665
1 1 0.000992846675554995 0.0514533389300156 0.000706182390026919 0.0491309762273604
1 1 0.000756376324628917 0.0454657882869959 0.000408414236222326 0.0376657009359762
0 1 0.000120948375258444 0.0223540947815909 0.000153371811131865 0.021369256286999
1 0 0.0024518720488263 0.0546170563975106 0.00207939024182262 0.0552414726563655
1 0 0.00110326247014268 0.0703433577789991 0.00101575891828771 0.0743898960664442
1 1 0.00156756466994528 0.0541311563170186 0.00141514100225478 0.0444819565970749
0 1 0.000194794758164958 0.0250967194025515 0.000248602239958081 0.0230976810335577
0 0 8.14020451600424e-05 0.0245191264114401 0.000176217103458208 0.0281669903234786
1 1 0.000117634699534669 0.026642651752656 2.78109948440231e-05 0.0188365681581893
0 1 0.000552133257639529 0.0794565365469079 0.000704842322674703 0.079390530768629
0 1 0.000330994481388853 0.0445953343629614 0.000548465624022697 0.0390086535563474
0 0 0.000485875638236959 0.035495439322166 0.000808697680251777 0.0457519892973395
1 0 0.000114537493329887 0.0388852089801182 5.79335552038608e-05 0.0395484643651539
1 0 0.00102043222343287 0.0540458433076487 0.000848600394414083 0.0605076079031338
1 1 0.0019974414820846 0.0239455372731316 0.000521196640197979 0.0230388242627223
0 1 0.00317906323931922 0.0947157175531314 0.0055736480448719 0.0716863389417703
1 0 0.000144686640307778 0.00466223575496243 5.23854376762582e-05 0.00562926330715094
1 1 0.000346757471087514 0.0248536449456884 0.00013760092908133 0.0246918081530283
0 1 0.00111742634024654 0.0790836725626711 0.00118032308492747 0.066232690759509
1 1 0.00104780888043627 0.0325488543677657 0.00075652118332199 0.0290614021911459
1 0 0.000639326529988673 0.0306316249405176 0.000344693551110037 0.0336087492928238
1 0 0.000759532326345718 0.021939950646493 0.000529103979264104 0.0224692605961641
0 0 6.91217111720638e-05 0.0816953411921759 0.000267124667298347 0.0964593439801407
0 1 0.000300950859031317 0.0231394540599424 0.000564120864381145 0.0138955885008856
0 0 0.000554743774700549 0.0159749477359677 0.00114265410105429 0.0194306303333719
1 0 0.000396479844534236 0.0191669570677285 0.000360731000387305 0.0202378190752402
0 1 0.000807443109086873 0.0469737478629837 0.00115206529682991 0.0411859804334948
0 0 7.40576075756611e-05 0.0264545266441586 0.000220783279738037 0.0310784901461082
1 1 0.000282190204063636 0.0617443728335257 0.000162903548478693 0.0536042589395719
1 1 0.000505985056415904 0.0313234140869402 0.000229619790721555 0.0289581586269066
1 1 0.000307956918204765 0.0428644013036289 0.000104674501302955 0.0358593514828206
0 0 0.00276019101732268 0.0795966299329496 0.00398092699654396 0.0867991589389915
0 1 0.000129185139745237 0.0154509824767834 0.000137943893640192 0.0137690833486776
1 1 0.000514804920499858 0.0151323311214686 0.00033501940118471 0.0143488270864937
0 1 0.00107838606406362 0.0259747932351809 0.00112878098021395 0.0218475042014946
0 1 0.000669565413291643 0.0642751323190189 0.000758404735115382 0.0580232392925299
0 1 0.000331064195379785 0.0394359173478418 0.000406126660424104 0.0389838003303694
1 0 0.000618668124556223 0.0610188977918043 0.000312400726122412 0.0610785805616765
0 1 0.000169221305998666 0.0150883287743932 0.000314199433177072 0.0144462432237004
1 0 0.00134480464893824 0.0393596535378337 0.000951640624808479 0.0413145235350419
0 0 0.000321525727021867 0.0167407326535357 0.000341102343300653 0.0184247493518927
1 0 0.000446634334927811 0.0252940126801178 0.000333738508044014 0.030024638208765
1 0 0.00249158306516981 0.0833853915525089 0.00210773431855705 0.0836197678335745
1 1 0.000514199154131717 0.0280526466318438 0.000475086377839271 0.0258925270273501
0 0 0.0014063355512486 0.0553116510488136 0.00149541468621421 0.0596723568332987
1 0 0.00207643668522797 0.0325657426360756 0.00198669827937013 0.0343346819384054
1 0 0.000154365842934379 0.00921268923176389 5.63886440612383e-05 0.010491507692108
1 0 0.000418968066332021 0.023702424482173 0.000287877546656049 0.0245656212865775
0 1 0.000548413369534006 0.0560702190491504 0.00091232431313269 0.0495258565352661
0 0 0.000296284858439993 0.0216234729751673 0.000443196826217943 0.0225736248098089
1 0 0.00117391481275156 0.0277843863765894 0.00105755009147602 0.0281761890983668
0 1 0.000426583510463028 0.0363273799768902 0.00103213276075851 0.0316562596048263
1 1 0.00100643634066401 0.022383054942911 0.000795997298002878 0.0195824050445312
1 1 0.00136070407732172 0.136647576611317 0.00129300416873575 0.0533221579287183
1 1 0.000945692508177598 0.0421504040475593 0.000810083264936741 0.0385929770708248
1 0 0.000569197245378503 0.0472077509101793 0.000548559288153189 0.0487445868980776
0 1 0.000449584677334347 0.0683753452007863 0.00047085230736928 0.0638245987857262
1 1 0.000723740210190291 0.028764632219728 0.000400061295446632 0.0238402949138846
0 1 0.00195400241464161 0.0534612699024322 0.00242308898767695 0.0459531727484841
1 1 0.00225737904550276 0.0797831485950164 0.00216613624717577 0.0680385360842536
1 1 0.000306116956050466 0.0195108250505873 0.000302501899848367 0.0194985274432764
1 1 0.00143186037439224 0.0297405151890913 0.00107979521020651 0.0291722272063055
1 1 0.00170647168612417 0.0479027858804682 0.000902711821132818 0.0445388770364034
1 0 0.0009774122409466 0.029509938767579 0.000610225855621701 0.0390356335449751
1 0 0.00268119024899265 0.0523827689658062 0.00255870753075642 0.0587350046164659
1 0 0.000541211709018494 0.0368587747443672 0.000410094022573837 0.0422788517196376
1 0 0.000406786274061641 0.0269656378105958 0.000172347091196344 0.0278170463717792
0 0 0.000372183837743379 0.0191043369874807 0.000523004742770855 0.0196124718855356
1 1 9.9679153627703e-05 0.0218343580739616 8.78985191971457e-05 0.0199184570048826
1 0 0.000213277537526344 0.00963176457707996 0.000152696655859031 0.00972357786300403
1 0 0.000296342788239485 0.00331027117711321 0.000183271107962383 0.00404783119092395
1 0 8.30091590899476e-05 0.00771393716262634 7.86413687057761e-05 0.00883124166918598
1 1 0.000250335459980943 0.0241672594808849 0.000122948256873199 0.0236328742433239
0 1 0.00129175823525418 0.0920865243127807 0.00157186874824584 0.0800071071042074
0 1 0.00194411280135926 0.0752661278991516 0.00212020707996095 0.068274352846261
1 0 0.000386791773155786 0.0165622055987994 0.000258466062042256 0.0176485174020493
1 0 0.000299024342620851 0.0162263322799782 0.000273806293390709 0.0166485808724462
0 1 0.00087927722319189 0.101413095389166 0.00102649391596281 0.0392548353634352
0 0 0.00147283725278939 0.0480228251419775 0.00216048979476498 0.0522882172916106
0 0 0.000179516393273326 0.0143348887811389 0.000188575939221327 0.0173422698495261
0 1 0.00069851396711838 0.0244709089286945 0.00117097843766365 0.0215904938452705
1 1 0.000564398232907961 0.0137266149171369 0.000428505466754641 0.0133556436764886
1 0 0.00218771780162916 0.0777463768839733 0.00129318549432956 0.08540327556882
0 1 0.00080705693876824 0.0358000315006456 0.00102584631581014 0.0250057420878798
1 0 9.92482755298451e-05 0.0201090967316558 6.41226924786612e-05 0.0256145259376107
1 0 0.000442969259165739 0.0230075294853072 0.000376893508118754 0.0269140199788955
1 1 5.90767686765103e-05 0.0417886434826289 7.85521658999085e-06 0.0416905199639023
1 1 0.000367132548151981 0.0323614160599663 0.000236949503429452 0.0304092345973666
0 0 4.63541011818816e-05 0.0104712790915844 7.05422703115371e-05 0.0132285268044182
