linear.pvalue quadratic.pvalue linear.boost.stat quadratic.boost.stat linear.true.stat quadratic.true.stat
0 1 8.06178210810578e-05 0.0206745419302273 8.09104931509809e-05 0.0202257480722033
1 0 0.000143253412172049 0.0176079019794909 0.000138868078266778 0.0176967539723692
0 0 3.97338898945145e-05 0.0189432096228212 4.18302325053546e-05 0.0190477002630366
1 0 0.000256569566984537 0.0173019494139509 0.000254031611825274 0.0175789369374438
0 0 8.19788776445197e-05 0.0172482532980967 8.33775787756295e-05 0.0174082456117365
1 1 6.85083746333846e-05 0.0172498580452186 6.33531863299553e-05 0.017056170078881
1 1 2.8748052680742e-05 0.0212904293770919 2.75137838030926e-05 0.0211411529754471
0 1 0.000205370396398259 0.0207552139342827 0.000213509903960769 0.02031822479612
0 1 6.99491775384965e-05 0.0202082254276903 7.30310754665131e-05 0.0194694492885481
1 1 0.000105255509226428 0.017448454142312 0.000101881052176785 0.0173622395959254
0 1 1.54581381613681e-05 0.0206711820709048 1.5538547273668e-05 0.0199732658354693
0 0 0.000116302548246916 0.0183364074856154 0.00011768664467627 0.0183784561042218
0 0 6.0870486836794e-05 0.0179292671007397 6.40364481268079e-05 0.0181679226579778
0 0 0.000251459603253045 0.0179327969143805 0.000256191357782251 0.0183835431452139
1 0 0.000139586698327898 0.0209250123863761 0.000132682053910096 0.0218280330691751
1 1 1.11021451676273e-05 0.0209186794180928 1.061603463277e-05 0.0206394975053941
0 1 3.95903048256538e-05 0.0228942412626165 4.05310219480847e-05 0.0223907079439513
1 0 3.68409392248368e-05 0.0156163372020991 3.57945507974826e-05 0.015849787302079
0 1 2.70486084380782e-05 0.0175746188767459 2.88820944713095e-05 0.0168536842056646
0 0 1.75107716752172e-05 0.0179578847147928 1.86475877128519e-05 0.0180351146771341
1 0 0.000230757599578158 0.0166172799974743 0.000224108883170473 0.0170005344539431
0 1 0.000420477906242505 0.0223736739722922 0.000422693134005129 0.0219350133170909
0 0 0.000195511553869725 0.0181160193519178 0.000202136875256698 0.0183546445729328
0 0 0.000136534329366555 0.0208174643993788 0.000138578213727515 0.0215435788100087
0 0 2.65847166136187e-05 0.0187624473476602 2.69729980730369e-05 0.0191383227308537
0 0 2.57386108905913e-05 0.019410928293171 2.57428032092257e-05 0.0195255481004029
1 0 0.000347533228062186 0.0179095609343189 0.00033936648251093 0.018062905068065
1 0 8.16595411535382e-05 0.021297282474673 7.75571623282407e-05 0.0216307588823287
1 1 7.86151891611202e-05 0.0174744637948942 7.75117022264482e-05 0.0171150333834876
1 0 0.000125888252952005 0.0174198079875363 0.000122161952907022 0.0175652193264118
1 0 0.000374691242459544 0.0197466416438921 0.00037346986532363 0.0202060493313482
1 1 9.76452675624803e-05 0.0199823527718997 9.61663728630874e-05 0.0191792096265321
1 1 0.000275681592084326 0.0165782638586895 0.000262630585355876 0.0163903980933188
1 1 6.08950521557623e-05 0.0195285013505744 5.9119440749694e-05 0.0192246032808432
0 0 4.77005868226479e-05 0.0208937409337383 4.79545704310561e-05 0.0211521724910096
0 0 0.000119498093694531 0.0215105994210595 0.000120125224527263 0.0230157593203852
1 0 9.06834531205761e-05 0.0177948729271001 9.01926654065074e-05 0.0178153864540848
1 1 0.00015016108750908 0.0196827514195638 0.000150029234955222 0.0195929653250555
0 0 9.36043665634169e-05 0.0200517105379194 9.37397210735571e-05 0.0200695171832121
1 0 5.25546890703876e-05 0.0172735434780577 5.12572678221876e-05 0.0173073454856062
1 1 7.00403906477151e-05 0.0215260232296988 6.97784420011553e-05 0.0208602387803829
0 1 0.000122460198069818 0.0162784754775657 0.00013134668282915 0.0159756481517007
1 0 5.10875512190975e-05 0.0170784422803707 5.10793004926284e-05 0.0175538971251088
1 1 0.000193227139369961 0.0206834417682279 0.000184479184209028 0.020286384287947
1 1 6.32930617689412e-05 0.0176847238884842 6.25353719188172e-05 0.0172658488557469
0 0 0.000549104373178918 0.0202172524077336 0.000559304802863722 0.0209528121424878
1 1 0.000109549330004405 0.0195982180782413 0.000105160104136458 0.0192019846556851
1 0 0.000123965189893424 0.020331492919594 0.000121833000473139 0.0207354716331349
1 1 0.000104672113920217 0.0177039242178203 0.000101024794350593 0.0176578072365688
1 1 0.000246107972896364 0.0240013073212874 0.000244870937823737 0.0238698965994498
0 1 8.6082988035148e-06 0.0189757682557294 9.0231571487349e-06 0.0188851737834651
0 1 0.000166105756898407 0.0214162660196035 0.000169570066308139 0.0207200411080118
0 1 8.7547019660967e-05 0.0192387015639497 9.0493454196835e-05 0.019064607388152
1 1 5.51032809906088e-05 0.0209800462369827 5.33710679171548e-05 0.0205805588308015
0 0 0.000111501154793777 0.0196322707641745 0.00011422169500932 0.0202166211359244
0 1 0.000519916835661122 0.0187754470284572 0.000527621082880772 0.0183954011544524
1 0 5.81348611856029e-05 0.0171766154842858 5.7931376511258e-05 0.0172176295853253
0 1 0.000155305746013879 0.0192212519530743 0.000158669450124195 0.0185121541406595
1 0 0.000172094186136907 0.0201124870272199 0.000167946228655821 0.0202103925787551
1 1 2.18858052369183e-05 0.0162557299953322 2.15464600345213e-05 0.016243367372007
1 0 0.000160969441540605 0.0169555689096134 0.00015960082497506 0.0176651508193387
0 0 0.000200678454575644 0.0182208598493854 0.000211531624411689 0.0186903197125288
1 1 5.05744099204722e-05 0.0168276744740053 4.95015751058854e-05 0.016386482578902
0 0 0.000576362398087134 0.019655656588831 0.000590778657422141 0.0197557984575518
0 0 0.000264565210993135 0.018807512914951 0.000271554656198978 0.0189108286983467
1 0 1.45036345615347e-05 0.0168471010642816 1.40858330894922e-05 0.0172496727323886
0 0 1.033806667134e-05 0.018025479948477 1.08268008848057e-05 0.018086029153754
0 0 0.000328417372410325 0.0205035890540319 0.000335124017561949 0.0209595850193445
0 0 7.1267333898872e-05 0.0172728216577259 7.52361807315579e-05 0.01778110328329
1 1 0.00054193091904682 0.0182816879884309 0.000531277609795068 0.0181008732099841
0 1 0.000205494076427619 0.0181534216328142 0.000210085276797714 0.0180543581727222
0 1 3.05630028471067e-05 0.0177922169591208 3.07268396268564e-05 0.0175420117861386
0 1 6.49212991727004e-05 0.0186189514751305 6.94959678044337e-05 0.018178829275074
1 1 0.000106575609887662 0.0195077307070211 0.000105529560924595 0.0193536769923944
1 0 0.000198754159807661 0.0197713126242503 0.000194782450792095 0.0200778457130806
0 1 0.000150555835513865 0.0185202778922008 0.000155324247894163 0.0174928815741286
0 1 2.39377138596889e-05 0.0185286873539615 2.51836208524014e-05 0.0177740717374488
0 1 8.84292010478509e-05 0.0230748005422874 8.91278326618904e-05 0.0226092215470766
1 1 6.01193524592177e-05 0.0174791063884364 5.55778320462331e-05 0.0173161516264687
0 0 5.12926908309842e-05 0.0168092911925263 5.28162496630582e-05 0.0169359070161761
1 1 0.00022028343558159 0.0189656582603466 0.000208635312785727 0.0183897585199606
0 0 9.43483919900707e-05 0.0202420085581388 9.51327519987881e-05 0.0204010826998143
1 0 0.000123604254763552 0.0163821718682892 0.000122127982897294 0.0164196422560888
1 0 0.00011431708390043 0.0190194335264426 0.000109150213476871 0.0196692673746686
1 0 0.000422324664757357 0.0214770338840863 0.000415054069879398 0.0218520732742553
1 1 4.2985857665383e-05 0.0159299839852291 4.09592831217987e-05 0.0155475201373726
1 1 3.41968561714127e-05 0.0256602848251753 3.20429226070678e-05 0.0248976890583285
1 1 7.50292619505069e-05 0.0182194173786064 7.3466206245708e-05 0.0181070667565422
0 0 0.00041065269675045 0.0222030256989773 0.000412199140750561 0.0224730874814653
1 0 0.000289393327788787 0.0216184482650854 0.000285638603155713 0.0216948799179336
0 0 0.000154155345390149 0.0199267456056604 0.000159446347018959 0.0205351337059852
0 0 0.000138225878444071 0.0207912470165169 0.000138491680152886 0.0210617968293744
0 0 4.86659568778273e-05 0.019186406383635 5.14435053732946e-05 0.0192926403730844
1 0 0.000316309839601889 0.0185952371132835 0.000313177908007038 0.0187720919581778
1 0 9.6030069192235e-05 0.0186531962763965 9.01261560195853e-05 0.0193215172050133
0 0 0.000182724347143056 0.019167295189406 0.000188181367304411 0.0194062074382555
1 1 5.04535535550717e-05 0.0189655672376692 4.7811430470335e-05 0.0184032043204396
1 0 6.20816587441605e-05 0.0142556432313186 5.87111354487422e-05 0.0146162393460312
1 1 0.000188662308244264 0.0222793754278093 0.000187829914759334 0.021376398459011
0 1 5.02766305854828e-05 0.0180442344266007 5.13005022346564e-05 0.0176482625459748
1 1 9.45484716451882e-05 0.0191696095164495 9.05651064825113e-05 0.0188443964256371
1 1 0.000141500487137184 0.0214171019600907 0.000135987678223853 0.0210917447869323
1 1 0.000210730374352886 0.0197995587462447 0.000206745653127807 0.0197413367625146
0 0 4.64211576772548e-05 0.0186009431185791 4.74511885541287e-05 0.0190800641227529
1 0 0.000255795520117754 0.0157843187618122 0.0002539261029601 0.0158211295702336
1 0 6.32588613005374e-05 0.0194826871833513 6.21447409877207e-05 0.0202852957284279
1 0 0.000255386780174934 0.0198880122744462 0.000248320551329343 0.0203633909533566
0 0 0.000245604581340164 0.0196162836959885 0.000247047218737169 0.0204540198572797
0 0 9.24892489836932e-05 0.0159075400109851 9.27619263866391e-05 0.0161280870735099
1 1 1.57600434529027e-05 0.0218440250873415 1.55094672033623e-05 0.0215222409070224
1 1 0.000347815075604498 0.021221347697582 0.000347423447680967 0.020953616904476
1 1 0.000217938318987529 0.0195411030965663 0.000214479887375549 0.0192542019347955
1 1 0.000109623571287127 0.0239781686613571 0.000108114228034519 0.0228084891842445
0 0 0.000123044660846749 0.0212048070665812 0.000126360246989007 0.0219575341425675
0 0 5.025851282394e-05 0.0203840932343175 5.11423759428852e-05 0.0206792709674176
0 0 8.48331193836076e-05 0.0187089803244859 8.75096681128014e-05 0.0194495293926746
0 1 4.2847875834644e-05 0.0219116919425448 4.28616088982997e-05 0.0214880862602356
0 0 2.12763145013455e-05 0.0200418760715982 2.15855859778734e-05 0.0206103436176277
1 1 0.000120698082643545 0.0191758729173752 0.000118513801235937 0.0189856515772262
1 0 0.000208924061576542 0.0222144318530318 0.000202421968610277 0.0224907634337689
1 1 0.000137681229962235 0.0175211103425528 0.000134109568269109 0.017179576715837
1 0 4.27021150299234e-05 0.0188661781304617 4.06498321425345e-05 0.0195311251801979
0 1 0.000543007383622727 0.0205024945241558 0.000556043197608634 0.0200635404249793
0 0 6.35645452047329e-05 0.0170916119486166 6.51895452820578e-05 0.0174810914751974
1 0 0.000101796892061689 0.0173425643659298 0.000100200235186675 0.0175139727239112
1 0 0.000158918172290165 0.0166830064336611 0.000158399384652127 0.0174109852615314
0 1 3.80280374900949e-05 0.0182117788222062 3.83065490660686e-05 0.0179048050953568
0 1 0.000249439275647209 0.016450698727012 0.000250141321171314 0.0162025372959026
1 1 0.00014766876112059 0.0211041577774456 0.000139000950535415 0.0207353039968897
1 0 0.00015651663037157 0.0174635741778621 0.000153615325240014 0.0177874623325667
1 0 6.22925518615423e-05 0.018137360355248 6.20080132905086e-05 0.0184730539403057
1 0 2.01602133080581e-05 0.0194002909486087 1.92781839949322e-05 0.0204673536632282
1 0 0.000113200098014299 0.0216846593123841 0.000111900579301422 0.0222904583761961
1 1 7.71890562486965e-05 0.0164062063880784 6.9799827097348e-05 0.016288830420028
0 0 0.000145002261091435 0.0162080773431601 0.00014944573118234 0.0167318967615789
0 0 0.000108413407762898 0.018627855542067 0.000109770640488613 0.0191488574981852
0 1 6.20434050403488e-05 0.0170868499410288 6.39770244077509e-05 0.0170633200822595
0 0 2.11370682450642e-05 0.01549878982413 2.1586137279003e-05 0.0156627121360835
0 0 0.000168970981146254 0.0166566288947984 0.000169991168637044 0.0168839865388932
0 0 0.000229384721215999 0.0191757186168825 0.000230771967886937 0.0194058854600021
0 1 9.39860017444479e-05 0.0219621877230452 9.51978370573286e-05 0.0214904340485593
1 1 0.000159949906184833 0.018731812881946 0.000157433964100707 0.0183521140857535
0 0 4.1524348017526e-05 0.021636830459111 4.16016313416043e-05 0.0221149560063265
1 0 2.06083382281175e-05 0.0195285568103077 1.7685166817868e-05 0.0196404008312516
0 0 3.01093798156358e-05 0.0215908042417009 3.09767465731621e-05 0.0217949505274755
1 0 2.90790022962427e-05 0.018932957396265 2.89676101352438e-05 0.0192039632689763
0 1 7.29906320051321e-05 0.0191003684218366 7.40487408722066e-05 0.019035432449681
0 0 0.000131990305332528 0.0224509458342559 0.000136301730673407 0.0233464367916357
0 1 8.82946874625442e-05 0.0211469663833685 9.08110071656281e-05 0.0210082176313943
1 0 0.000112490899839812 0.0174450150060987 0.000108058100293868 0.0175720029970142
0 0 0.000495784636948117 0.0175198315253211 0.000498770995514223 0.0177970897635065
0 0 0.000254923697116806 0.0171988501799521 0.000255932553141435 0.0179427642061569
0 0 0.000123064661956624 0.0225431834925224 0.000125205267888817 0.0228419323201655
1 1 0.000187556492083282 0.0194320249900344 0.000186255120602345 0.0191850744262253
1 0 0.000306419641157736 0.0251513039158034 0.000304473230125891 0.0254762108598541
0 1 0.00025604911647252 0.0198008678218705 0.000257070811067608 0.0195619756452663
1 1 8.81017107782513e-05 0.0193275600492958 8.64006166681342e-05 0.018543704900141
0 0 0.000186168043230164 0.0215463400920731 0.000191114789674521 0.0220321823443658
0 1 0.000107093058523928 0.0197511787872136 0.000107664568744293 0.019624182729029
1 1 0.000186001107542377 0.0216454559552417 0.000184816111556913 0.0211656675010735
1 0 0.000128582816291217 0.024124175743944 0.000126399759655757 0.0242264418463909
1 1 0.000151338082864948 0.0213775469586371 0.000149179460628272 0.0207699234076825
0 0 8.70140091511271e-05 0.0182074071763664 8.82539764543128e-05 0.0187338500642061
1 0 0.000148128797627105 0.0178638407469497 0.000147984275670036 0.0182239490441273
0 1 4.6071273551767e-05 0.0208292215356637 4.63351712403685e-05 0.0208063165586673
1 0 0.000232280628724123 0.0166609994619639 0.000229760338961187 0.016686763824979
0 1 0.000170006948060511 0.0233658724259446 0.000173732168235292 0.0223500771025557
1 1 0.000181585778312768 0.0217361370675723 0.00017922980297573 0.0215263683733086
1 1 0.000229096139127312 0.0199784519692413 0.000225824597553943 0.019678582903369
0 1 4.66836363763395e-05 0.017300692649872 4.69052367636256e-05 0.0170125681196636
0 1 0.000142531168379246 0.0247648620524928 0.000143057464228177 0.0233701294251728
1 0 0.000114325577985463 0.016702939671678 0.000107927015670219 0.016869849373685
1 1 3.85609585670316e-05 0.023923531259372 3.78960416813768e-05 0.0238071946375226
1 1 0.000122869129789324 0.0159079695861873 0.000120268549184157 0.0158912961676583
1 0 3.93999678201006e-05 0.0168175669850417 3.7429162100059e-05 0.0168769900404968
1 0 9.74813478569996e-05 0.0170725388112395 9.64116896803477e-05 0.0176270995160343
1 0 0.000127682279527698 0.0167398851416815 0.000122810629476808 0.0167561112622631
0 0 8.598311188689e-05 0.0188726527565138 8.69050302973631e-05 0.0190720135187464
0 0 0.000103093701105528 0.0154851585579539 0.00010460193164162 0.0161248378293655
0 1 0.000236209904054693 0.0188172357782868 0.000243089351258961 0.0187901418769132
0 0 0.000103890751215329 0.0165306349269556 0.000106758755990876 0.016580384937422
0 0 2.67986390590906e-05 0.0182118642576306 2.70281885629715e-05 0.018259401642489
0 0 8.64152588023065e-05 0.0192381559684495 8.69632648283099e-05 0.0194516227062569
1 1 5.07421940369351e-05 0.0199401663814768 4.98219417938117e-05 0.0198707195591707
1 0 0.00056826260296428 0.0215312561104988 0.000542881782335605 0.0221227907698835
0 0 9.96268586620124e-06 0.0163814636131643 1.00111685504503e-05 0.0169346989172246
1 0 4.42457290502703e-05 0.0181166327494623 4.33667550420712e-05 0.0183154143780221
1 1 8.2077700164558e-05 0.0199868337321447 7.82701417976151e-05 0.019499299713485
1 1 5.65594267268339e-05 0.0158854048165146 5.46975232385598e-05 0.0156710082794971
1 0 0.000249300373375488 0.0189351062279804 0.00024416710998711 0.0192735002040949
1 1 5.32398847339607e-05 0.0218839399633762 5.14205681392365e-05 0.0217821534535953
1 0 0.000194109105922264 0.0206407891419706 0.000189037527659116 0.0207261250972959
1 0 0.00010586763904342 0.0169439154143864 0.000105736078846838 0.0179639592169416
1 1 0.000160521662550262 0.020571316927022 0.000159553919756103 0.0202088759963229
0 0 5.45614014184494e-05 0.016973424057711 5.52755478408008e-05 0.0174881075192177
1 1 3.84803157465226e-05 0.0222494338248694 3.69354214651814e-05 0.0213975068754028
0 1 3.26460421168465e-05 0.0193770686041811 3.34738213661869e-05 0.0193173346772971
0 0 0.000213458064171444 0.0199510126404284 0.000216557125644886 0.0200367056730328
0 0 0.000176940517205914 0.01913698856422 0.000178754257207279 0.0194853629424453
0 1 0.000123502324555205 0.0160734898010542 0.000125256998018154 0.0160719170042753
0 0 2.48374787552492e-05 0.0156602873962563 2.4841009494849e-05 0.0158563689185036
1 1 0.000128240689168517 0.0175175178781433 0.000120227117883377 0.0174762171566685
0 0 4.92146027724532e-05 0.0154513619400074 5.13519275635851e-05 0.0165568997073042
1 1 7.46682467716105e-05 0.0192768911150253 7.26497763266548e-05 0.018746303879297
0 1 3.84723631187572e-05 0.0179363999933081 4.17703722967902e-05 0.0177968503892847
1 1 4.62154476504109e-05 0.0180407572157202 4.49596871248495e-05 0.0170299896377207
0 1 0.000123333807803618 0.0173744933170412 0.000123652619958749 0.0172649628039631
1 0 0.00027224124469014 0.0218386078523761 0.000262319363881779 0.0221735641360209
1 1 9.55476344642233e-05 0.0188831265257123 9.36018472155628e-05 0.0184862312769987
0 0 0.000431911931466766 0.0241436302526408 0.00044340376307435 0.0245439386400038
0 0 0.000128286476061628 0.0181033951106256 0.000128615662756426 0.018155009682834
1 1 6.8843379948469e-05 0.0196500701680785 6.87100994418626e-05 0.0191586756993183
0 0 0.000196110094272238 0.0219601208374271 0.000205215869214242 0.0222022598626279
0 0 2.51131293939631e-05 0.0176633068857759 2.52416548788525e-05 0.0181537422853249
1 0 0.000113279754566673 0.0168195953094455 0.000112892342743944 0.0170580155857614
0 1 7.25167991936974e-05 0.0230657316473392 7.33188947545008e-05 0.0224607829232373
0 0 0.000242202107161455 0.0201845815716132 0.000260728773022342 0.0202563261424865
0 0 0.000159438566840996 0.0203080031221993 0.000161555028513413 0.0203113162578026
0 0 5.92235139285837e-05 0.019296978779665 6.01817613941951e-05 0.0194235952206636
1 0 0.000107040960529943 0.0155489745870581 0.000104189926165365 0.0160555191244558
1 0 0.000107380931771433 0.0175158341505079 0.000106243629621945 0.0178235816989416
1 1 5.97709983180551e-05 0.0189875292590891 5.74921937641314e-05 0.0187853541530552
0 0 0.000137166063712877 0.0164833275568555 0.00014200296581104 0.0170115886467734
1 0 0.000167196808181935 0.0240257890661605 0.000164565348938036 0.02435495977226
0 0 4.34204782272852e-05 0.0178972227880568 4.40372938266659e-05 0.0180651307869327
1 0 8.93980456086615e-05 0.0172187200654179 8.31808062216007e-05 0.0173482242023904
0 1 6.3918903624141e-05 0.0188861925521403 6.60088849712094e-05 0.0181016999497505
1 0 0.000242697346623826 0.0199556555006748 0.000241920390400625 0.0202881088948604
0 0 5.31913818203565e-05 0.0195505964619331 5.46562230836178e-05 0.01967376706196
1 1 0.000157757040918891 0.0216858956370528 0.000157542983426241 0.0214627903561501
1 1 0.000131114319624506 0.0163877963343621 0.000129926616745825 0.0161805622275704
0 0 0.000153763251150243 0.0183802337248571 0.000154800935130527 0.018614673412475
0 1 3.69742620384391e-06 0.021732816494133 3.74820482230354e-06 0.0216578286024797
0 0 7.68914350892783e-05 0.0174927506936766 7.8425147220397e-05 0.0176387024487211
0 1 0.00011511316951975 0.0194272202907501 0.000119077527903066 0.0193581832438322
1 0 0.000268395235493805 0.0194320514695694 0.000263704621433153 0.0200481961437402
1 0 0.000139631734173206 0.0203341693763333 0.000132570808717226 0.0207747305688941
1 1 0.000136154762079862 0.0200177630041506 0.000131333098229441 0.019644400239528
0 0 0.000183424188094255 0.0195638055801447 0.000190819132956111 0.0200440167280669
1 1 0.000162614855642989 0.0232580413747908 0.000161025709488758 0.0226119237870795
1 0 0.000108420860228989 0.0190656270614842 0.000107438212850202 0.0192239966745507
1 0 0.000129256928092133 0.0169891387898362 0.000127918278094459 0.0174678221788218
1 1 0.000132815624600998 0.0201529160788808 0.00013238208607167 0.0192969171819457
0 0 4.46863126561786e-05 0.0147868471291782 4.59983063185947e-05 0.0151480612298324
1 1 3.99506059911094e-05 0.0195987855179415 3.86570831477626e-05 0.0192807018921451
0 0 7.95910944760266e-05 0.0186671605128959 8.09765948597009e-05 0.0189119564159947
1 0 5.29436051108586e-05 0.0158550174959013 5.25169455156975e-05 0.0159571137315614
1 1 0.000101297044359965 0.02049908104685 9.94266207739969e-05 0.0197910795255608
0 1 0.000229980105149735 0.0181110410045399 0.000232808333379997 0.0178509242591434
0 1 0.0002780484751783 0.0212676699239839 0.00028506727190207 0.0209698872143354
1 0 9.02216833902854e-05 0.0195587834177929 8.97810545108769e-05 0.0195894356614067
1 0 0.00030836107925458 0.019206797914702 0.000299211638805244 0.0205904471431439
0 1 0.000189754574928026 0.0181745199597446 0.000190710897170685 0.0177506973745187
0 0 9.00916764887232e-05 0.0254597238188597 9.27856375543425e-05 0.0261438664013535
0 0 4.63704468665011e-05 0.0218654047322736 4.76067782728297e-05 0.0219507726789667
0 1 0.000189830619723743 0.0235739370735473 0.000190068020777825 0.0226259519759471
0 0 7.94949224403761e-05 0.0186011752334799 8.11004322067859e-05 0.01865542821619
0 0 7.5525481435524e-05 0.0162970521048137 7.63259679940272e-05 0.0163910918530416
1 0 6.11412547398502e-05 0.0166203710712899 5.9581358718552e-05 0.0170634509824481
1 1 0.000290793144380534 0.018596073144844 0.000279503932949103 0.0183215395739529
0 1 8.18331658874558e-05 0.0199394566002657 8.30074897975168e-05 0.0193945382333737
1 1 3.63357030644893e-05 0.0215088597599204 3.39053764693753e-05 0.0212404752444867
0 0 0.00010230231441406 0.0171565827204111 0.000104207260151738 0.017623558320554
0 1 0.000253694988674138 0.0216447827241674 0.000257563465846043 0.0208690508915371
0 1 0.000103460410902731 0.0190959872007548 0.000104784436021786 0.0184913336200255
0 0 0.000202838051138652 0.0192950311914352 0.000203010964194858 0.0193374783489214
1 1 4.34744977932828e-05 0.0180397824243793 4.22726681754416e-05 0.0177866995283612
1 0 1.85939780913567e-05 0.0178283079586843 1.85923800206881e-05 0.0181607409376139
0 0 0.000289659007063117 0.0177557911149608 0.00029355688605521 0.0178096387728875
0 1 0.000277842495056367 0.0215019175304547 0.000284485367473097 0.020894140717267
1 1 7.12561896534875e-05 0.018743217552127 6.88031021476031e-05 0.0182343836681618
0 1 0.000109403318214191 0.0206308740910217 0.000110451662569841 0.0203807329327122
0 1 9.16916872553136e-05 0.0210453015688089 9.38633909041467e-05 0.0206901043401458
0 1 4.98929127794819e-05 0.016269341968025 4.99065834945899e-05 0.0158550871026269
1 1 7.48497570100407e-05 0.0244949835399614 7.46135928718276e-05 0.0235499453673193
1 1 2.63439240293328e-05 0.0186929535693504 2.62366115317818e-05 0.0183797080523058
0 0 4.74017155841994e-05 0.0173412553276967 4.91502739722374e-05 0.0178019640549895
0 1 9.97643730146366e-05 0.018094997137918 0.000100315546306849 0.0179921512640674
1 0 7.21196098500981e-05 0.0209061572835707 7.0893541169317e-05 0.0211568924507544
0 0 0.000101725556275209 0.0208662385587179 0.000101931950204297 0.0213642656984965
0 1 0.000122369154286307 0.019560198538417 0.000126211514184284 0.0195287988402904
0 0 0.000100540001048684 0.0226101997430335 0.000103794964378224 0.0226719265088733
0 0 0.000104429052467975 0.0153868998335636 0.000106584213342188 0.0156164593438561
0 1 0.0013174428323319 0.0242364144865374 0.00131997824766443 0.023354194201769
0 0 3.96191399684954e-05 0.0172788618081571 4.02184322802878e-05 0.0179983226667769
1 1 0.000132174510338141 0.0180491221622978 0.000129007620036011 0.0179780582540737
1 0 0.000346470304305934 0.0171613866591682 0.000337644903886134 0.017307338903374
0 0 6.7842157659815e-05 0.0223590115000157 7.01211381130539e-05 0.0229130806984459
1 1 0.000138869358998043 0.0236446817772063 0.000135367408592446 0.0234523300937815
1 0 6.76305866964429e-05 0.0192796464620024 6.65129289268184e-05 0.0198194627637271
1 1 0.000377370913297804 0.0206492334845381 0.000366455636271637 0.0206135858537059
1 0 0.000131793134687611 0.0195864993557089 0.000127074167472533 0.019599740431231
0 0 0.000109820153693358 0.0207874903010223 0.000109834341909674 0.020849570871923
0 0 0.000105578013424265 0.0168937700784894 0.000106009332835559 0.0173341162032852
1 0 5.2897921649998e-05 0.0204582553144345 5.24972101213999e-05 0.0205541272850883
1 0 5.6400293309455e-05 0.0173608483716075 5.44961612989416e-05 0.0173944368680123
1 1 8.28241114595439e-05 0.0189884681902275 8.15775400714919e-05 0.0186449617529268
1 1 9.53289694161347e-05 0.0193780747054365 9.37627331348391e-05 0.0192306648412516
1 1 0.000273345713897325 0.0228386666303225 0.00027047478414282 0.0225020519786149
1 0 0.000250492824960707 0.0194028718557134 0.000248308215253128 0.0196203348236536
1 1 0.000235353206795111 0.0205855703863046 0.000234645996822881 0.0202349174236111
1 0 0.00013143824613948 0.0180667696845373 0.000128702571923169 0.0185099885779807
1 1 0.000412869290682008 0.0190680777562517 0.000392761748295701 0.0189707102721223
0 1 3.68157733162388e-05 0.020079291529978 3.843237546494e-05 0.0198077807362375
1 1 1.93918871221084e-05 0.0210776595119098 1.86105528007543e-05 0.0206294279748652
1 0 0.000277940321118141 0.0178058387775097 0.000271498179182452 0.018074175941691
0 0 0.000282384483998418 0.0225830508732602 0.000283629137880135 0.0229781306975939
1 1 0.000260127497692643 0.0188690641393147 0.00025818265668023 0.0187822881466001
1 1 0.000127430443443835 0.0165713925343738 0.000125230064264667 0.0159902778823625
1 1 0.000158258772687329 0.0186431164746704 0.000153253919322461 0.0183535223207548
0 0 5.05824287049609e-05 0.0194117152671132 5.0629044919226e-05 0.019884101061232
0 0 9.96298707950284e-05 0.01706433766189 0.000100507437640504 0.0172254547476905
0 0 0.000107337752534429 0.0187716986460836 0.000108526706814726 0.0188117730864514
1 0 0.000106354008540553 0.019742199697596 0.000103659947872415 0.0209074542423139
1 0 0.00012568036163552 0.0183156606652829 0.00012467944406835 0.018520356154831
1 0 0.000123118349070369 0.0186312453433691 0.000118348593835149 0.0189895100784112
0 1 0.000127877177282573 0.0170339710042682 0.000133320845899564 0.0169608486002772
1 0 0.000320125008723629 0.0209912549177355 0.000316249195155408 0.0216380098917433
0 1 8.22518660070465e-05 0.0220813713287593 8.37926756796844e-05 0.0219559805589502
0 1 0.000103239857792336 0.019221491884283 0.0001102671149639 0.0192134346421346
1 1 0.000168974333845559 0.0197320450037784 0.000165455004782435 0.0190608611624273
1 1 0.000166587756743252 0.0187802592981851 0.000165600363640793 0.0187647038893166
1 1 8.45681738242625e-05 0.0182548660569518 8.39230381190361e-05 0.0179371893090453
1 1 0.000188011349628514 0.0160574828236786 0.000186866854416339 0.015666067593917
1 0 0.000256051295361193 0.0204084203008858 0.000251056335106764 0.0209337140531217
0 1 6.03365374205806e-05 0.0183657058749475 6.10248755809237e-05 0.0182722393872011
0 1 9.62530123452903e-05 0.0258387170564485 9.83038581332095e-05 0.0254006335845841
0 0 0.000171257232003331 0.0172001090635517 0.000171622845701018 0.0174611714395155
1 0 7.21959838573965e-05 0.0168627896959017 7.00801057663313e-05 0.0170795922805522
1 0 0.000112437696859706 0.0202716283907953 0.0001097706264545 0.0208730297523443
0 0 0.000693078065236029 0.0190439888846559 0.000699035598614071 0.0194171077251913
0 1 6.48097463173659e-05 0.0226337544595618 6.67326275428078e-05 0.0222540354213836
0 1 1.66956657704619e-05 0.0215389974759747 1.75231598709482e-05 0.0210887315435857
1 0 0.000164381565884354 0.0182044692539897 0.000162650638254523 0.0186121651528553
1 1 0.000147493704309897 0.0215775890998901 0.000139834111496702 0.0207765437771329
0 0 0.000214118355320365 0.0209060153924429 0.000217537475743886 0.0210459245242257
1 1 0.000133332736180789 0.0212981509924442 0.00013239073743561 0.0210355598842104
1 0 0.000254636854078033 0.0223158728296095 0.000250548025765664 0.0228858237284993
0 0 5.8903002337957e-05 0.0214115426159765 6.22774571856937e-05 0.0214864297244283
0 0 0.000150042913149764 0.0202830429399288 0.000154914703078447 0.0214606116388627
0 1 4.06289538380745e-05 0.0170621832782063 4.11209792115486e-05 0.0168451952911651
1 1 0.000356117214336688 0.0188341577780753 0.000350811059822581 0.0184274535962981
0 0 6.12515848186931e-05 0.018345348825896 6.22712995779084e-05 0.018807877639686
0 0 3.50148905560207e-05 0.015739600071655 4.04945188851345e-05 0.0159189944343551
1 1 0.000124211108223246 0.0210608046335539 0.000123702010575908 0.0204048969708394
1 1 9.30790421400094e-05 0.0168516589927706 8.95354553815217e-05 0.0166165520519673
1 1 0.000180691720483312 0.0176322913024424 0.000179981220604452 0.0176218462119547
1 1 0.000133615668506614 0.0266577246452275 0.000130790251109968 0.0262479251142145
0 0 0.000334084800331371 0.0283452699164018 0.000345238451441906 0.0284427603906603
1 1 0.000139063874177857 0.0178721529321929 0.000133987907661046 0.0175622649414134
0 1 4.08732543904496e-05 0.0181063212419897 4.19527753767823e-05 0.0174240371048723
1 1 0.000249478572118606 0.0209808903146984 0.000248497020255182 0.0205469911802658
1 0 0.000134206985088572 0.017864996800651 0.000130923801597439 0.0183057257954742
1 0 0.00010662975773018 0.017219928581676 0.00010601249121668 0.0175430098371315
0 1 0.00010557283374014 0.0195655752244394 0.000109038988442968 0.0187176894267523
0 1 6.07008474187406e-05 0.0172490109447506 6.47747989498853e-05 0.0171425252965776
1 0 0.000136528338190616 0.0202107592224829 0.000135524551117772 0.0202777520863117
1 1 5.43699644754136e-05 0.0187095829140972 5.26835408126762e-05 0.0183635801181842
1 0 0.000149402286985471 0.0216119336593835 0.000148608097055214 0.0216972499065794
0 1 0.000219426938239441 0.0187138102212563 0.00022055917748196 0.0186542083392722
0 1 0.000289448496846523 0.019144005386005 0.000299203719125518 0.0190792062110802
1 0 0.000129807344096446 0.0174717756468934 0.000123306930106376 0.0177353344505236
1 0 6.72822852436066e-05 0.0178085501184386 6.55310938525904e-05 0.0179427031852332
0 1 0.000168802758267233 0.0203413648766526 0.00016979240630966 0.0203242826949463
0 0 2.49604606089402e-05 0.0226641883398381 2.50594468306237e-05 0.0236254004862844
1 0 6.00883638184551e-05 0.0180514193254338 5.75027381858059e-05 0.0181514217359592
0 0 2.87084721251023e-05 0.0214760262378734 3.04858599089257e-05 0.021517376024316
1 0 0.000155170298190428 0.0171424293638601 0.000152115436519497 0.0175219588639229
0 0 0.00016972561914452 0.0195727881818154 0.000172619704232683 0.0198538529104451
0 1 5.34651551262607e-05 0.0209140598126515 5.45707793664956e-05 0.0204963984828623
0 0 0.000102510315796845 0.0179348497202225 0.000103367718573539 0.0181173388450717
0 1 0.000133827021616939 0.0177365955808081 0.000138534347921966 0.0176320978757237
1 1 0.000152575131925189 0.0214004492774076 0.000148663746316503 0.0213602346660468
0 1 0.000388003429917041 0.0212361306222303 0.000396237137752188 0.0212315205506035
0 1 4.88613898196115e-05 0.0244708084102261 5.16405791054803e-05 0.0241045207159602
1 0 0.000494914228685728 0.0196078069448096 0.000483051225414182 0.0199787603112277
1 0 0.000240472275701255 0.0176752859183572 0.000239889655097992 0.0178657101188717
0 1 5.13281289626084e-05 0.015813114199526 5.19370170192683e-05 0.0156880862024729
1 1 0.000295271519982756 0.0278875148395022 0.000291128172541858 0.02776586770569
0 1 7.28576512340317e-05 0.0182070395669625 7.41560725815971e-05 0.0180868229154586
1 0 9.49042476260141e-05 0.0162577511221095 9.02327263653922e-05 0.0171118983397919
0 0 0.000171401168765094 0.0192136705543646 0.000175614411866969 0.0194468200095058
1 0 0.000203391439228139 0.0191476247956725 0.000200095938437752 0.0197046400006715
1 1 5.7253228170605e-05 0.0160567613475257 5.58622296930573e-05 0.0154661294590906
0 0 9.64867664028531e-05 0.0186050852907741 9.84460102856892e-05 0.0188182701273516
1 0 0.000227249701592663 0.0182621950576364 0.00022516954341631 0.0182821044870772
1 1 0.00014110039972184 0.0173968238311045 0.000136855892611135 0.0171050214297529
0 0 0.000270321551701996 0.0216812970096787 0.000277182542356019 0.0216930829076669
1 0 0.000106258774390512 0.0187111711905622 0.000103399208226327 0.0187625661981936
0 0 0.000296520357103732 0.0203428263644765 0.000298610938422357 0.0205731319773675
0 0 6.58888233264756e-05 0.0158633820150067 6.74726644132406e-05 0.0159759427460059
0 1 0.000107495080270685 0.0187087134221483 0.000108023341441923 0.0186033910768921
0 0 0.000596830740400819 0.022475052839025 0.000607294925146886 0.0234382089868455
1 1 0.000163084011733085 0.020681116505126 0.000160064683534657 0.020304200553659
1 1 0.00011632007638807 0.0185592471338011 0.000115577857114914 0.0184346410696185
1 1 9.08688086104089e-05 0.020787357945345 8.82634159436029e-05 0.0204808973215385
0 1 0.000135278383709877 0.0177851523441148 0.000139199142981048 0.0174048469604404
1 1 5.4195485288146e-05 0.0197061341487577 5.28852629663575e-05 0.0194639508046904
1 0 8.82752698716567e-05 0.0165108289393922 8.81911614473963e-05 0.0165834320840032
0 0 0.000127962293663457 0.0178650343859996 0.000128535265621176 0.0178836035510476
1 0 0.000171833172908132 0.0169837801988238 0.000170346347342134 0.0174714807219148
0 1 7.67120156858636e-05 0.0157198635102408 7.81993597665851e-05 0.0150712697003243
0 1 7.14018555474547e-05 0.0236912175043354 7.66923720787463e-05 0.0234726193987679
1 1 0.000157764756437075 0.0189199746004367 0.000153512719099638 0.0186222504425317
1 1 9.83489372338779e-05 0.0218689126710203 9.39196712726285e-05 0.02156371983665
0 1 0.000313964613244769 0.0196346653164108 0.000319494860077875 0.0191946756346736
1 1 0.000103010408768041 0.0205356539617758 9.65011810347892e-05 0.0200295305703508
1 1 5.40618229784034e-05 0.0190957906286628 5.36951248448958e-05 0.018814963351586
0 1 9.94331200795403e-05 0.0183976847231037 0.000101629895613878 0.0181525342126967
0 1 0.000232172363291586 0.017708554454829 0.000232517149109573 0.0175949413904408
0 0 7.96247149638571e-05 0.021163936857204 8.26996655794403e-05 0.0214816642951842
0 0 0.000176836456075672 0.0190119792614828 0.000182412069352742 0.0191010764333043
0 1 0.000221043354303797 0.018519102905043 0.000229575685703724 0.0182908702455916
1 1 0.000408690122712988 0.0173036012788203 0.000399080558239259 0.0170455370335064
1 0 0.000211379463802617 0.0163342891484122 0.00021092942377172 0.0164048246332226
0 0 0.000429352282278862 0.0196319400233831 0.00044315887013986 0.0198867291886716
1 1 3.95354075470743e-05 0.0173566992996227 3.8300513403667e-05 0.017123916246984
1 0 0.000375600702630787 0.0240858184003898 0.00036104421215852 0.0252726959211664
1 1 0.000273121707259069 0.0196446364788312 0.000269969885644608 0.0190908097129205
1 1 0.000186208681519016 0.0172043239960533 0.000185212201428977 0.0168176998989183
0 1 7.583032382883e-05 0.0219761780377468 7.74376586964841e-05 0.0216550215279475
0 0 5.73982230050652e-05 0.020534524261287 5.81326344413071e-05 0.0210307455616681
0 0 2.52123831077491e-05 0.0174818555580165 2.7034306520326e-05 0.0175503485314544
0 1 5.397066744929e-05 0.0230520222746648 5.82759606018142e-05 0.0229881089157248
1 1 0.000252201883070801 0.018902478438884 0.000250727273887693 0.0184889378671649
0 1 0.000592912462560772 0.0202973150678702 0.000595930483077104 0.0199223651252037
0 0 0.000851632022964922 0.0223497746483966 0.000857218365720579 0.0224017463442241
0 0 8.87990504161348e-05 0.0180241709162192 9.10546598795623e-05 0.0182506046468683
1 1 0.000424472703065478 0.0209354767634944 0.000405608614390012 0.0205845708960281
0 1 0.000323951640170487 0.0178547059954755 0.000329291241925473 0.0176145360210065
0 1 0.000308872744674862 0.0236141396850113 0.000313202877632975 0.0232533931236194
0 1 4.74960887247521e-05 0.0201954689809718 5.04346690453696e-05 0.0198065470069633
1 0 0.000123436209907166 0.0162334345608447 0.000120819858924964 0.0162452655609868
0 0 0.000135553701465424 0.023139539951636 0.000135717484987419 0.0238275252117805
1 0 0.000763063785088429 0.0191983342074987 0.000759759894898029 0.019446600837129
1 0 0.00013979440943877 0.02259593005006 0.000139707464380942 0.0227254784220104
0 0 5.78074543663493e-05 0.0161879910347127 6.00908929438704e-05 0.0166468761585845
0 1 7.24628371072174e-05 0.0197051612994061 7.41915630067624e-05 0.0193249020239476
1 0 0.000368432927980154 0.0246539179887512 0.00036573635960805 0.0249832825531986
0 0 0.000157310041287688 0.0187674625279098 0.000161919924640353 0.019088330109296
1 1 0.000244231193369985 0.015564183696377 0.000242796256810301 0.0155382591376118
1 1 5.52372280818539e-05 0.0186264661149509 5.5069862895318e-05 0.0182449027663687
0 0 0.000185344668754695 0.0186771995488799 0.000188108004513466 0.0188227021436248
1 1 0.000309553329739495 0.016401423841978 0.000292643024715638 0.0161995867325937
1 0 0.000161465949644193 0.0166787681025179 0.000156520121562454 0.0169172010509562
0 1 4.02547794958108e-05 0.0183082457752579 4.56736526350538e-05 0.0182775164637462
0 0 2.93902237091423e-05 0.0167719025898227 3.00367227761515e-05 0.0171299293952773
0 0 0.000171341946598726 0.0184583197403896 0.000171401621425075 0.0185996648924273
1 0 8.93837973897313e-05 0.0175151012181055 8.75680709214923e-05 0.0175218128103653
1 0 0.000103580498063899 0.0158763711539261 0.000100045451717704 0.0158853802233287
1 1 0.000159301922683122 0.0178362719303472 0.000156005428964396 0.0174269447711126
1 0 9.97200017848955e-05 0.0174224886022868 9.85142283169201e-05 0.0176312430384492
0 1 2.63947967921268e-05 0.0177994936432312 2.85442948237245e-05 0.0173714289017965
0 1 0.000160356034850802 0.020339415537073 0.000167454828317587 0.0194706259747895
0 0 0.000227202519077825 0.0223266528251446 0.000234272370595958 0.0223708120853457
1 0 2.07689351494865e-05 0.0184093836117117 1.80578854766834e-05 0.0188293171476775
1 1 0.0001555176175814 0.0178901708106983 0.000154916231220408 0.0178016154005747
1 0 0.000132983569381284 0.0120413103583819 0.000129367262700307 0.0125615370415996
1 0 0.000121214787473974 0.0172874639891276 0.000120359938454576 0.0174582771335249
1 1 3.98288173358387e-05 0.0192102881254631 3.91102099968008e-05 0.0182286608409652
1 0 0.000376492285659637 0.0202759393875391 0.000371661079454145 0.0209762405175586
1 1 1.82233637207503e-05 0.0197333573432989 1.67877875878858e-05 0.0196508495333212
1 0 2.55603300864965e-05 0.0202495956703951 2.47547473153802e-05 0.0206258870596479
1 1 9.8903653327322e-05 0.0217991408928789 9.8635436528773e-05 0.0209244282120071
0 0 0.000215597313468582 0.0172664250272162 0.000219668605541628 0.0174991691169786
1 0 0.000143283874999414 0.0207760841393872 0.000141569239693338 0.0211053515367913
0 0 2.25251064703995e-05 0.0186176561230336 2.28167607414999e-05 0.0187352726661004
0 1 0.000322747560594462 0.0192211532733848 0.000335335623714714 0.0181388557950196
0 1 2.64933410635463e-05 0.0187512402290588 2.78492111171476e-05 0.018225419717983
0 1 0.000527590247747103 0.0192023672785449 0.000542023375628234 0.019145103515345
1 0 0.000223217556929023 0.0186633823738118 0.000217187702254692 0.0193396310635196
0 1 0.000163212931293943 0.017539756164162 0.000163245602497468 0.0168338511937578
0 1 5.93641431242851e-05 0.0159266746714502 6.28181274615325e-05 0.015885525181158
0 1 0.000608528594677784 0.0186072391248292 0.000612606751480763 0.0178269490501075
0 1 0.000340586577384267 0.0204474031304541 0.000353369778025741 0.0203643591371375
1 1 0.00022349797598616 0.0177851013626307 0.000212545025111029 0.017544560967427
1 1 0.000106688709370639 0.0188653517642734 0.00010151398427613 0.0182184226301231
1 0 0.000108421102574779 0.0187129155797798 0.000107495346556224 0.0187593590129345
1 1 8.40235204525518e-05 0.0160017215824084 8.21472295758472e-05 0.0157417092107956
0 1 0.000240247228693471 0.0205486397153748 0.000241879942705385 0.0204620136713023
1 0 0.000248681704707715 0.0165499273768576 0.000236627804591555 0.0169294918026292
0 1 0.000244886881667741 0.0238601959580939 0.000253061190290733 0.0236032827044433
1 1 5.38746065963557e-05 0.017482472910885 5.08609305666987e-05 0.0174776408899783
1 1 0.000130872960256923 0.0203592654690417 0.000128245555545785 0.0199656051402851
0 1 7.3174720022776e-05 0.0203444220435036 7.40533167463477e-05 0.0195626132955972
0 1 9.80494973012018e-05 0.0139936252259186 0.000101915639637728 0.0138498131096977
1 0 7.73424512741416e-05 0.0213589375708955 7.67788530532858e-05 0.0213973606954544
1 1 8.36935007297458e-05 0.0200262236921665 8.25351568785986e-05 0.0196874234960906
1 0 0.000105497023042652 0.0151101036162225 0.000103512582458058 0.015273549157814
0 1 0.000136433569308513 0.0188494810658847 0.000137738095162896 0.0187268979188669
0 0 5.77894986237719e-05 0.0179497894386352 5.8237154205859e-05 0.0186242761223833
1 0 8.06099340310685e-05 0.0182047598158804 8.03525852376086e-05 0.0183055180952473
0 1 0.000112178513375932 0.0219016551295083 0.000113970323464203 0.0213531636012356
1 0 0.000125085390704845 0.017622927101685 0.000118027077603773 0.0177850481500538
0 0 0.000129572533198018 0.0183525977782654 0.000129830106259907 0.0183555505375645
0 0 0.000177543032613418 0.017955483894818 0.000179459280239526 0.0179612901166998
0 1 8.27328630891801e-05 0.0183409023527099 8.46064670491632e-05 0.0179894408764037
0 0 2.08814911426928e-05 0.0217359974136845 2.26050970754395e-05 0.0226462258891989
0 0 0.000136526798293276 0.0239517375752023 0.000138548755954814 0.0240058977575182
1 0 0.000228912193765536 0.0174701055846578 0.000217469723970635 0.0176501436452378
1 0 0.000254188168875497 0.0192422104101784 0.000252405700168267 0.0193116056749688
0 0 0.000205599309361773 0.0182870088864757 0.00021387335406417 0.0183603343421185
0 1 0.000134880723035416 0.0217988086203664 0.000135169436104384 0.0210829741188168
1 0 8.76643861260727e-05 0.0177004938084133 8.51438205643195e-05 0.0178922232366054
1 0 8.42139866462418e-05 0.0148732629285123 8.31733964535859e-05 0.0154136829990256
0 0 0.00027763638949321 0.0163692906200795 0.000285659756963477 0.0165063351576079
1 1 0.000114561557378556 0.0246531873668466 0.000113498051465313 0.0239543936979941
1 0 0.000230053388107487 0.020059278338904 0.000227969331947045 0.020149886378208
0 1 0.000137993668117593 0.0211897047641898 0.000143854189576358 0.0211731180237714
0 0 5.83379066850663e-05 0.0175311969698818 6.03060090779532e-05 0.0177762689830593
1 1 2.71063182921182e-05 0.0166168788876141 2.68512367186548e-05 0.0163701169818303
0 0 3.08906888799863e-05 0.0176406701597246 3.19689896022767e-05 0.0178757427018126
0 1 7.94781165264988e-05 0.0211439315320226 8.36750561466614e-05 0.0210071125742696
1 1 9.06557921311665e-05 0.0171359663224759 8.99861119594541e-05 0.0168500430629398
1 1 9.81056986395566e-05 0.0186808355676365 9.67750188828248e-05 0.0185692389638949
0 0 8.749125540032e-05 0.0191069059887329 9.12725487441562e-05 0.0195507486110842
1 1 7.48777605449569e-05 0.0189802713089258 7.36797722074541e-05 0.0186431723078665
0 0 8.64392904966068e-05 0.0190510404732476 8.98769527288684e-05 0.0193744451223111
1 1 0.000184497239501897 0.018929748948417 0.000180429322226454 0.0188824947610807
0 1 0.000104156839028867 0.0170311964244974 0.000106824975072491 0.0169839345471932
1 0 0.00011992864237417 0.0191657122179952 0.000119655407800634 0.0192278064810718
1 0 6.53141745686638e-05 0.016581091089404 6.28918748254243e-05 0.0168543350115476
0 1 0.000203776654384849 0.0195490841384661 0.000209000076976164 0.0194653747709672
1 1 9.96298021463437e-05 0.0187332221183653 9.48871130586979e-05 0.0184530208170665
0 1 0.000144699450109624 0.0192514071453184 0.000154218284944259 0.018493897474542
0 1 9.23976395541337e-05 0.0208614756378998 9.31093289409555e-05 0.0206752457373618
0 1 7.07970350180896e-05 0.0199864599722624 7.24362482026572e-05 0.0199445523725053
1 0 8.56308158150328e-05 0.0181619683233166 8.33584947111724e-05 0.0182229529210399
1 0 0.00013359606964616 0.0183715321096641 0.000131171475715765 0.0183820453774454
1 1 0.000127013404892126 0.0201331165330388 0.000126345661468983 0.0196378038589509
0 1 0.000151398479417033 0.0182865063208037 0.000158876529301328 0.0182071244783296
1 0 0.000147150243049857 0.0193755576066571 0.000143286034296047 0.019765313583584
0 1 0.00012781808390477 0.0229597693336385 0.000134456782445896 0.0226323232127779
1 0 9.26937861898492e-05 0.0226181741250118 8.86451529351329e-05 0.0226567025975825
1 1 7.73418379165951e-05 0.0185795978552083 7.46319979400569e-05 0.0183174916331867
1 0 5.21998562854548e-05 0.0166508254912828 5.19155661822203e-05 0.0169046162550568
1 0 5.81487007233415e-05 0.0196378295631142 5.62552651568544e-05 0.0196654070949697
1 1 3.64419525435686e-05 0.0186132683046829 3.43793228744637e-05 0.0185025943178075
0 1 0.000275830366195709 0.0196316866053772 0.00028901636467622 0.0191427323289416
1 1 4.20054757081638e-05 0.0243100071450292 3.90912140330255e-05 0.0238703256806115
1 1 0.00028280118152641 0.0204342304365173 0.000264114578337854 0.0199862711389886
0 0 0.000130401781929219 0.0211017251968916 0.000132970844221664 0.0211986409356857
0 0 0.000315199606693667 0.0224612965135899 0.000322666775587971 0.0229288607989198
1 1 0.000137702566792948 0.0207055020734694 0.000135035956102068 0.0197529329941307
1 0 0.000125118763958422 0.0157267994794508 0.000119602301051301 0.0160399022985828
0 1 8.26333128149019e-05 0.0171851550744521 8.38826702473211e-05 0.0170034409746294
1 1 0.000229139949913919 0.0259152562460993 0.000226838274712022 0.0258822671650158
0 0 2.64309467267193e-05 0.0156048555891084 2.76481851387398e-05 0.0158384721571896
1 0 0.000328467087704697 0.0176870130139472 0.000326538032552604 0.0181934480360328
1 0 3.68309320060099e-05 0.0195243923520875 3.57302394777007e-05 0.019852902118404
1 1 0.000134090481964665 0.0190917043035669 0.000131291582228112 0.0190871094296913
0 1 8.49828084748499e-05 0.0171958405488056 8.68819924744883e-05 0.0171381002134327
1 1 0.000203110157255325 0.0216864336473296 0.000200232807994282 0.0216642622727328
0 1 8.61207137292754e-05 0.0213840225773524 8.79268800642153e-05 0.0208106583518785
0 1 0.000149405088260808 0.0195439051484567 0.000158265112172111 0.0193371842078696
1 1 0.000143386016975919 0.0203063707643643 0.000141430068097397 0.0201199872147717
0 0 0.000119709710882953 0.0172996448442628 0.000121998396867562 0.0175295072052837
0 1 0.00024711294180546 0.0223910268358165 0.000254291911129265 0.0221233451472887
0 1 5.25927224379355e-05 0.019274469177934 5.29757567015842e-05 0.019207466228513
1 0 0.00026375294356204 0.0190824056384435 0.000260955730068058 0.019469586734965
1 0 0.000217296416438571 0.0176049446103979 0.000212868478764626 0.0176647616209347
0 1 0.000156073298522026 0.0240879988924622 0.00016457086912969 0.0240098969187522
1 1 0.000155028596909339 0.0169266979133759 0.000150050870419803 0.0168490537268469
0 1 4.8216979538139e-05 0.0192784663966693 4.89879026392045e-05 0.0190734353264894
1 0 4.08738060436179e-05 0.0161872128642541 4.07509103467784e-05 0.0165786926740759
0 0 0.000137558084060022 0.0184011482170813 0.000137939711171156 0.0184459705170149
1 0 6.92758787423053e-05 0.0211882709400886 6.92686187095487e-05 0.021816941462094
0 1 0.000180004374259835 0.0232059451616499 0.000182450744672341 0.0227046763095719
0 1 8.26131440103672e-05 0.0233608980119343 8.28806069942175e-05 0.0228173859709918
0 1 0.000394557233106808 0.0188298871255587 0.000398645023062569 0.0186056155535381
0 1 0.000222307677302645 0.0191729177956284 0.000228672085176168 0.0190579542598929
0 0 1.03141029913607e-05 0.0170169617286224 1.14367903711737e-05 0.0173485894439332
1 0 8.56520226874896e-05 0.0218106853781405 8.10949941570195e-05 0.0218311357919019
0 0 8.96250981566155e-05 0.0195025643235155 8.99650124695258e-05 0.0195913375960402
1 0 0.000125175826722128 0.0181062504940102 0.000115823741734358 0.018151331115981
0 0 7.98538645278853e-05 0.0203161367299064 8.20022476917742e-05 0.0205607338380949
1 1 0.000351603973757536 0.0180184984378974 0.000345289168759702 0.0179173560456127
1 1 0.00061541386009505 0.0209788363396751 0.00061047020839189 0.0209362968240776
0 1 0.00016121276539107 0.0196847026372453 0.000169697024605002 0.0196694434323377
1 1 9.4258830852755e-05 0.0196520668073198 9.42063132643644e-05 0.019443685394777
0 1 0.000243315042040018 0.0219823287673969 0.000243537894356556 0.0215249446424528
1 0 0.00035293772788798 0.0194224944061982 0.000342728876751975 0.0201572176778501
0 0 0.000117393016687021 0.0186244040067922 0.000121861974822009 0.0187845154198453
1 0 0.000108334235348078 0.0185519733424224 0.000104428442479796 0.0190905235889747
1 1 0.000158476936618763 0.0226693482374545 0.000156068336387107 0.0220548646180818
1 0 0.000170684525814216 0.027064875278621 0.000164131888861807 0.0271626850397874
1 0 3.96810158331205e-05 0.0156165229636664 3.89334308001009e-05 0.0157037147102355
1 1 0.000105029480977936 0.0161633081450442 0.000104098197010613 0.0155762224963329
0 0 7.84438072553478e-05 0.0186239693318076 8.49279732070322e-05 0.0189037181403094
1 0 0.000330721185979988 0.0196166140597112 0.00032316431590488 0.019752682120721
1 1 0.000118195445825907 0.0248523860573124 0.000114782773147788 0.0239568996541163
1 0 0.000200119483510896 0.0178279201972235 0.000191806451935456 0.0180606752384923
1 1 7.93088267687568e-05 0.0190413192526303 7.89489855489641e-05 0.0185297344858789
0 1 4.72050316751344e-05 0.0213578703600619 4.76786747444601e-05 0.0208228517717813
0 1 1.27303788402855e-05 0.01747560009513 1.46127384233801e-05 0.0172183299730228
0 0 7.03711520894491e-05 0.0157093681725042 7.10288904488538e-05 0.0162719245659186
1 0 0.000206587823999961 0.0214524050673815 0.000200994618981066 0.0218174404977568
1 1 0.000119765850327755 0.0199458225404555 0.000117886001923801 0.019430591875334
0 1 0.00016170292033034 0.022157802806136 0.00017108985890174 0.0221473835612907
0 0 1.32311006509625e-05 0.0172123064636153 1.35379812475208e-05 0.0174431000497421
1 1 0.000108737458603449 0.0208791130525642 0.000107063020540153 0.0204636411307559
1 0 9.69989703593777e-05 0.0183268420771941 9.62157677215179e-05 0.0183299055946064
1 0 4.92870440005329e-05 0.0189650407831542 4.8675221442081e-05 0.0197014009562594
0 1 0.000109891620145412 0.0186613740437921 0.00011099122978145 0.0183895512258997
1 1 0.000211150335712627 0.0196548797364481 0.000206558896956332 0.0194113498767737
0 0 2.33542918479901e-05 0.0177545869790804 2.3386326504167e-05 0.0179622064774315
0 0 3.4376712781923e-05 0.0195112356097789 3.61730152782561e-05 0.0203264280014917
1 1 8.09411622641283e-05 0.0223742124064585 7.9708798615042e-05 0.0214973827832514
0 1 0.000153347712721486 0.0204035616965959 0.000154333460304901 0.0199105118054902
1 0 0.000164857936320808 0.0170732472285873 0.000163542270619221 0.0170736869321981
0 0 0.000108353294663694 0.0180089443195832 0.000109096361524108 0.0180613778890992
0 0 0.000117911816184168 0.0207937962518686 0.000118171709321667 0.0209775476795356
1 0 0.000108594199253748 0.0187790350792069 0.000108376227405783 0.0188455923241337
0 1 9.32067288885009e-05 0.0189074745814839 9.44651113160625e-05 0.018594712665394
1 0 0.000184113298922829 0.0184782230378749 0.000181338376513208 0.0185219785566095
0 0 5.73271648754522e-05 0.0209974819264446 5.75999356006268e-05 0.021479573685802
1 1 8.57642605500968e-06 0.0180786961330002 7.2767406055869e-06 0.018012614081242
0 0 0.000308191834856032 0.0198990257713784 0.000308923456692515 0.0200090555017405
0 0 0.000190680449082249 0.0169806676550266 0.000195388409723059 0.0174643204740816
0 1 3.16795095217917e-05 0.0174204625167803 3.26448827809326e-05 0.0172012201617783
0 1 0.000222698580448668 0.0181939002068296 0.000228203159773151 0.018069655555398
1 0 1.90617853792509e-05 0.0169106032750774 1.75164840587988e-05 0.0170848765940391
0 1 9.06113750019228e-05 0.0178722084871607 9.46433108483692e-05 0.0175148685601286
0 0 4.12035511523568e-05 0.0191187495587679 4.2076575852387e-05 0.019884802606767
0 0 0.000104785849273902 0.0191046462845645 0.000105702932276972 0.0192792142617819
0 0 4.85939375261867e-05 0.0191025492762724 4.91837785725521e-05 0.0192732820045474
1 1 0.000230108329019967 0.0196643852947286 0.000226548195719458 0.0195930996947657
1 1 0.00012993788705448 0.0165683461391942 0.000126694534326826 0.0162385054959587
1 1 0.000194695852581855 0.0201134466477013 0.000192195758957546 0.0195337815408157
0 0 0.000158138182311131 0.0186564846540818 0.000162859225526037 0.0187987456714402
0 1 6.6971579344472e-05 0.0155443226516779 7.16304416921497e-05 0.0153585898831692
1 1 0.000139194723092834 0.018709120925028 0.000135411176265695 0.018460618112412
0 1 0.000107611838522036 0.0190929441337142 0.000107733233995894 0.0190472122902638
0 1 0.000263157518863897 0.0190680938111835 0.000264710978975306 0.0181772603057664
0 0 0.000207651655900349 0.0226178752607929 0.000212514766290052 0.0228066197547904
1 0 0.000103855069877461 0.0181722252261988 9.86474918402005e-05 0.0183551927168836
0 1 0.000175208059055493 0.0206168884360664 0.000179370682477804 0.0200992106346279
0 0 2.35831775406134e-05 0.0195259333256073 2.40028871717971e-05 0.0200864071532207
1 0 0.000201018379409835 0.0204242019987957 0.000192093759918804 0.0210466780888725
1 1 6.00835453107295e-05 0.021317262337655 5.80627850913403e-05 0.0206565658623155
0 1 2.04199858639197e-05 0.0191234927075603 2.15115643423777e-05 0.0188875087668689
0 1 0.000176471927473366 0.0155991979219784 0.000185575855724114 0.0153740291696461
1 0 4.73913915640177e-05 0.0192495949671427 4.53953235481993e-05 0.0192612975046478
0 0 8.94307490201218e-05 0.0221287530199165 9.01713408889447e-05 0.0223958261714793
1 1 5.95578378808215e-05 0.0184571378491822 5.87064530354864e-05 0.0176021751119319
1 0 0.000121008910127108 0.0179376089828321 0.000119486235285966 0.0183718960493337
0 1 0.000179363753719779 0.0164970789085959 0.000182395487726322 0.0164012819615281
0 1 0.000127746086877513 0.0163595937171733 0.000139158887927144 0.0162257315658066
1 1 3.49869007314438e-05 0.0175240472881967 3.49498641461238e-05 0.0172366652360369
1 1 0.000106581478135934 0.0148454785539395 0.000101018736234872 0.014647286756956
0 1 0.000186631200733427 0.0182691094460114 0.000188197608565069 0.0180271695280028
1 1 0.000111095967701535 0.0174491669038103 0.000108442206347701 0.0171957559782407
0 0 0.000104680115503559 0.0202277133275672 0.000113379450440099 0.0213404673972359
0 0 0.000327063368577336 0.0172669153862438 0.000340860621526988 0.017314663938735
1 0 7.4775068945496e-05 0.0193312765653195 7.15625876485625e-05 0.0199708651681165
1 0 0.000126937527046675 0.0208591343659095 0.000126790630171418 0.020958235999978
0 1 6.56473074988961e-05 0.0209416272452386 6.63672458889291e-05 0.0208126866983818
0 1 0.000329535671408386 0.0191809046066031 0.000332992431008218 0.0188791010728776
1 0 0.000321499005821708 0.0236730929469892 0.000319780021736103 0.0242338243480298
0 0 9.29652726549025e-05 0.0193628056696613 9.85885739719864e-05 0.0197033236963324
1 1 0.000168153952326608 0.0206440291877545 0.000163847449393222 0.0206178286242863
1 0 8.89776268904983e-05 0.0166398668770717 8.77070975572557e-05 0.0169071362519272
1 1 1.84258791205373e-05 0.0198585805532219 1.81151838623921e-05 0.0192547976455421
0 0 0.00014767153314027 0.0198800395911172 0.000149943742367089 0.0199223705004201
0 0 6.16625851530185e-05 0.0148016490451434 6.34973932321508e-05 0.0149224697946216
1 1 7.30792446766477e-05 0.0179591317561829 6.87737925933038e-05 0.0173644203726036
0 1 3.59250208673235e-05 0.020225493507249 3.83745904093459e-05 0.0201677099651939
0 0 5.40824757815363e-05 0.0216088166713009 5.51467775001751e-05 0.0217976280912892
0 0 7.04078420566777e-05 0.0164049311386276 7.31963472231933e-05 0.016979463110588
1 0 0.000515875056407254 0.0193836503449696 0.000507731232014935 0.0197297702112884
1 0 3.61756302318381e-05 0.0190062789903454 3.17254780651352e-05 0.0193680390040676
1 1 0.000302274503086535 0.0193552825699424 0.000290828259424072 0.0190832969491798
0 1 9.54482162776568e-05 0.0160498717400884 9.79559441278945e-05 0.0156107845139475
0 0 0.000159402929566413 0.0211064153564576 0.00016255849017656 0.0214043826678845
0 0 9.62116323794503e-05 0.0181499629125076 9.73233441812352e-05 0.0183671107979622
0 0 6.82235236673598e-05 0.0164091667633653 6.98619214873955e-05 0.0168390258059136
1 0 0.000191834934269729 0.0170922610144146 0.000190655579640689 0.0173207212038755
1 1 0.000120631198009377 0.0198731672726075 0.000118134351352494 0.0198654040689083
0 1 0.00010902863985553 0.0197140038806944 0.00010921698614579 0.0194386077996217
1 1 3.12283856719619e-05 0.0166906222014063 3.086240835315e-05 0.0163779650031261
0 1 4.82391448286032e-05 0.0200438056447312 4.97851440064173e-05 0.0198056934099803
0 0 0.000130485773817631 0.017481597974831 0.000132597978437336 0.0177258218535414
0 1 8.2115144722264e-05 0.0172174051725063 8.42868767433371e-05 0.0169301650358362
1 1 0.000348045019986549 0.0192688965007357 0.000346712515760932 0.0192603008052914
0 1 0.000216293212625258 0.0181526816991928 0.000217939320100805 0.0179475472356804
1 0 0.000164252564158089 0.0167412107169107 0.000156720820068249 0.0176036841791976
0 1 7.96487492219459e-05 0.015853955619809 8.06553240436193e-05 0.0157627396328529
0 0 8.67653835146505e-05 0.0179591433300723 9.00255770934471e-05 0.0187991301586287
0 0 0.000137909772767544 0.0176484188204107 0.000144594770989828 0.0181608775834048
1 1 0.000126017093586639 0.021234922222543 0.00011993352141253 0.0211839141971353
0 0 2.72553028057016e-05 0.0178182105672531 2.73282892111288e-05 0.0178930962738491
1 0 0.000270213691464033 0.0180556719486733 0.000256851803596968 0.0183580234816264
0 1 0.000165107084001319 0.0195848541771067 0.00017195961420986 0.0192073203447825
0 0 3.26801570575138e-05 0.0164960048919301 3.37190094758296e-05 0.0167025779704963
0 0 0.000187412699092623 0.0177794215901333 0.000194065053144275 0.017876405090518
1 0 0.000298377578521697 0.0175040465764734 0.000296840324666254 0.0176000175710044
1 0 0.000151382532161254 0.0194945501092031 0.000151145645132259 0.0195784463311235
1 0 0.000317245889778124 0.0186142330416718 0.000307835915273497 0.0187700427362643
0 1 0.000406388284196448 0.0223473749222608 0.000417958733784211 0.0219917225665804
0 1 2.35331971494015e-05 0.0219794186553591 2.36003316972535e-05 0.0216373243719147
0 1 3.50251190336489e-05 0.019238992096005 3.66168552067588e-05 0.019105742586157
1 1 0.000162753360287376 0.019423341064739 0.000160490918868948 0.0187584538419512
1 1 0.000188291892153063 0.0195546853549703 0.000187705562745991 0.0193601978875005
1 1 0.000145164743429581 0.0211553471835412 0.000140821750236258 0.0210528230093815
0 0 9.22311019501285e-05 0.0187562414990151 9.46115059663237e-05 0.018981703263823
0 0 0.000222707753345443 0.0242475813753842 0.000228992443589302 0.024386822104615
0 1 0.000132790183036623 0.0198304913668515 0.000141698200987215 0.019224780445354
0 0 0.000113898007760287 0.015165825909323 0.000115124347158722 0.0153070527651902
0 0 9.15267822515653e-05 0.0198601095535551 9.17247468272534e-05 0.0201495695309812
0 1 7.52662702698334e-05 0.0189563320186991 7.89774164095033e-05 0.0189525530568243
1 1 8.78284213006801e-05 0.0166688521217433 8.6943375294413e-05 0.0162174343048811
1 1 0.000147689420011041 0.0187560613038739 0.000144112219964961 0.0185107026750626
1 0 0.000139858933957775 0.0176941673885288 0.000139205825803301 0.0180236126046521
0 0 6.98994900860413e-05 0.0199609776616118 7.0193056033034e-05 0.0201480064772302
0 1 7.52624965547193e-05 0.0184512907589482 7.57189702622296e-05 0.018093857577318
0 1 0.000142944410010677 0.0192938553471296 0.000143514436509802 0.0191509800357266
0 0 0.000287224657869082 0.0188328123307704 0.000289001738007656 0.0192484911352116
0 1 4.61216369508664e-05 0.0242187576309834 4.65514076902133e-05 0.0236186448413758
1 1 1.76972207926176e-05 0.0186073124230355 1.70578037299881e-05 0.018459425628305
0 0 0.000146916784166757 0.0194667016450965 0.000148944625919801 0.0195018786648733
1 0 3.44470779023065e-05 0.021708269460288 3.16837042826722e-05 0.0218218577825374
0 0 7.83624564249521e-05 0.0172156319563079 8.2011903032611e-05 0.0175595371427569
0 1 2.52298131638885e-05 0.0232272177342807 2.60528735143596e-05 0.0230003711288142
0 0 0.000156545478760514 0.0195654451996268 0.000162786547881934 0.0198366928605881
1 1 0.000119562220508233 0.0211311707051967 0.000117254070765357 0.0207306211340882
0 0 9.67003875645483e-05 0.0209490263099546 9.71949019361651e-05 0.0210204391956046
1 1 0.000214805211149436 0.0185093602187833 0.000214247947323433 0.0184696994847123
0 1 0.000396507387392147 0.0206970649199267 0.000412086825189602 0.0200497521701644
1 1 6.11492890038351e-05 0.0211382297406414 6.02124068615374e-05 0.0206336405081301
1 1 0.000274183659492098 0.0208563953529789 0.000273974743896518 0.0203023677737084
0 0 8.54068176744336e-05 0.0227023600899178 8.71869900899559e-05 0.0231622891930755
0 1 0.000277134441776965 0.020336191240967 0.00027880358383611 0.0200845849302905
0 1 0.000111325417304194 0.0216062171881876 0.000112771036476857 0.0205205047238533
0 1 9.12030337882827e-05 0.0203309260132008 9.27155082649255e-05 0.0199087277315436
1 0 9.92054454518593e-05 0.0173921471538765 9.51870374621019e-05 0.0174049537868774
1 1 4.83882054260889e-05 0.0193485681030239 4.6031304749302e-05 0.0192176718976384
0 1 0.00015275142783691 0.018172266836462 0.000153060900680349 0.017643516707323
0 0 0.000410708096865524 0.0228656982159784 0.000422499970573068 0.0231260226054023
1 0 0.000216223517495997 0.0185635576979369 0.000212315890156738 0.0188151826830837
1 1 0.000103035974611625 0.0184240729100806 9.90427021112821e-05 0.0184089967400396
0 0 5.26288604884865e-05 0.0173501133741446 5.33164210543869e-05 0.0178908797804569
0 1 0.000191031475987227 0.0196600065312347 0.000195853839762768 0.0193468949429775
0 0 6.30380574947037e-05 0.0180495797619788 6.46015713533636e-05 0.0185250692347325
0 0 6.27902202289776e-05 0.0199263287661006 6.38073563412539e-05 0.0202346586107262
0 0 0.000285140474183624 0.0173303466229154 0.000293624061244674 0.0176655666435702
1 1 0.000104433396090802 0.0157812355108962 0.000104061977932215 0.0157636147042275
0 0 9.09664712221085e-05 0.0210406000213166 9.14928918265625e-05 0.0211993582529908
1 1 0.000915612253709668 0.0198967026969867 0.000897612491060607 0.0198171997369872
0 0 0.000107160230862298 0.0134665932470448 0.000109581836206459 0.0135110773638898
0 1 0.000168374230699414 0.0180221194614618 0.000172589058540968 0.0177959896018407
0 1 5.39259991517154e-05 0.0157433743334911 5.61513286902948e-05 0.0156302698456192
0 1 0.000402569385408956 0.0197046299109835 0.00040729664085766 0.0195679456820253
1 1 3.35715005079373e-05 0.0179624686411388 3.08864424748017e-05 0.0176496840284136
0 0 4.75239087450732e-05 0.0161059912406206 4.80870115813106e-05 0.0162502100612846
0 0 3.6193542279724e-05 0.0192223963550657 3.75353951849325e-05 0.0198348484237309
1 1 0.000160126805853072 0.0201365448010447 0.00015922813988282 0.019955264207135
0 0 6.6676497393712e-05 0.0167671715136932 6.9020421659883e-05 0.0174606844114539
1 0 0.000246120646632091 0.0166412480042222 0.000237818852385361 0.0172357306285826
0 0 3.34406255001104e-05 0.0169070838852318 3.37456780300522e-05 0.0176212517057696
1 0 5.50919758720337e-05 0.0153674008379732 5.42256696242129e-05 0.015662356882569
1 0 4.83335096300075e-05 0.0162794992405381 4.7609424742047e-05 0.0163549776476174
1 0 0.000371167487959075 0.0184787021501384 0.00035940460147632 0.0189232270022805
0 0 1.94744818700059e-05 0.0185760153484691 1.99644768962617e-05 0.0188962558775761
1 0 0.000206538942341379 0.017312898001115 0.000206363229560812 0.017743532931135
0 1 4.55706225706652e-05 0.0190549885902258 4.73041531007916e-05 0.0188013280515319
1 1 3.85609376089156e-06 0.0184515771333014 3.81364630669268e-06 0.0174581705240626
1 0 6.96302254362328e-05 0.0167743277833184 6.80649155689449e-05 0.0176609949971464
1 0 0.00033258127899117 0.0224189789327289 0.000326387805154724 0.0225253582280634
1 0 0.000158144220052914 0.0188529813413549 0.000155440264240509 0.0193071107006133
0 1 9.64314524365296e-05 0.0190955226937652 9.73251482285151e-05 0.0183916444771428
0 1 0.000323156862060566 0.0235876396420439 0.000334744492151094 0.0235022735475132
1 0 1.37394648540229e-05 0.0182958157433741 1.34922373904607e-05 0.0184915678754604
0 1 0.000122932805734645 0.0160975179207136 0.000128857498265398 0.0159228069694021
1 1 0.000107693560801879 0.0187787432860716 0.000107053936289569 0.0183237504422068
0 1 2.81516355126957e-05 0.0186751170234082 3.06222213184354e-05 0.0183131995023933
1 1 0.000516934098354561 0.0191941499064825 0.000498981379608945 0.0187181401123124
1 1 0.000308789459572387 0.0183896347728446 0.000304773205362404 0.0180551291628187
1 0 5.92756124782786e-05 0.0170571086795355 5.6022019012344e-05 0.017076812761023
0 1 0.000678466320503076 0.0241020175660084 0.000703648180290261 0.0234743930676249
0 1 0.000125012793498637 0.0189346739144627 0.000129763209249119 0.0185536403220364
1 1 2.22893015916459e-05 0.0291917703963882 2.2288223361324e-05 0.0290253705165743
0 0 0.0003136976528474 0.0215960659198402 0.000313814613001946 0.0216105652633662
0 1 0.000116443143941386 0.0177705954340896 0.00011746010260702 0.0176363089912069
1 0 0.00050726921659956 0.0187966661849678 0.000501628605910465 0.0194937500225559
1 0 6.26222927825944e-05 0.0172512893881799 6.18976610062538e-05 0.0176138429666491
0 1 2.17149573990584e-05 0.016663875166019 2.19299661131092e-05 0.016605112478014
0 1 2.86925532330993e-05 0.0186303700312466 2.99535051304776e-05 0.0185285887976306
0 1 7.67914724380946e-05 0.0192866214215293 7.9316970192608e-05 0.0190919339411702
0 0 9.90158734718047e-05 0.0190544929310382 0.000103090025222422 0.0195771979252557
0 0 1.56457207798146e-05 0.0179392521425545 1.65339144304801e-05 0.018301786124356
1 0 0.000226164313302163 0.0191538896963456 0.000224560553000243 0.0193956831746514
1 0 4.94785631726624e-05 0.0194241482885908 4.85653885645245e-05 0.0198353433615168
0 1 0.000204864553110641 0.0188138339658305 0.000207453279135487 0.0186652049336283
1 1 0.000350233085574445 0.022572638800201 0.000334068608653346 0.0223085746367031
1 0 4.29636743378999e-05 0.0178291291930144 3.94819384582507e-05 0.0178622372127524
1 0 0.000204852638320178 0.0182560982806736 0.000203046835278775 0.0182663089474562
1 0 0.000224257339376212 0.02029751812866 0.00022132670417589 0.020857431925283
0 0 0.000113519989190555 0.0163460574965622 0.000114393740430196 0.0167844560842486
1 1 0.000232102450205682 0.0226699539092105 0.00022683009176651 0.0213020399710272
0 1 9.35905020848295e-05 0.0197308304392467 9.56162290908486e-05 0.0194124950946315
1 0 2.02937668492368e-05 0.0175997568742717 1.93666345613537e-05 0.0178213934000621
0 0 0.000381479355550652 0.0219140802102241 0.000400660247545098 0.0224635137140506
0 1 0.000765871506342962 0.0229735528073783 0.000774587844970746 0.0226898764526132
0 0 6.37872545025399e-05 0.0176884888074205 6.3851625350441e-05 0.0183998182395213
1 1 0.000218878038570127 0.0175847349583877 0.000210460345300138 0.0172693954133401
0 0 4.1249799451282e-05 0.020388476457478 4.29026545487328e-05 0.0206344109284079
1 1 0.000213841082822999 0.0207007989701124 0.000206793119281205 0.0201609524354817
1 0 0.000195586525779141 0.0266420361533368 0.000192988015435105 0.0267031534865029
0 0 4.26218874196125e-05 0.0161368356473433 4.31157219187494e-05 0.016980624521657
0 1 9.62324679327292e-05 0.0218555318064977 9.76201266937966e-05 0.0210722166527359
1 1 0.000178733071968083 0.0237230958596645 0.000176946723589278 0.0229772753088287
1 1 0.000195252640909803 0.0204498611526065 0.00018972090152711 0.019935370190618
1 1 0.000267157367266916 0.0220904843892732 0.000266587780486872 0.0216227145801293
1 1 0.000292099143472999 0.0188115079352326 0.000286981897403306 0.0184700626486452
0 0 4.44907205426218e-05 0.0163286107509109 4.6169026452157e-05 0.0168937346471468
1 1 5.37543633650899e-05 0.0155645156226217 5.09259200758898e-05 0.0154515109938257
0 1 7.61783202298261e-05 0.0229225973188339 7.6629024607122e-05 0.022879602742551
0 1 2.76782826566464e-05 0.0167317433227113 2.85677185039172e-05 0.0162913544745343
0 0 7.14225769552238e-05 0.0188710910185781 7.19249165884814e-05 0.0189096676420957
1 0 0.000147839616290689 0.016565883480205 0.00014573660793399 0.0170125225897752
0 0 3.94151838025488e-05 0.0184179442700849 3.98427317558131e-05 0.0187696171543865
1 0 6.50696280347776e-05 0.015329136940665 6.41883818123521e-05 0.015816685233166
1 1 0.000182905378090706 0.0189308827625658 0.000176502759993789 0.018432398757997
0 0 0.000121551528749315 0.0215740910548313 0.000124835942989868 0.0216182884908053
0 0 9.85832869739765e-05 0.0182290985394606 0.000101187616765528 0.0196256314819514
1 1 0.000728219009565132 0.0242123800886204 0.000716897325046037 0.0233889974031897
1 1 4.82340658196474e-05 0.0211616725527434 4.77920138942525e-05 0.0209344768279156
1 0 2.57886596303896e-05 0.0170707180429558 2.52096708564934e-05 0.0171484088671136
1 1 0.000234716898759203 0.0209259709741509 0.000231932259500714 0.0208472841168646
0 0 0.000151265110598777 0.0170558946352194 0.000163849694728641 0.0172878013093052
1 0 7.52245369538015e-05 0.0191041966986405 7.18228232077833e-05 0.0193819695305351
0 0 0.000249400241016496 0.0190961259393452 0.00025963040504398 0.019161835612083
1 0 7.56622003586553e-05 0.0192395841017268 7.40266336392772e-05 0.0196849595245352
0 0 0.000175392254410487 0.0178735832633592 0.000186432248839511 0.0181786417420493
1 0 1.08274297271059e-05 0.0170143907560786 1.00753221826747e-05 0.0173736834951799
0 0 0.000129043372770074 0.0189664413431462 0.000133885601041663 0.019209236412227
0 1 0.00016210112307996 0.0202688223900055 0.000176819236525529 0.0200279546572945
0 0 4.87593646518373e-05 0.0155497017542181 5.19438938967174e-05 0.0158082017279508
0 0 0.000784075443934345 0.0259009221261136 0.000805701083627447 0.0266066513576204
1 1 2.38291551478442e-05 0.0167803857881414 2.36798895706648e-05 0.0164487573444602
1 1 0.000223920307780088 0.020265549514059 0.000222231087404173 0.0201712455937594
1 1 0.000399262860006264 0.0172733341887906 0.000379252347731498 0.0172408928269285
1 1 0.000145113370509684 0.0192115260520916 0.000144858257790849 0.0185055174991015
0 1 6.7604981315183e-05 0.0174626279611405 6.89795520606891e-05 0.0172318723559327
1 0 2.49840010444273e-05 0.0192113949929585 2.29431856736017e-05 0.01954716944034
0 1 0.00020422278707843 0.019208009938783 0.000204446430497513 0.0186378622301832
0 0 0.000182752603824477 0.0181465064349405 0.00018621264425126 0.0186601578932471
0 0 0.000104662465395477 0.0198703508196967 0.000115124467325824 0.0201611130717956
0 0 0.000100715333662661 0.0196784829204799 0.000101597020648505 0.0204432377218122
1 0 7.61320093435704e-05 0.0210416632949517 7.34126872171435e-05 0.0212487643506705
0 1 0.000101175205550011 0.0231645945652194 0.000104600392364131 0.0229119040056676
1 1 0.000173057216535735 0.0223547805893913 0.000172516126072968 0.0218344368030224
0 0 4.74016977711818e-05 0.0181910436582426 5.41073889498041e-05 0.0184915601856565
0 0 0.000182017913336892 0.0216754329223918 0.000186742709589611 0.0221422246271208
0 0 5.05449375701737e-05 0.0172696026811531 5.13096159327738e-05 0.0173218863319732
0 1 6.52450364999177e-05 0.0218678946658175 6.69121469356956e-05 0.0211333614351311
0 1 6.22946076796743e-05 0.0190471926656772 6.45264531838352e-05 0.0187883454192073
1 0 0.000138573126098682 0.020327221810029 0.000137069137602643 0.0209465049840555
1 0 7.16330782568615e-05 0.0186260071558246 6.88703771311639e-05 0.019092194693821
1 0 0.000268471821735854 0.0194779673117403 0.000268111099033336 0.0200832567784319
1 0 0.000102385929744591 0.0198911744161644 9.81643628954432e-05 0.0203419366070018
1 1 0.000243646277840222 0.0197985976584635 0.000233818192045631 0.0194835361898603
0 0 0.000340043041498048 0.0213061607729608 0.000352452510424277 0.0218308746120201
0 1 6.72043356451794e-05 0.0182413181602444 6.82211401004735e-05 0.0179690755558944
1 0 0.000167527977266834 0.0222485684186792 0.000166886452730108 0.0225507332190103
0 0 0.000164972523814404 0.0172331220734756 0.000169363272263465 0.0174764874230288
0 1 0.000318916129400383 0.0222123910424823 0.000321388273516746 0.0215109633673596
0 1 0.000108796392179109 0.0214873682239476 0.000111201380696918 0.0210322583441472
1 1 7.63955246322076e-05 0.019798318659467 7.40929614153206e-05 0.0194832062488858
1 0 9.47010990193572e-05 0.0167469374547354 8.91514745762741e-05 0.0172839737273468
0 0 7.55800554747126e-05 0.0163901175633396 7.62664641713551e-05 0.0166137503053863
0 0 0.000246208187726031 0.0202268688589422 0.000246369976532201 0.0207950704564616
0 0 0.000172409043917722 0.0167129564935085 0.000178755367100533 0.0167362568667644
1 1 0.000184288757368554 0.0190311867424725 0.000179095272276523 0.0188606769460594
0 0 0.00013832038452611 0.0187797078716238 0.00014161356378118 0.0192133318409347
0 1 0.000161730186305617 0.0184741705452174 0.00016554279938167 0.0183087293503827
0 1 6.54307098987048e-05 0.0168243522673751 6.58947170697048e-05 0.016551283738356
1 1 0.000285014870185665 0.0198770572714532 0.000276481576939578 0.019870432377884
1 0 0.000105349447526782 0.0157156955995635 0.000101366843038274 0.0159346720826666
1 1 2.93004685939019e-05 0.0169719487307292 2.89801733083004e-05 0.016910366627689
1 0 0.000142994635500387 0.0190926469079574 0.000136783109047416 0.0197196102149907
0 0 0.000136001140609505 0.0179310610282302 0.000141382806138588 0.0181255250893596
0 1 0.000145061944511617 0.0183221674755915 0.000149791002962841 0.0179957909405121
1 0 0.000243743759722964 0.0203842241540009 0.000241329400538263 0.0207050327611039
0 1 0.000113536887940955 0.0188035785020642 0.000113821758096275 0.0184309577326741
1 1 0.000138490454157073 0.0189364405423042 0.000134848054021756 0.0189083833082733
1 1 9.89780885568685e-05 0.0208736127265385 9.64631470283717e-05 0.0207163585860302
0 1 7.62260966018864e-05 0.0252370954960591 7.84356008541705e-05 0.0240864422306026
1 1 0.000361752883473951 0.0218977020113454 0.000360407801215944 0.0212595739356314
1 0 0.000123470464475377 0.0210258394082527 0.00011741802538323 0.0211453032801734
1 0 7.94706352727765e-05 0.0183401444135677 7.88358597495342e-05 0.0185703526382925
0 0 0.000147645892339583 0.0200058180179282 0.00015458222959005 0.0204759089009216
1 0 0.000153151956520299 0.0223816852239661 0.000152842915700436 0.0236377802466779
1 0 5.88150196297516e-05 0.0214900472254264 5.86201422208613e-05 0.0217644015677485
0 0 0.000123306304311701 0.0160427687556765 0.000126197133845222 0.0164603443404651
1 1 0.000480760933373322 0.0201787280346527 0.000477712536788122 0.0201399657484328
1 0 0.000102449907892483 0.0146048837368637 0.000100159366693034 0.015082511214867
1 0 2.62019225134744e-05 0.0240439106526199 2.56590997430093e-05 0.025056018226465
1 1 0.000472138876385918 0.0227467894614236 0.000464139231327255 0.0226557871301831
0 0 8.65788912801942e-05 0.0173297129651753 8.69285696084769e-05 0.0175670031088441
0 1 1.56513534190262e-05 0.0189485600241359 1.67503467758225e-05 0.0180613334159897
0 0 7.26820204588705e-05 0.0181769360017522 7.3774260274313e-05 0.0186622052869211
1 0 0.000414594642802771 0.0166301803796053 0.000409564643505863 0.0167125671775687
1 0 3.89857405309124e-05 0.0181809941354502 3.86165037774912e-05 0.0184151850269284
0 1 2.48972160264548e-05 0.0198031783625986 2.54007169643262e-05 0.019742864828414
0 1 6.29084544419512e-05 0.0156737593859125 6.60576843011784e-05 0.0155244770891478
1 0 0.000131656507405733 0.0176944080714331 0.000130053730795237 0.017776133398091
0 1 0.000145060435545216 0.0204509188720681 0.000148930318306137 0.0199835011151425
0 0 0.000184637034176385 0.0167408335702395 0.000188426411671831 0.0172556624662457
0 0 0.000153172288524261 0.0170382750880373 0.000161500979217437 0.0172326488057085
1 0 0.000171542580615464 0.0152421692775919 0.000170071302222205 0.0154483414598152
1 0 0.000172307996110176 0.0160486265572719 0.000168476166988921 0.0164738710597452
1 1 0.000160643754242119 0.0205535023094436 0.00015983239709629 0.0203928131516926
1 1 0.000199534419968315 0.0150015733488547 0.000197907071337629 0.0149398271260621
0 1 4.98657251594843e-05 0.019004323366735 5.07404420121986e-05 0.0187463974297982
1 0 5.44794478325928e-05 0.0199610564826689 5.16427947268537e-05 0.0202425295422026
0 0 0.000217144125502987 0.0178148616252463 0.000218937563676756 0.0180098040306019
0 0 0.000262641393454266 0.0191248456378375 0.000266849271401463 0.0191366242471676
0 0 5.11347333535954e-05 0.01798968196289 5.74752495727791e-05 0.0180650720611993
1 0 3.29733059366037e-05 0.0182434417090518 3.1637263251914e-05 0.0185029673903458
0 0 7.99751013194459e-05 0.0177777833037062 8.40009410249538e-05 0.0187349664701064
0 1 0.000131537502714927 0.0198666773051909 0.000139743472272331 0.0197598676495259
1 1 0.00010913052717509 0.0175825037545807 0.000106148125484136 0.0171840143041876
1 0 5.03589115855443e-05 0.0180933612107523 4.36984475679746e-05 0.0184912792392254
1 1 0.000139731634293878 0.0187647704631288 0.000137638747950264 0.0186866700370744
0 0 0.000151067172295711 0.0194744490789431 0.000154187992932035 0.0195225203614653
0 0 7.39970268154411e-05 0.0206631456436275 7.47040330445243e-05 0.0209493557711711
1 0 0.000167081469694788 0.0184403582547847 0.000166380261947877 0.0191707407290416
0 1 0.000193070856047758 0.0183826320111494 0.00019814388325587 0.0183714622010707
0 1 8.74095871835001e-05 0.0176110299823491 9.2277771287884e-05 0.017311129738577
0 1 0.000262352306958955 0.019669617954844 0.0002731699117687 0.0196100622463959
1 1 0.000305500329842057 0.018240644935826 0.000297633785374207 0.0178602081068194
0 1 0.000169942004055738 0.0209041215265709 0.000170786666548023 0.0203883275863735
1 1 1.07703354316779e-05 0.0164385091853445 1.0533677431711e-05 0.0154153568405733
0 0 5.50732869757702e-05 0.0194321260166785 5.53182402536498e-05 0.0198299649402671
0 1 7.95493486234052e-05 0.0165948337338228 7.95589797620233e-05 0.0160125848372243
0 1 0.000132047858098654 0.0165476441446026 0.000137548170908929 0.0160164467809694
0 1 0.000212343153173864 0.0194487873968247 0.000217487437817991 0.019323459561723
1 0 5.10431003306067e-05 0.0177782285187633 5.09556752559149e-05 0.0177884000778762
0 1 4.05495719872228e-05 0.0155457337891835 4.1942543165502e-05 0.0149665203048206
0 0 0.00014661457735097 0.0217186582503974 0.000149921926746757 0.0228515975180521
1 1 1.32014210306661e-05 0.0184082853697192 1.27567865911099e-05 0.0180718129854186
1 0 6.94976224366887e-05 0.0195809732623911 6.80137261542078e-05 0.0196270022194428
0 0 0.000233885907927034 0.020083821263346 0.000241367373075162 0.0204826251674132
1 0 0.000276632273927271 0.0232000161242648 0.000276310654137089 0.0232834511818658
1 1 0.000232549179498702 0.0201448184111045 0.000222662233243504 0.0195760801699923
0 1 0.00026041534950445 0.020806863793193 0.00027054375718338 0.0202509756821222
1 0 0.000103433650700937 0.019853331353781 0.000100132366479819 0.0200712138512974
1 1 0.000190021218568352 0.0209487387511218 0.000174609086103778 0.0203433684203492
0 0 0.000193428488988686 0.01472385445035 0.000197953102756578 0.0149589519343387
0 1 0.000317614502320708 0.0159454517400365 0.000319153064758551 0.015408251166234
0 0 1.68172694861446e-05 0.0164495885738087 1.71085965757729e-05 0.0170395239527306
1 1 5.30939729736017e-05 0.018777169444381 5.00867046281403e-05 0.0187150963874675
0 1 0.00044999489019014 0.0247358684503562 0.000457305407014846 0.0239322531878101
0 0 4.09571430371231e-05 0.0155297237667295 4.33989899822944e-05 0.0157572115595603
0 1 0.000108912968124263 0.0155712151698268 0.000111349188616722 0.0155342469973755
0 0 0.000282796976029896 0.0201735576944929 0.000286333178108827 0.0202762679348756
1 1 0.000180565324272788 0.0186120901756064 0.000179453006220553 0.0183575934846286
1 0 1.32329391533736e-05 0.0161734663109293 1.30937284045362e-05 0.01685055589425
1 0 6.54097327691963e-05 0.0252832306989017 6.07314385141129e-05 0.0260428972691818
1 0 5.28767013862245e-05 0.0180790936870537 5.15142612657925e-05 0.018648139515457
1 1 0.000200485286429192 0.021976378719214 0.000188551974777286 0.0214386076897998
1 0 0.000101324186228533 0.0213988988985225 9.41905500672031e-05 0.0218606687924428
1 0 0.000136669946136274 0.0170534339385244 0.000135809379554803 0.0174555888201192
0 0 0.000114152833652121 0.0170012833711094 0.000118295457655818 0.0170561244617073
0 0 3.50521098539906e-05 0.0156769796073075 3.59830348301178e-05 0.0158525312343871
1 1 0.000108708467290393 0.0180252784258353 0.000104944950816699 0.0178912353952978
1 0 9.10530983477484e-05 0.0170467052220839 8.9892305583197e-05 0.0176458135645531
0 1 0.000288027048656647 0.0183995508484239 0.000289826763766019 0.018140348977949
0 0 6.10795527313756e-05 0.018975570591827 6.43596538477479e-05 0.0195393382631002
1 0 0.00013113083787129 0.0196013222573141 0.000130400896103624 0.019761850145829
0 0 9.69675292098908e-05 0.016595157016402 9.77581204642574e-05 0.0169433485965663
1 1 0.000167065939172139 0.0194152896833212 0.000166064213431275 0.0191053373815106
1 0 8.66898999750869e-05 0.0177688980212852 8.41887281747307e-05 0.0186396975917201
1 1 0.000102947025633415 0.0187499142431408 0.0001006185245781 0.018292375895952
1 0 4.20694942753402e-05 0.0175505428996272 3.89852870803973e-05 0.0176442344067724
0 1 7.44496002560253e-05 0.0152429533966498 7.71261875285183e-05 0.0151574321506727
1 1 0.000104222895797274 0.0178550095850311 0.00010414784949179 0.0178085904446853
0 0 6.98117339516253e-05 0.0208183978048735 7.09359570981503e-05 0.0212981759345784
1 0 5.7974670576144e-05 0.0218962795084009 5.68154210064815e-05 0.021953805327641
1 0 7.65996723696025e-05 0.0167423239917074 7.59148468620159e-05 0.0175006634608023
1 0 0.000197502691322465 0.0210787398861666 0.000196376478464895 0.0212400435869447
0 1 4.61436918678575e-06 0.0183775574608649 5.28486893867468e-06 0.0182452865047929
0 0 0.00024332129524591 0.0228857141209811 0.000244696841900835 0.0229790626237253
0 1 0.000123702664216227 0.0222838254847129 0.000124456131325261 0.0220865886930078
0 0 0.000158399280054276 0.0207428498171584 0.000161416199579164 0.0209445465718899
0 1 0.000185748443884766 0.0211508248934901 0.000189186695473638 0.021019733289138
0 0 5.08932984504095e-05 0.018261090819419 5.14660477008545e-05 0.01863074716283
1 0 7.41443291294126e-05 0.0189391764275787 7.31286416870929e-05 0.0192685933856955
0 1 0.000178699660602443 0.0241763344744791 0.00018211189401842 0.0230671362411024
1 1 0.000117851001150639 0.0171634098298909 0.000117011793157701 0.0169515099509171
1 1 0.000201209538459836 0.0209514577334855 0.000198030612969291 0.0203263930755127
0 0 0.000108797009313365 0.0174285769424937 0.000111096567927244 0.0179016123594195
1 0 3.15147841362627e-05 0.0160725927636581 2.7356290020031e-05 0.0161360636291163
0 0 0.000177575524493743 0.0186264937030928 0.000183537893349862 0.0190270187779177
0 0 9.63881888139345e-05 0.025784300196655 9.81974943092154e-05 0.0262989785234193
1 1 0.000147487706787721 0.0159195142620727 0.00014070793189195 0.0158683649720743
0 1 5.69759509998129e-05 0.0194960049861692 5.82265953182398e-05 0.0191831194363245
0 0 0.000109697939477615 0.01685086349824 0.000114273425397105 0.0173974879838523
0 0 0.000372263644910066 0.0185031899240502 0.000382118606382152 0.0187670751317447
