linear.pvalue quadratic.pvalue linear.boost.stat quadratic.boost.stat linear.true.stat quadratic.true.stat
1 1 0.0012510340573007 0.0838591448471991 0.00124818645335883 0.083512183738233
1 1 0.00503210377147227 0.0619152351083191 0.0050058328656196 0.0615915986817975
0 0 0.00132815784601046 0.0547278830410725 0.00133195293886414 0.0570530846030682
0 0 0.00216851207223149 0.0720458207518642 0.00225386606390296 0.0724961466703963
1 0 0.00470521067358805 0.0625075624448441 0.00459912739481135 0.0637530568707027
1 0 0.000365819695872656 0.0731067120169551 0.000354668616536154 0.0736672735012544
0 1 0.00128985096936458 0.0482094447586186 0.00129010467603992 0.048201608268516
0 1 0.00022135007720747 0.085943953047499 0.00022745676150046 0.085761719947529
0 1 0.00357710783369001 0.0930205472154544 0.00366983563260321 0.0918683611870838
0 0 0.00121202542042951 0.0678286941189304 0.00122683200952785 0.0709406342841067
0 0 0.00319026244212665 0.0593356373474741 0.00327452837632695 0.0603040620222049
1 1 0.00201706658780746 0.0569057416098289 0.00193673132986872 0.0549458937976889
1 1 0.000567559724218601 0.0763540372812209 0.000544510901946863 0.0735570079830322
0 0 0.00124370590091964 0.0597075711402715 0.00126173159365087 0.0629355560679246
0 1 0.00082771282175663 0.0745982504269155 0.000831625983180858 0.0724567073132413
0 0 0.000648784340924615 0.0465187754244913 0.000661355988407982 0.0470454646780705
1 0 0.00190455251773904 0.0685666460234363 0.00189063316815857 0.0698416269715582
1 0 0.0014239835704515 0.0644558906045875 0.00140658514492835 0.0648421560628631
0 1 0.00142452747719565 0.0675318290809061 0.00145556734772783 0.0662861337295589
1 0 0.00301520537324408 0.0592460246045017 0.00299762970520008 0.0598881740356493
1 1 0.00346429905390629 0.0823170161863383 0.00335359814718576 0.0791003713443931
1 0 0.00165203815830497 0.054305599732298 0.0016247694835938 0.054799759794645
1 1 0.000566628353860044 0.0682291981324755 0.000498744687631807 0.0656165896794848
1 0 0.00127272097675074 0.0513477460385218 0.00126380252888762 0.0517572882037924
0 0 0.00305258427063291 0.0994369961779893 0.00307564795025874 0.0994486738834449
1 0 0.00222146667897525 0.056421458559257 0.0022020141362176 0.0588599497580806
1 1 0.00203434402726143 0.0537581133824365 0.00199267861678839 0.0517454876347293
1 0 0.000830341013959536 0.0598749496458586 0.000770409413007943 0.0609290196680059
1 1 0.00196193170475576 0.0973327539117611 0.00175188502273052 0.0969963266457376
0 0 0.00101612807318772 0.0686211666733185 0.00101760106173625 0.0692980957836057
0 0 0.00384736533547992 0.0940404626470003 0.00406677736814007 0.0968869137228758
1 1 0.00336455894152011 0.0636012650871058 0.00330548708312089 0.0633999708262158
0 1 0.000329831502580667 0.0732568262237204 0.00033882485627756 0.072847944728241
1 1 0.00547929072283744 0.071627742188939 0.00546949793134436 0.0708517304732785
1 0 0.00253470212445628 0.0634350909529907 0.0025158395195801 0.0644746379872705
1 0 0.00686116083454642 0.0561277379984889 0.00669811231947039 0.0564886566748066
1 0 0.00162723959637185 0.0543921939546924 0.001589232976549 0.0548674734803903
1 0 0.00141022613418169 0.0618310447498659 0.00127290464991287 0.0649972341073133
1 1 0.00075007300379096 0.0530387222136708 0.000731835300342266 0.0521580580310437
0 1 0.00318162030906607 0.0490562159336562 0.00324474800845377 0.0487454931270819
0 1 0.0040979768084102 0.0678167979135889 0.00416912178123021 0.0677501893185189
0 1 0.000881234650235652 0.0793340374871078 0.00088732459559091 0.0778682496926958
1 1 0.00211110920650352 0.0638079732342566 0.00210286833998783 0.0612397278967277
1 1 0.00387035690461239 0.0801048804258419 0.00373356196841831 0.0784845113082415
0 0 0.00282645684805471 0.100298907235507 0.00289629237914092 0.101372843248523
0 0 0.00166616925900694 0.0710255566657957 0.00171881867585089 0.0714957990430164
1 1 0.00728907918038649 0.104420968128051 0.00712775408458055 0.103279690358862
1 0 0.00428518426739824 0.0661597180700733 0.00419118662661405 0.0682495108925626
1 0 0.000701818788776235 0.0683582967370604 0.000683033119509788 0.0699053802051298
0 0 0.00121761982853562 0.0690036189609096 0.00124211891548135 0.0707308693812086
1 0 0.000632847517836804 0.0699348645263704 0.000624232339264661 0.0717334451261648
0 1 0.00156226748588501 0.0704084415292267 0.00156592622991235 0.069956779338361
1 1 0.00190680017896291 0.0842531413448405 0.00185075874656548 0.0822384223086574
1 0 0.00420631871610242 0.0738635434502838 0.00413474246424945 0.0744454529853872
0 1 0.00198567799151771 0.0518146038863114 0.00199258757649526 0.0509913878757053
0 0 0.00295078050397367 0.0611468796946809 0.00301322220311358 0.0639793886881889
0 0 0.00361877908002966 0.0586220573748687 0.00365743885754059 0.0590160484121657
0 0 0.00195928082114774 0.0887440617310853 0.00203859947045528 0.0909183993636577
1 0 0.000746571957347646 0.0636157332162127 0.000702782741593503 0.0638250919113338
0 1 0.00147135178312115 0.0495011033916267 0.00148501986581841 0.049049576077062
1 0 0.00364754354802605 0.053944673996561 0.00340388443625775 0.0542560731402663
1 0 0.002221743460802 0.0494907874812895 0.00220851014264928 0.0507959673285309
0 1 0.00264085554020183 0.0621707376398847 0.002688035522098 0.0615698624595614
0 1 0.00211509669930317 0.0556275988589366 0.00218661715531078 0.0542260723949321
1 1 0.00022912843593473 0.0579172465615165 0.000228979058905758 0.0568178475021925
0 0 0.00326397616595806 0.0753802229462983 0.00332308302347301 0.0757151981226608
0 0 0.00283532341890401 0.0925780789571571 0.0029876061102922 0.0931784718109679
0 1 0.000524953196094222 0.0689353088583471 0.000535890127515106 0.0671715860788913
0 1 0.00241304935212418 0.0689450899705802 0.00245638176754342 0.067872404347227
1 1 0.000208511496696947 0.0586044873244859 0.000202219813765181 0.0582552414059536
1 1 0.00163036157408037 0.0652278046805423 0.00157491426503868 0.0643322840340172
0 1 0.001004634556942 0.0641669872192386 0.00103351946375196 0.0640919034604605
1 1 0.000502581331027519 0.0875501652640315 0.000472826521063253 0.0851837790760922
0 0 0.00218889122248743 0.0713680349452506 0.00221504732720341 0.0734034335035096
0 0 0.000721678588365401 0.0665087989581139 0.000737571684352789 0.0671695466509289
1 1 0.00101425021008102 0.0637497773392979 0.000985817244452921 0.0633670072994227
1 1 0.00304729966301789 0.0638154371294675 0.00293847836427063 0.06266335472745
1 1 0.00316809297135283 0.0506180433410377 0.00310387697545051 0.0504426784129316
1 1 0.000891163302151871 0.0591710189685849 0.000858898324116443 0.0580971296484062
0 1 0.00266986422389464 0.0866118403939207 0.00273022620186032 0.0850132093179253
0 0 0.00135634620197645 0.070527556656418 0.00140387120351471 0.0717652578144753
1 1 0.00236466571535268 0.0762488066560991 0.00229516126478545 0.075756899232834
0 0 0.00145972303690267 0.0656139874366329 0.00151024972472176 0.0662552896464626
1 1 0.00360365705398111 0.0451367949911484 0.00356850775552298 0.0442416645037812
1 1 0.00192630819078722 0.101791806905215 0.00189776932130814 0.101176504012764
0 0 0.00299953343115746 0.0564574859815251 0.00301450603576356 0.0572758822482661
1 1 0.00223633200558333 0.0804496815730525 0.00222677729015681 0.079002038372527
0 0 0.00286720289081477 0.0740055464686635 0.00295831259948422 0.075353139866539
1 1 0.00133950165065124 0.0538467937345588 0.00129156265607793 0.0516091476408842
1 0 0.00473909171086172 0.0666633673453085 0.00465164135014497 0.0684399802082095
1 1 0.00223055239841644 0.065983966880848 0.00214271753836971 0.0653788188013987
0 0 0.000289032423903763 0.0587225546885761 0.000291335911054433 0.0600924557707479
0 0 0.00113170226333825 0.0657608847618133 0.00114765180746432 0.0659047644976413
0 1 0.00355534100835619 0.0651297360698709 0.0035601715445301 0.0645973956454382
1 0 0.00113779306298623 0.0569262020032866 0.00113761369068925 0.0581417285818695
1 0 0.000420797591990168 0.0809731341039646 0.00041838385238788 0.0812739696078552
0 1 0.00388565838684998 0.0831669837366392 0.00391651167505629 0.0817178983191592
0 0 0.00135958477955776 0.0506317346915382 0.00136010311674438 0.0527579759133297
1 0 0.00174619335605399 0.0775791803013411 0.0017267030159359 0.0806328706350977
1 1 0.000805887845634177 0.071782352648832 0.000770343150354478 0.070751764458363
0 0 0.00205170506531921 0.0532553401961736 0.00213858228981238 0.0544439412905421
0 0 0.0090732454034058 0.0980332745142599 0.0092506396065886 0.0991246926091167
0 0 0.0037202530886667 0.0801530823886002 0.00375955291689674 0.0807747540536651
0 0 0.00141212571081387 0.0579498546934331 0.00142901641873557 0.0581118804136623
1 0 0.00095026309632811 0.0570708975272076 0.000926699469202725 0.0593121451173203
0 0 0.00111333566675957 0.0760048834912589 0.00116834488652128 0.0761655423170449
0 1 0.00122739262332569 0.0529412857497391 0.00123055365165774 0.0521468488140572
1 1 0.00169016282855155 0.072141901313154 0.0015689252914932 0.0721333620575306
0 1 0.000157756525019548 0.072107683313393 0.000159158817312457 0.0707105169003719
0 1 0.00299918376759505 0.0749698896033272 0.00308478337175855 0.0731080919589156
1 0 0.000253941798195451 0.0630473723789427 0.000232454784154549 0.0631859072424019
0 1 0.000513487049806649 0.0696173198458104 0.000521514047493592 0.0673510065046967
1 0 0.00519948015150626 0.0910676536172981 0.00505636054171457 0.0911606879996247
1 0 0.000573833396566731 0.0720212922040926 0.000568705801197673 0.072039446340456
0 1 0.000774912472301746 0.0611444567403334 0.000889184760214053 0.0593708476585435
1 1 0.00490311938149103 0.0917290549943556 0.00475967434708495 0.0844123954551866
0 0 0.000278985359082899 0.0673506111094545 0.000281553269761286 0.0677129391594257
0 0 0.00199402109019763 0.0633306227184156 0.00203172029100313 0.0634236517506469
0 0 0.000822266835903556 0.0569686331872708 0.000834082792561085 0.0574829607283189
0 1 0.00260259344319025 0.0785333209456494 0.00267278944963434 0.0755475666664875
0 1 0.000309076097484596 0.0861325297461523 0.00033661281488129 0.0853237253432652
0 0 0.000224449651229036 0.0583039200111662 0.000234097850623454 0.0586707163499776
0 0 0.00102840661401672 0.0766996255856302 0.00107137044113387 0.0784483138664926
1 0 0.00273961908256314 0.121360834439663 0.00273370592171199 0.122886666815582
1 1 0.00297105747952258 0.0594643364931279 0.00278153998174738 0.0578922455319623
0 0 0.00134775585563146 0.0595539833135771 0.00144335894870209 0.0610994059485252
1 0 0.000893654996313007 0.0698312965291907 0.000873579676540998 0.0709276739903919
1 1 0.00688650332406916 0.0931604413816608 0.00678906553359432 0.0911409671902714
1 1 0.000794731359926263 0.0694739978162172 0.000727197881157618 0.0690481236335209
1 1 0.00139275272077885 0.081952841062508 0.00134755465683968 0.0815494259003951
1 0 0.000669267221008194 0.0621617267273633 0.00063686071012133 0.0621899867998638
1 0 0.0013236821705913 0.0648943844203644 0.00130324677452118 0.0658502612240252
1 0 0.00200474385208516 0.0768578928656781 0.00194554430958273 0.0772810619020726
1 0 0.00276323053147009 0.0860676981930723 0.00275449121446408 0.086954822819328
0 1 0.000345379739813558 0.0690461872377147 0.000357351948840075 0.0668428417308183
0 0 0.00174625361994174 0.0704637596108367 0.00174937076445721 0.0715721862484033
1 1 0.00352205221919985 0.0360300724176278 0.00340544020648603 0.0346258301460191
1 1 0.00293133966473215 0.0673247146559748 0.00285206591448265 0.0661622796602701
0 1 0.00150507632278432 0.0796868492797818 0.00152383948365556 0.0796823582889253
1 0 0.000192714698156167 0.0616462340391886 0.000181968107760503 0.062508461836431
1 1 0.00116587240870634 0.0627758229360748 0.00114755561141932 0.0620491303085457
0 1 0.000420778284886297 0.0603670406823264 0.000456449252027517 0.0573725880395529
1 0 0.0051586603404609 0.0929615046896526 0.00510258369157766 0.0934633904876829
0 0 0.00839326191608652 0.13807756148614 0.00880867780333199 0.138547845487309
1 0 0.00243686722815214 0.0598122103313575 0.00242466106857769 0.0598865462897034
1 0 0.00138612907924062 0.0743472114406269 0.00135517283719166 0.0772614130510585
0 0 0.0033823018071872 0.0673288538454788 0.00340345721363001 0.0691934296390287
1 1 0.000181672002157258 0.0909418202748385 0.000162325867793073 0.0849796788850463
0 0 0.000111734845390093 0.0521446349698475 0.000114842588895997 0.0533702687085355
1 1 0.000809879125932913 0.041125013202927 0.00071851688535825 0.0409231288610107
1 0 0.00281265623884735 0.052544776672836 0.00280350128791722 0.0546991795780275
1 1 0.00149136677245822 0.0612759134482029 0.00147863012493925 0.0603208733946999
0 0 0.00175707943039859 0.0967033694407785 0.00180574588558472 0.097302989135505
1 0 0.00498028089973264 0.0943402145419977 0.00497283944587325 0.0956460169986026
0 0 0.0016841563511758 0.0460218489008499 0.0018199128076157 0.0469359440283763
1 0 0.00123464076453432 0.0606760211715463 0.00121808467405676 0.0616425834847115
1 0 0.00247391850815477 0.0642067743301486 0.00245758362132928 0.0651872957012318
0 0 0.000994081367277885 0.0633651987528848 0.00102132875674358 0.0657736319095434
1 0 0.00269273505840756 0.0415803477367767 0.00265683714479114 0.0425596320243795
1 0 0.00135082051754389 0.0805326266891639 0.00132697286501425 0.0810489909788795
1 1 0.000674697005911374 0.0693527038736368 0.000666414086193477 0.0692141892032622
1 0 0.000571169330549556 0.0796207178719286 0.00052432555835183 0.0820739777934718
1 1 0.00300827266498813 0.0685712537040344 0.00296680433159066 0.0673208475519578
0 0 0.00909121946814993 0.126868215387099 0.00952737406176522 0.127089835434497
1 0 0.000556911561075531 0.106629219052866 0.000555415198627442 0.108424573338231
0 0 0.000227978803321718 0.0497277646625383 0.000234232016044804 0.0516699683934912
0 1 0.000344363207880842 0.0740080089224897 0.000351103117139607 0.0734106085643876
1 0 0.00116489851459456 0.0593825632228393 0.00114989968772049 0.0644184006847541
0 0 0.00112208409756652 0.0551729292086056 0.00112849591888462 0.0562283866314131
0 1 0.00124302965832614 0.0680128053755561 0.00131598789657187 0.0644484231506217
1 1 0.00576861885904607 0.07165190102045 0.00553275153776123 0.0716232399699005
0 1 0.0038272593983591 0.074376021176195 0.00383926839207437 0.0722132331571912
0 1 0.000474044347382083 0.060295714434565 0.000499684915429862 0.0590173896577929
0 0 0.00150246683614839 0.0711666062113569 0.0015875370259197 0.0711841168183426
0 0 0.00991647475151122 0.0998086929536813 0.0100311113152599 0.10386339526562
0 1 0.00171765187984305 0.0653342064894833 0.00173172319458843 0.0623430571294903
1 0 0.00170741891257739 0.0828012982217993 0.0017030699804686 0.083816423590891
1 0 0.00170196933449283 0.0726869338779558 0.00162514965973096 0.0752720395086849
1 0 0.000449563920205219 0.0648664106909076 0.000420827246740741 0.0660378238303493
0 1 0.00135652257697084 0.0908094285211596 0.00136636471269146 0.0842422559609171
0 0 0.00073274904361525 0.0483817312088622 0.000741602926743431 0.051280237253888
0 1 0.000470628710193028 0.0578114341289061 0.000479073342057583 0.0575977563953744
1 1 0.000403049468993883 0.041661572328459 0.000385193287533884 0.0415767612713176
0 1 0.000942080070798067 0.0491705380377378 0.00096148332094504 0.0487697481659346
0 0 0.0023460498638196 0.0706198975284646 0.00238291824926433 0.072632158173736
1 1 0.00191577028808105 0.0818473021085234 0.00188563501487365 0.0801927195548157
0 1 0.00122899388075876 0.0435503585686831 0.00128064694027026 0.0429056072327205
0 1 0.00505239646271297 0.0646172404906945 0.00505315873210073 0.0634385188845902
1 0 0.00151325932197663 0.0613202078758615 0.00135295343343598 0.0617941972758989
0 0 0.00409330020172458 0.0778798709866067 0.00425244831705369 0.0778953693022544
0 0 0.00294565887383435 0.0545464106650928 0.00297207674439883 0.0557824302744588
0 0 0.000833710336427419 0.0645193741959189 0.00085677385719344 0.0650490394555923
1 0 0.000805685036666763 0.052868770260972 0.000725199065223773 0.0553695666286734
1 0 0.00434853555174165 0.0819265108134897 0.00434294857184192 0.0839978041473892
0 0 0.000795122851234505 0.0747682890392039 0.000823489082563497 0.0757743029481122
0 1 0.00157456969605544 0.0620012375302123 0.00158247638790525 0.0589553693566382
1 1 0.00517996171465049 0.0831076214835791 0.00492115249802765 0.0824167767065659
1 1 0.00129154108276254 0.0379978845660022 0.00127408819525898 0.0373146857741766
0 0 0.00494890143635017 0.0933568732362617 0.00518784229146969 0.0957413927691001
0 0 0.00142291099392382 0.08528837450432 0.00144177053955708 0.0856881225691315
1 0 0.00238864835567906 0.0675798241966765 0.00237472796287147 0.0689973676340883
0 0 0.00148452702006433 0.0646027104459285 0.00149658080505153 0.0655458703112728
0 1 0.00148178752868808 0.07007394222209 0.00156684824963362 0.0686825495341237
0 1 0.00189691099236917 0.0664604745465171 0.00193081666971869 0.0636785732792135
0 0 0.000585724281199924 0.0815690726405112 0.000611023464466269 0.0843103567652343
1 1 0.00301570711857537 0.0721041639071012 0.0028486122557713 0.0720005958323825
1 0 0.00270620387339214 0.0475421627426278 0.00254735868952823 0.0484063189059326
0 0 0.00170617871478055 0.0363699253235755 0.00182253883355783 0.0366503860227319
1 1 0.0014224692719094 0.0804851419384072 0.00135514210554362 0.0788139384452987
1 1 0.0024847475170401 0.0862033884362988 0.00247037953358915 0.0842826039162326
0 0 0.00131376259547579 0.0497084063415376 0.0013540843905692 0.049755675388617
1 1 0.00277475181314385 0.0644551525645409 0.00267434630493519 0.0635984111298794
0 0 0.0022310170701069 0.0624179675319201 0.00223575370298243 0.0631453167286448
1 1 0.0032192666738921 0.0730624220535611 0.0031817046396771 0.0710535002397043
0 0 0.000915470301107863 0.0527407959938272 0.00101956632369804 0.05301749559412
0 0 0.00105790337816492 0.0689944953764193 0.00105880435618256 0.0713672628732513
1 1 0.00394216382019668 0.1395240730509 0.00384015874692937 0.137662575002486
0 0 0.0016968212333102 0.0574846098891531 0.00173460808718169 0.0576667073516949
1 1 0.00514122366466617 0.0517649167191987 0.00507664798095116 0.0505844776202251
1 0 0.00157272420179617 0.072162390302202 0.00154115495169634 0.0746347630321533
1 1 0.000965443437183314 0.0457782643219099 0.000956789773888944 0.0447614075623204
0 0 0.000566685393221104 0.0705660970409648 0.000585509664891213 0.0718348621797431
0 1 0.00173621456235221 0.0825635936664557 0.00179929070450138 0.0798030560012209
0 1 0.000899036554217262 0.0676271961256995 0.00091412654363225 0.0676245198134847
0 1 0.000722353571960724 0.0558513228515963 0.000736322977668672 0.0538081772761114
0 1 0.000650735112493926 0.0528579918453597 0.000655720919992106 0.0507437550955819
0 1 0.00142315629787033 0.0787138292458538 0.00144122817880215 0.0764079594449917
1 1 0.00242839247566484 0.0965049584853527 0.00236185469389517 0.0948742299333466
1 0 0.00227781931986457 0.0669754355973206 0.00221616027237485 0.0671739296264117
0 0 0.000944131158116609 0.0759675065318474 0.00100942992993129 0.076134155824741
0 0 0.00139971120498473 0.0377338054127323 0.00147109784177402 0.0390432621428644
1 1 0.00287143101296448 0.126588681976687 0.00285761216991029 0.126381369153958
0 1 0.004861660696866 0.0698954912536486 0.00512000156151182 0.0685960535897247
1 1 0.00136387229382049 0.0471878124281951 0.00133151734159803 0.0468484041073027
0 0 0.00589787793042834 0.0900399107907257 0.00592629271587083 0.0933476338679526
0 1 0.00386139894623211 0.0770223368572706 0.0039911692199649 0.0754695340645855
1 0 0.00298076339766414 0.0521761182163849 0.00287511120329663 0.0554791712051198
0 0 0.0115960120480259 0.102697351838994 0.0121145574221058 0.106510509516769
0 0 0.00489894284727534 0.0756261270142112 0.00490784314258659 0.0757987562274449
0 0 0.000841649231282426 0.0474575210249578 0.000850953870363386 0.0479915520845821
1 0 0.00219225148853664 0.0742851941829648 0.00213235471668332 0.074987156682844
1 0 0.000677374012112828 0.0691408892185468 0.000675462895660394 0.0697027970614811
0 1 0.00388115882416278 0.0735605908812164 0.00395348094612029 0.0720835085023607
0 1 0.00185756913511792 0.0639070605737283 0.00186314350396448 0.063531624262562
0 0 0.00236471552897401 0.0957448198224685 0.00246077232171389 0.095879474251511
0 0 0.00218083825002843 0.0707424112730885 0.00227589463815548 0.0731546123194971
0 0 0.00418938938531559 0.0687642098903754 0.00426529781912241 0.0714821002464737
0 0 0.00277760117729437 0.0631974079187613 0.00280762923273013 0.0644703785843517
0 1 0.00332507341187672 0.0818637613672533 0.00341735535460723 0.0802704213162674
1 1 0.0020470683045106 0.0649576860215508 0.00201701550008406 0.0647218095241033
1 0 0.00178431211354472 0.0589979453900056 0.00177390356453143 0.0597967325476739
0 0 0.00502909870058791 0.0818991408775726 0.00510141165010338 0.0829142670132408
0 0 0.00370718556484138 0.0806070654795008 0.00375248183877133 0.0822891211489876
0 1 0.0054301330192581 0.0903957480513041 0.00553285776208271 0.0840963677178138
0 1 0.000552323231860417 0.0594619564146932 0.000591267179947967 0.0577659815287522
0 0 0.00113186873075287 0.0625198865776498 0.00120534455531572 0.0653094664117211
1 0 0.0025345274330391 0.0639193978910941 0.00246456989479595 0.0656196823088579
0 0 0.00333590221509748 0.0760848066624726 0.00336839244597325 0.0770511157696396
1 0 0.00544282858181551 0.0879249586904523 0.00527417232135725 0.088332323847567
0 0 0.00500124216037986 0.102592784259546 0.00500914452662254 0.104241078999464
0 1 0.00367060653060533 0.060087886731926 0.00376753978052215 0.0599698516958873
1 0 0.00625677339010572 0.100193002266345 0.00625277188506451 0.10228746815294
0 1 0.00180388264095136 0.0586681611565238 0.00184134665177158 0.0567283486235631
1 0 0.00744768346353551 0.0858742776920845 0.00729852629417711 0.0897364838573499
0 1 0.00193274552110173 0.0676869392289234 0.00193587615548211 0.065915551891908
1 1 0.00194002362474744 0.101952576625296 0.00192782363044555 0.0979959891622698
1 1 0.000576533463852038 0.0842193752134364 0.00056937250175095 0.080493860923055
1 0 0.00134470499527297 0.0800666564219562 0.00131334111925111 0.080579155952072
0 1 0.00784856284902314 0.08365807742462 0.00788732455545549 0.0825311078253125
0 0 0.00149614019992364 0.0709739744318006 0.00161379461432778 0.0720652543489739
0 0 0.00119899812042804 0.0759932484466346 0.00120865574289116 0.077487646825101
1 1 0.00253324181981429 0.0805994931513608 0.00246235015358981 0.0786902866411247
1 1 0.00267234370144346 0.0771033671992846 0.00263913522668217 0.0755947273023598
1 1 0.000609873624844041 0.0602252036337915 0.00060376985085533 0.0600840328505208
0 1 0.00376387420798334 0.0986998978581692 0.00382939724160233 0.09570171360372
0 0 0.00157140532030721 0.0584610115881281 0.00159887480279471 0.0592363224857371
0 1 0.00270076131640324 0.05859527767328 0.00278094753313887 0.0566763878205561
1 1 0.00383957002943893 0.0761659444918584 0.00378292480625054 0.0757554179317427
0 0 0.000883137325359091 0.061788393531671 0.000910381690607842 0.0622648566655995
0 1 0.00223592657869909 0.103482504448371 0.002239979591709 0.101168462433927
0 1 0.00273454046590467 0.0571307631408299 0.00275206654597368 0.0557854071611984
0 0 0.00214427075026087 0.0802244786118771 0.00220111296743774 0.0811531630921776
1 1 0.000475094573783972 0.0764700022501973 0.000472398830273361 0.0741994377233731
0 0 0.00098743470829739 0.0634046810034922 0.000996526367703627 0.0645895562516425
0 0 0.000715958292908593 0.0575633514402439 0.000728524911855174 0.0589056468288059
0 1 0.00161616705431936 0.0595997019235784 0.00163799489644966 0.0594937409754833
0 1 0.000807840606994862 0.080389482013273 0.000839226935247057 0.0765669602708917
1 0 0.00435747411075755 0.102694032580337 0.00429629297205713 0.103859340418545
0 0 0.000749218584209027 0.0581349804659244 0.00076560368569309 0.0598415018467682
1 1 0.00274910531077578 0.0704746215265691 0.00273836071328596 0.0690245242791779
0 1 0.0018204151664034 0.0748772419886252 0.00185527246932034 0.0732536445722406
0 1 0.00079170393431684 0.0807847403412814 0.000802067412271589 0.0799750233469544
0 1 0.00353198713621851 0.0784195834598294 0.00359902252525143 0.0773506894426476
1 0 0.002792613574313 0.0611194160159022 0.00271842296952644 0.0617561979974519
1 0 0.0044206740546247 0.0451266307134943 0.00425336622349584 0.0454052128321428
1 0 0.0074613229339448 0.0612916223896203 0.00728047625084116 0.0618140936208251
1 1 0.00162580678109183 0.0671204894653465 0.00162010703534372 0.0656514942620558
1 1 0.000975709163183897 0.0617416065927172 0.00097049996050469 0.0612570860996237
0 1 0.000893091545043384 0.113586063130246 0.000904967659163453 0.109956976825959
1 0 0.000906377145313158 0.0814328362322601 0.000886406414029576 0.0816242998075581
1 0 0.00475202280489104 0.066612381239451 0.00456486921568701 0.0673339675743211
0 1 0.00292114951759283 0.0633225962850501 0.0030351337694722 0.0628647328051123
0 1 0.00173186624361292 0.0430623763052851 0.00184824244352461 0.041636486855236
0 0 0.00375736045321274 0.07289871322797 0.00383978445461091 0.0741628090180102
0 0 0.00117932778968409 0.0816726124239806 0.00121104722724731 0.0844056805642197
0 1 0.00123169922219819 0.0583377262173973 0.00128206460176209 0.057693371840855
0 0 0.00400456559782197 0.0589452453618214 0.00413212702482483 0.0591044476062426
0 1 0.00284358672146326 0.0575001068886877 0.00286599440455787 0.0569198105991569
1 1 0.00130932143991807 0.0714232028394214 0.00125575767561114 0.0707938880245326
0 0 0.00133548198739077 0.0803941269420882 0.00139071801631679 0.0811872026837259
0 1 0.00175128979891786 0.0707777657456743 0.00181795475878862 0.0703025810604381
1 0 0.00124967390126726 0.0723897626218915 0.00124150822502979 0.0733834803790654
1 0 0.000941372740992607 0.0788568916881164 0.000926193071374481 0.0802912635712527
0 0 0.000718509936876865 0.0826742112114095 0.000741482172749601 0.0837617321618299
0 1 0.00168168263475408 0.0669198883759472 0.00169195528128387 0.0652054432669316
0 1 0.00115686089580241 0.0701699736931363 0.00117778812449769 0.0697019716083973
0 1 0.000995053594228936 0.0578880134095648 0.00100292417745109 0.0578832261390655
1 0 0.00123183386996862 0.0595964192086769 0.00114326800202552 0.0603166630516835
1 0 0.000888814438442185 0.0569555085475374 0.000886602617728145 0.057659322222115
1 0 0.00267427441106814 0.0494605772355103 0.00265368607898477 0.0502896953831122
0 1 0.00373725248795194 0.0789482977782985 0.00378765438359346 0.0762010602604915
0 1 0.00402201701950068 0.0757726277319279 0.00410616281461986 0.074168089441585
0 0 0.00871345383842941 0.11767003349421 0.0087724710398593 0.122612517873516
0 0 0.000448592032625403 0.0599935306953726 0.000509672710862253 0.0606759687551571
1 1 0.00232301369747125 0.0571138977706185 0.00226127047595719 0.0564779216291616
0 0 0.00240387470192482 0.0759284323622755 0.00243115565483901 0.0765045370746305
0 0 0.00184455461801106 0.0720565080200125 0.00197461875652409 0.0731985964015877
0 1 0.00179481095334872 0.0956561869400035 0.0018796892062605 0.0956386125962527
0 0 0.000499775843567406 0.0581184822585598 0.000515974861670912 0.059812697032021
0 0 0.00246969061908585 0.0669424450947351 0.00252042996999476 0.0675396108924997
1 1 0.00275898463617456 0.100771145596268 0.00270975763849468 0.0984873259205258
0 1 0.000823658887346901 0.0734047275383193 0.000829992023532209 0.0709627227147898
1 0 0.00233558886322117 0.0588762591276931 0.00230718169343761 0.0630989619915506
0 0 0.00340735910146452 0.0931655459166242 0.00346080429699748 0.0952545615701171
1 0 0.000441629757052854 0.0583362632391677 0.000433169222943589 0.0589921813800826
1 0 0.000745405400950184 0.069095784964083 0.000720882357090783 0.0719391061949627
1 1 0.00185746386131236 0.074575018746096 0.0018060025714573 0.074212020163243
1 0 0.00366853302118413 0.0530188569401797 0.00363361768442777 0.0536660803092224
0 0 0.00167523829590752 0.0669650498176295 0.00174605323013393 0.068825381680901
1 1 0.00114866085142144 0.0754582653271837 0.00112572737966008 0.0740645767103718
1 1 0.00402293210922443 0.0687579804183733 0.00400090206124397 0.068572408658021
0 1 0.00070212541976307 0.0769742227399871 0.000739560155010139 0.0752210750590848
0 1 0.00354692699530473 0.0708226889432096 0.00363004760732163 0.0700197435992927
0 1 0.000851562196440315 0.0680631753328567 0.00085262294211989 0.0675893298706278
0 0 0.00111490753556508 0.0500023801545568 0.00112700703136719 0.0506395659727582
1 0 0.000574590000730434 0.0825440315133428 0.000546391596458644 0.0844525255643798
1 1 0.000561448710232655 0.0589100308197808 0.000474723447370118 0.0562745188747612
0 1 0.00523435142474123 0.0597943405004744 0.00523686652381384 0.0583392885216769
1 0 0.0023909141642213 0.0605725586639961 0.00222379469296759 0.0609871292479717
0 1 0.00593581724754901 0.0806466883060483 0.00598324894611712 0.0778896708743876
0 1 0.000274766754384056 0.0497234941725142 0.00027644922305482 0.0484254988778824
0 1 0.0016142420046771 0.0558869472789339 0.00163707034173099 0.055759700422429
0 0 0.000874934678983677 0.0613902907722322 0.000892261384496593 0.0633236988828103
0 1 0.00108841628049175 0.0626514772033853 0.00112084458875733 0.0621248477092386
1 1 0.00277389534999737 0.0554013389770696 0.00261437938425359 0.0549161784082969
0 0 0.00491387378780981 0.0635832694784733 0.00500465503440163 0.0650105200502882
1 1 0.00152934925487247 0.0869980854849708 0.00151641290963143 0.0859705796403021
1 1 0.000222761229247765 0.0653077420980642 0.000220984633516796 0.061325798184091
0 1 0.00252278330238574 0.0572723557001937 0.00263102101649545 0.0565937576254735
0 1 0.00199319585272615 0.0566885939016301 0.00206322438559425 0.0557969456550762
1 0 0.00067881384291211 0.0612743636955045 0.000646869681888176 0.062793089813339
1 1 0.00155279264746951 0.0758844441097809 0.0015377440410659 0.0732275294404924
0 0 0.000358631992755604 0.0695044987026684 0.000362491275888919 0.0699786156770681
0 0 0.000329304969671363 0.0501434444756472 0.00034162157057088 0.0520255229986962
1 0 0.00119854107120137 0.0701018416581598 0.00117420505763297 0.0705456103914558
1 0 0.000352844471407979 0.0893359018159308 0.000324304264334867 0.0915974039077544
0 1 0.00127997273694187 0.0666877992681111 0.00136498569933854 0.066414263586147
1 0 0.0052480144760817 0.0823107040636195 0.00521766934038181 0.0836644552357552
1 0 0.00387479398320551 0.0987822337663555 0.00374889330925259 0.0998970237539841
0 0 0.000434230886902862 0.0679494478843216 0.000471050951210253 0.0688334173723732
1 0 0.00179715120021683 0.07115766082064 0.00179542836021757 0.0716616041009384
1 1 0.00105678121420781 0.0580533324447165 0.00103874789933234 0.0571524373790666
0 1 0.00217658743004854 0.0900304234882597 0.00218983761905344 0.0882085344664049
1 1 0.00128283507104109 0.0661588915167481 0.00123265153959783 0.0644722691844227
1 0 0.000395559911160683 0.0629416957372748 0.000354478182869267 0.0634586021906187
1 1 0.0014136125790028 0.039213294705066 0.00139502430815406 0.0368549372951745
1 0 0.00201105813811965 0.0863533808976503 0.00192099431061704 0.0882070958808868
0 1 0.000877336809086359 0.0872355302880772 0.000892472772184292 0.0856510462046463
1 0 0.000237539150365692 0.0500075557639508 0.000216907211422792 0.0525401857330821
0 1 0.000423383881983777 0.0640740322746222 0.000444963804670582 0.0625728610867782
0 1 0.00522500537717075 0.0793266914535816 0.00524048818421815 0.0776932197861608
0 0 0.00671312512499859 0.0604625664029772 0.00689042800810835 0.0626314945659868
0 1 0.00179903375030997 0.0760575191448636 0.00185850839572465 0.0746242891403336
1 0 0.00120031319882587 0.0830868413039689 0.00119459469414264 0.0831499035621471
1 1 0.00356076499698983 0.0611992205372314 0.0033856236898935 0.0584757618664052
1 0 0.00149482305443116 0.0759412205489006 0.00139115434674193 0.0770135889997576
1 1 0.0109147798598863 0.107407667941816 0.0107527123879841 0.103654317991904
0 0 0.00179469855186988 0.0759761941165399 0.00185337796399351 0.0768639053390068
0 0 0.00287519906936138 0.0990905629699154 0.00288050124582064 0.0999891691988868
1 0 0.000767001472645905 0.0852299698388927 0.000759037430621149 0.0852324772189449
1 0 0.00152636368673497 0.0556760196108212 0.00150079341499665 0.0557588644720972
1 1 0.000495236301538762 0.0576846654188717 0.00048988133140972 0.0572836016749163
1 0 0.00103530587524064 0.0838875686826855 0.00100771828813667 0.084688405218409
1 0 0.000488890537607439 0.0386122457062055 0.000485402299267683 0.0391359935632576
0 0 0.00112087954522987 0.061375301748364 0.00112505445834016 0.0615582123701877
1 0 0.00193748976134478 0.0592358186600686 0.00193068449201226 0.0601769254304616
0 1 0.00645965245608926 0.0891054820152905 0.006496286257021 0.0863003982696397
1 1 0.000104933252674674 0.105430086362673 9.91615030718934e-05 0.102291592733113
1 0 0.00346310397736805 0.057798917645937 0.00344276053523345 0.0591126923531694
1 1 0.00303043649759942 0.0718660775991521 0.00287553030889532 0.0718183628439348
1 0 0.00142152148557694 0.0588988872866836 0.00135707220183541 0.0591381897156137
1 1 0.00232329384880919 0.0996036067388813 0.00226182231080112 0.0987802604014736
1 1 0.00146776886194854 0.0892903510255328 0.00142860272316914 0.0890812574759387
0 1 0.00068597779184704 0.0581252009663232 0.00068735800134915 0.0566230538158142
1 0 0.00070870477755167 0.0604072284392858 0.000688035789756978 0.061027610939814
0 0 0.00102557377390322 0.0644061076402761 0.00106725903244037 0.068206996641615
1 0 0.00352990364841144 0.0682037897231807 0.00351241526756273 0.0693358061302126
1 0 0.000485875809826953 0.0572962269294179 0.000484439237821756 0.0588422944447641
1 0 0.00129392603974132 0.0518643879557068 0.00124996400283946 0.052293084887056
1 0 0.000638966404443591 0.0488777106874938 0.000632454967628185 0.0501628807155641
1 1 0.00320942577894567 0.080229656397714 0.00287915412410645 0.0768953670112
1 1 0.00280746637234221 0.0721955884342142 0.00278751678608222 0.0709948022834985
0 0 0.0017489066440832 0.0945607455598682 0.00177890600482999 0.0957877233887075
0 0 0.00265125230801553 0.0664168411014945 0.00269829930184423 0.0676745743278838
0 1 0.00119296931362057 0.102700374863117 0.00124221692860364 0.10142816864606
1 1 0.000666243165582567 0.0543575575905191 0.000635719639559597 0.052617123802816
1 0 0.00221342881447001 0.0795395686701191 0.00219999595947336 0.0809782435990632
1 0 0.00444591386894587 0.0798872572423262 0.00434939237973672 0.0834138776183559
1 0 0.00060907762147223 0.0656086399043433 0.000605233658522407 0.0662057665321454
0 1 0.000982955334508494 0.0713035913407695 0.000990457337741607 0.0688844169179297
1 1 0.00298460495715483 0.0711380145811145 0.00295257135369914 0.0689039436979042
0 1 0.00516447049471695 0.107623790993659 0.00530005843312523 0.106275480374324
1 0 0.00312912897418041 0.0852657574252695 0.00302017019753534 0.0860002133596663
1 1 0.00146178341305537 0.059092981832917 0.00146082451869525 0.0585747891991874
1 0 0.000616318045084771 0.0611827307183158 0.000512159480861376 0.0611854864574772
0 1 0.00176037187529404 0.0825655830235178 0.00182836974632512 0.0825461384088259
1 1 0.00279118331214878 0.0698726227502994 0.00276361202731375 0.0668824040483279
0 0 0.00106119878669413 0.0648858399515691 0.00109180164609907 0.065235976238359
1 1 0.00106831863935863 0.0432273777616946 0.000960162571749696 0.0426928121807155
1 0 0.000866392489155802 0.0730388608272846 0.00085487956470475 0.0743911703390985
1 1 0.000412100492189092 0.0488232985977925 0.000410884852400723 0.0485584072398879
1 1 0.000692698142940051 0.078497705241904 0.000675943257922704 0.0758169167694817
1 0 0.00168657168248918 0.078465224882563 0.00167391390101239 0.0797930286626247
0 1 0.0010318928616533 0.0660187081481581 0.00110981219148728 0.0640233599619137
1 1 0.000632064902797399 0.0434300451205428 0.000625719701559 0.0420658411074093
1 1 0.00243622332565091 0.0667835945044128 0.00232522597680115 0.0667602722723912
0 1 0.00185620524749102 0.0707624161887385 0.00188354134843503 0.0701676966527625
0 0 0.00355514907079502 0.0690571794658442 0.00356751493014136 0.0703722212656891
0 1 0.00149193997343486 0.0672401533134988 0.00154648487199089 0.0639489283630299
1 0 0.00358783673235862 0.0781698174479823 0.00357200054408851 0.0784815164225027
0 1 0.00187459736316455 0.0508645213700406 0.00191960050418742 0.0500689142130878
0 1 0.000748575020296387 0.0545734824957127 0.000773047434176254 0.0537765775074695
1 1 0.000166841187376793 0.0646834570321782 0.000125724732938618 0.0623970996529089
1 1 0.00129736692828015 0.059617630137594 0.00128294584959068 0.0575868497592375
1 0 0.00111016636874815 0.0710949046812693 0.00108349639091749 0.071378449021626
0 1 0.000905962559299282 0.0569904912714924 0.000945983830119963 0.0545110283533506
1 1 0.00536066441072819 0.0711213897931582 0.00534698772081138 0.0701440670192969
1 1 0.00117349935207262 0.0661122277450605 0.0011116540434263 0.0635387580579195
0 1 0.00216658727209032 0.081372769684949 0.0022592230510817 0.0794199591023467
0 1 0.00117056975058487 0.0624963498013083 0.00118414198110203 0.0622119469255052
0 1 0.00181709833984086 0.068207552577008 0.00181965327101647 0.0673364547013849
1 0 0.00232563087473096 0.0665147946475726 0.00228973231464113 0.0677260476850055
1 0 0.00531294776949523 0.0538107735453936 0.00523584972957312 0.0562583273024367
1 1 0.00215289028173364 0.0424318909034444 0.00214255453117707 0.0420323779832523
1 0 0.000950562719949471 0.0770603262523929 0.000894759234076058 0.0771409185659185
1 0 0.00103355519387317 0.0658262329041689 0.000987029262851446 0.0666594824527553
0 1 0.000181944653378472 0.066198880185349 0.000216803141844504 0.0641388324374403
0 1 0.00188286312975349 0.0727653938471147 0.00191069443524121 0.0724514630883858
1 1 0.00244450789356646 0.0642351390781012 0.00242607518180874 0.0640039446911729
0 0 0.00340560849614753 0.0802728433067546 0.00349228915616431 0.0806988699900046
1 0 0.00174784481457435 0.0515860118201133 0.00173283606219802 0.052115045744366
1 0 0.00037422330599842 0.0518649849524885 0.000364615151370005 0.0520104066738998
0 0 0.000161463608505564 0.0634245880686574 0.000166205952276839 0.0642545820842931
0 1 0.00199968052522034 0.0748650086006077 0.00209811344752123 0.0742027267879531
0 1 0.00485131139298313 0.0739745887723181 0.00485242976158951 0.0719756456511867
1 1 0.00119934495855234 0.0617709415220288 0.00116535189120064 0.0616196365986287
1 0 0.00043249223201772 0.0829999631650334 0.000429798789899467 0.0837527989903664
0 1 0.000285915430462249 0.0739682132619489 0.000346780966109949 0.0718450745511328
0 0 0.000536135602718407 0.0704174372649216 0.000557683222173761 0.070901490327942
1 0 0.00179975160909782 0.0656191083583132 0.00174043469654724 0.0675439965519332
0 1 0.000217246832168687 0.045692156786817 0.000220058384856005 0.0451844735247873
1 1 0.00175019019744351 0.0515304623076471 0.00173866811764893 0.0507123530357328
0 1 0.000893364928736089 0.0797055164108873 0.000942820804899463 0.0780986959959288
0 0 0.00131590192770797 0.0667337718938549 0.00136788907375061 0.0675849705405862
1 0 0.00145085194953278 0.0345308216921852 0.00137380853220174 0.0355605728911845
1 0 0.00320721086010609 0.0806789980056634 0.00287888423205647 0.0856987817002205
0 1 0.00165996494928846 0.0719421166453904 0.0016883183372843 0.0715369266712141
1 0 0.00578016551230582 0.0764880382159129 0.00576837676350512 0.0781272730030861
0 0 0.00102040327986853 0.065540058847387 0.00104179138420266 0.0662929289816986
1 0 0.00552379261321811 0.0586862309617949 0.00538051558986418 0.0619048838330957
1 1 0.000588324631132506 0.053818111788105 0.000580611518759578 0.0537493209408263
1 1 0.00179287674555772 0.0605036355748961 0.00172578467917373 0.0593120958468555
0 0 0.000257024363246675 0.0605099871608133 0.000276687211165476 0.0608155450954084
1 1 0.00115188452012472 0.085073901371751 0.001133157619424 0.0832434758483896
1 0 0.00306450738592069 0.0595503255091303 0.00301508954613918 0.0612102115804636
1 0 0.00218052531833199 0.0667091190939385 0.00212227765509032 0.0678481559018685
0 0 0.00243032855506362 0.0879241192546931 0.00244467666225199 0.0930661590998588
0 1 0.00403811669842654 0.0618409316242202 0.00413142979006337 0.0591196271095931
0 1 0.000696256507584845 0.0795280529388407 0.000697114641269649 0.0768469332988196
1 0 0.00136512724148392 0.0584532018673599 0.00128935762185288 0.0587960267065722
1 1 0.00199292031766002 0.0662891783034069 0.00197885347850185 0.0662075702208978
0 0 0.00440248347832254 0.0828014784421213 0.00444393482864539 0.0844226556507041
1 1 0.000379213306854348 0.091493896091848 0.000335530878146446 0.0911166723108034
1 1 0.00139171721141699 0.0969158484448461 0.00138346919892782 0.0958499468993865
1 0 0.00287524720317976 0.0687172177666586 0.00272777558625245 0.0706666880684601
1 0 0.0101657491252158 0.0649948880615226 0.0101105906812941 0.0675477641709728
0 1 0.00689438984253069 0.0837224279201219 0.00690936129625165 0.0825509945079793
0 1 0.00032738210763137 0.0604038653313386 0.000336948610711384 0.0578076063075144
1 0 0.00101743506454423 0.0544887367352057 0.000949888642936415 0.0583860292726397
1 1 0.0014042218667888 0.0450699946078727 0.00131336452176668 0.0444698197818638
1 1 0.00274918493071608 0.0866362998783309 0.00272940373882274 0.0855340987050508
1 1 0.0011552207290572 0.0644904449482243 0.00110221620251741 0.0643595785690589
0 1 0.000639816072653976 0.0765411850339411 0.000655987143697014 0.0735208950326077
1 0 0.00144693041095827 0.0903093356668252 0.00143034062009571 0.090681027362548
0 0 0.00105964140568415 0.103305731729318 0.00106063300854928 0.107620081155957
1 1 0.00185395159467535 0.0669502257190845 0.00182901259939239 0.0655835682061244
1 1 0.00382218754873289 0.0619576035701712 0.00364022606150052 0.0591679093379203
0 0 0.000747665749588773 0.0640258436853482 0.0007587562177324 0.0649560303640914
0 0 0.00121715809602462 0.0525277672173093 0.00127107029706164 0.0538777133809927
0 0 0.00235825012734229 0.0898036883856025 0.00236746949483308 0.0904238509022956
1 0 0.00178372078034467 0.0624632375331225 0.00171765125058149 0.0630262414290181
0 1 0.000755693118164081 0.0337474698431878 0.000819240841975717 0.0304267480567031
0 0 0.00192309620273301 0.062647159297253 0.00196705993685192 0.0642473051905755
1 1 0.00144347031264285 0.0577058644024936 0.00144169696599954 0.057593446424886
0 1 0.000396845244635337 0.0670371758176482 0.000412411644720595 0.065388184859829
0 1 0.00106588524845845 0.104706433194449 0.00112175966444967 0.100565181202381
1 0 0.0011039098155395 0.129470265041557 0.00106294029757374 0.13192107564029
1 0 0.00066323912217888 0.0584934748470007 0.000662595393348201 0.0588300827362725
1 0 0.000718303764235165 0.0555742932968285 0.000688716956487317 0.0566010631339092
1 0 0.00537994660798258 0.0589423719923991 0.00532337701952317 0.0599063557908197
0 0 0.000858007683394808 0.0642163470980223 0.000884575006241434 0.0651894886794012
1 0 0.00571129858643282 0.0749700883521042 0.00566666467063649 0.0761025938825789
0 0 0.00343880315299248 0.0719206334635323 0.00344409184194289 0.0736804671456677
1 0 0.00493218260365271 0.0703427505671916 0.00487985552909474 0.0719728619752077
1 1 0.0010999729596857 0.067743339220098 0.0010870657161129 0.0668193507499408
0 1 0.000941894522088508 0.0566994805513048 0.000994344220936451 0.0543108617381175
0 1 0.00572441541666533 0.0809641885308192 0.00578603625392601 0.0809456880389773
1 0 0.00261288771306608 0.0726862423654954 0.00260545055649821 0.0733414755195178
1 1 0.00111361438255433 0.0781836611749932 0.00110350241541577 0.0756144631346929
1 0 0.00114039681228601 0.0648079595361305 0.0010956690878709 0.0668234369283344
0 1 0.000836606444857056 0.0708294957323872 0.000854540250845103 0.0706701173165501
1 0 0.000704681542117836 0.0530827940199482 0.000649190852818733 0.0576560504033379
0 0 0.00115326017814941 0.0548803303678901 0.00116863953958981 0.0568402608488662
1 0 0.0041070767742788 0.083870249468062 0.00404833304005368 0.0849637438240459
1 1 0.00110368664208081 0.0709190359175369 0.00106278454497801 0.0688123596598602
1 1 0.00740230982587061 0.0473895761060273 0.00729181324360604 0.0462760340894581
1 1 0.00091491691904089 0.0487555134214223 0.000906244139880275 0.0482328601519283
1 1 0.00229519148856516 0.0781103795355604 0.00228997919860978 0.0776327272576498
0 1 0.00171644926782907 0.0517971202249291 0.00173124676209849 0.0515659375015146
1 1 0.00112955919298132 0.0622958579674187 0.00108076108763934 0.0609380202527076
0 1 0.00150485345233309 0.0907388569353083 0.00158332086352631 0.0884539581228867
1 0 0.00145411111758276 0.070635471821232 0.00139128748091077 0.0720498593419888
0 0 0.00126778376562047 0.0935028340934649 0.00128489654810965 0.0943196307561514
1 1 0.00814839983022031 0.0775392337554163 0.00758182017168763 0.0761205478831316
1 0 0.00227839693481477 0.0512599315272697 0.00221160641234531 0.0528911717344713
0 0 0.00260563789808433 0.0633764713745891 0.00261088737875701 0.0672527324317327
0 1 0.000806017585043125 0.068079991188984 0.00081642938472087 0.0679161367389876
0 0 0.000449981446496041 0.0648736863537111 0.000476412474913137 0.0667095025700522
1 0 0.00338183617486369 0.0832687652643431 0.00336185830195337 0.0859815687783696
1 0 0.00184429900144892 0.0568176361518935 0.00175220597987887 0.0573102590430403
0 1 0.00174628676765844 0.0639760448537061 0.00178327068738974 0.0628683630051423
0 0 0.000296034147034786 0.0618403837654487 0.000304602302904119 0.0627154862081979
1 0 0.000613360848731376 0.0707368832314565 0.000594334674706755 0.0708487053897928
0 0 0.00345026037220466 0.0764122130319928 0.00352264932169832 0.0787980545700537
1 1 0.00221292593696789 0.0674011259458225 0.00220589445751937 0.0671110516455684
0 0 0.00214786058769835 0.0448609396175851 0.00215443346721403 0.0450978614167245
0 0 0.00203749823269601 0.0686138085079082 0.00207623160714865 0.0688573225336666
0 1 0.000461204146195145 0.0515219087508901 0.000463488897284315 0.0511176275178565
1 0 0.00333019461417867 0.0689099183381649 0.00305771082866108 0.0697882603530963
1 1 0.00283882468597798 0.074351835775902 0.00277171029807619 0.0727558381039948
0 0 0.000913954567529864 0.071329114379981 0.000966087343812761 0.0716273303480491
1 0 0.00409054082992603 0.116713206189049 0.0039544319048976 0.117406642900749
0 0 0.00151110751379368 0.0468678715617649 0.00153240927439774 0.0472843084420406
1 0 0.00217951105710806 0.0741702945502891 0.00212669012034837 0.0746150376199204
0 0 0.00218189496942426 0.0614237284457128 0.00227088315544443 0.0617074231031339
0 0 0.000897885902833318 0.0762709363253729 0.000935262120246191 0.0766427769187926
1 1 0.0010553299102793 0.0542236339394996 0.000991926421008732 0.0521845927464215
0 0 0.00206668735500885 0.0687344823841221 0.00207034278443807 0.069793916471038
1 1 0.00411385082811185 0.0910529241409328 0.00397433897630593 0.0899233887456698
1 0 0.000820113899207716 0.0719977687508085 0.000772936520450848 0.0732940359489882
1 1 0.00503748241341751 0.0680676250515919 0.00502860717656043 0.0666298419233895
0 0 0.0027002878732867 0.081732975127819 0.00272024045584774 0.0891598304895117
0 1 0.00469461658242703 0.0544551603806379 0.00480679448278103 0.0527194095387206
1 1 0.00117811643355932 0.0980059104534136 0.00117178811620732 0.0966674945769822
0 0 0.00114602580324657 0.0727043540530804 0.0011745714695371 0.07471099933684
1 1 0.00237538343806411 0.0639228677480858 0.00237136565391227 0.0633305631606111
0 0 0.001361464814926 0.0520049933418908 0.00136391589574245 0.0528360601906255
1 0 0.00131123301427465 0.0649631824430488 0.00130675396036386 0.0678477351107975
0 1 0.000607533822689938 0.0644655895477188 0.000632021882008558 0.0642557913130701
1 1 0.00149291516298405 0.0609126996671943 0.00139143673565383 0.060098896346354
1 0 0.00236820182748576 0.0515723247475586 0.00220828008924878 0.0540149070399901
0 0 0.00236073293978698 0.0808523820538185 0.00239902118717249 0.082318924871772
0 1 0.000870113912780548 0.0644011277138788 0.0009232251614696 0.0640647255496066
1 0 0.00145807316065886 0.0643558703547286 0.00144122578693646 0.0649855538415053
1 1 0.000315133640874809 0.0679790864410765 0.000297995206092697 0.0669769329515396
1 0 0.00224758991336678 0.111295710752056 0.00217195081307793 0.113783696543923
0 0 0.0036135631365935 0.0646628776425483 0.00364982841379311 0.0653038281796725
0 1 0.00351752913494504 0.0853524974607782 0.00355013645625811 0.0846633402345072
1 1 0.00121697079787793 0.0729289921688131 0.00120638590724036 0.0724890415076994
0 0 0.00798249317163557 0.0567459628859224 0.00820967112700152 0.0584547373880046
1 1 0.000811676990421919 0.0684517227524473 0.000675239166826573 0.0678203255437132
0 0 0.000215670504034514 0.0353433137132204 0.000241297787542576 0.0366195416672139
1 0 0.00116690083136398 0.0872842688817872 0.00114484001013431 0.0879123251965664
0 0 0.000661142649756511 0.0855898375534956 0.000759072192716068 0.0876794426471577
0 0 0.00194482532483648 0.0822020268914591 0.00207284331564472 0.086081018442851
0 1 0.00163751579600123 0.0503377704491731 0.0016522409738984 0.050042091937128
1 1 0.0019560349895889 0.0644664248058116 0.0018705079616131 0.0629338659459091
0 0 0.00284752309052361 0.0738186675455043 0.00299413590067637 0.074143248492262
0 1 0.00188520897587298 0.0493498322417951 0.00193247661143302 0.0491993365220902
0 1 0.000545457228549729 0.0624330026383402 0.000581543818439855 0.0610540535920779
0 0 0.00179527495258581 0.0665344551246794 0.00187826495045074 0.0666151975358119
0 1 0.00170934655132016 0.068239855206977 0.00171405222488096 0.0675940114598201
0 1 0.00172767845832122 0.0608547181264777 0.00175681008771384 0.0603472751537108
1 1 0.00264989139285754 0.0766629714432577 0.00261907399331452 0.0752040617764192
0 0 0.00138388250210819 0.0624707619797587 0.00143249088891034 0.0634118808101822
0 0 0.00311102808868194 0.0836557376371812 0.0032122255539521 0.0839110752895314
0 1 0.0039342779375108 0.0629457216350315 0.00405605085822104 0.062006717201194
1 0 0.00227508170223235 0.0520434353145422 0.0021942582680506 0.0529572544346799
0 0 0.00160322620877743 0.0689122347427611 0.00164406858321994 0.0711459665998635
0 0 0.000466224293143439 0.0783990127034779 0.000487471793362404 0.0791033097531056
0 1 0.0035550469881236 0.0703815980124823 0.00359174808946045 0.068719105095005
1 1 0.000525817405699522 0.0744982153059034 0.000515497687947295 0.0735835134617924
1 0 0.00398238521577754 0.0518906558863621 0.00390067408146265 0.0519029785163616
1 0 0.00514873365648965 0.094951025683915 0.00512825431791818 0.0955557170934635
1 0 0.0042794647505071 0.0718016648003797 0.00422662316700026 0.0720771265918648
0 0 0.00182674966856968 0.0656535590486027 0.00191433613262458 0.0658722052093247
0 0 0.000615213515976583 0.0648387598132331 0.000637078733242448 0.0668252965368875
1 0 0.00265886167127088 0.0674959318779612 0.00259128949283756 0.068017897565526
0 0 0.00028398973445175 0.0619480930858221 0.000315829490823562 0.0640888782543591
0 1 0.00172172504867018 0.0789291580220849 0.00181226586831148 0.0788190461391183
0 0 0.00183064764075173 0.0675746221339568 0.001836785823603 0.0678719887772297
1 1 0.000317708844537282 0.055404147872304 0.00031645673440768 0.0553437802987262
0 0 0.00181634015499995 0.0614123074350549 0.00183766260391657 0.0619159759592161
1 1 0.00228817869006959 0.0710876308704715 0.00222651882117549 0.0673730309752455
0 0 0.000679696090762813 0.0496295955699076 0.000730987614627853 0.0516080858490815
0 1 0.0113102674965963 0.110047356593346 0.0113294464630311 0.106284689865511
0 0 0.00278316609541288 0.0630309517767727 0.00280791743241203 0.0643018791983288
1 1 0.00291315489890545 0.0805410540080085 0.00283292661356211 0.0788233184623794
0 1 0.0021298587416846 0.0999589775909863 0.0021688220841593 0.0985882051571739
1 0 0.00174584493170767 0.0861736180360004 0.0016592517497741 0.0889330601963629
0 1 0.00103970424129201 0.0346454221229282 0.00104242919477044 0.0323958797258293
0 0 0.0011387240709743 0.0798968976830267 0.00121904234196753 0.0811008532784964
1 0 0.00185413918787566 0.0808632420393074 0.0018353741993468 0.0841412949733886
0 0 0.000738129699085168 0.0668333792150879 0.000755320574655387 0.0681359829401564
1 1 0.00437706906864866 0.0734680457691979 0.0042870891526356 0.0727396043410642
1 1 0.00393737481328894 0.076283178619021 0.00382093102725634 0.0746035344346057
0 0 0.00114770772750121 0.0761624709093239 0.00118192825437767 0.0762303457492733
0 1 0.00333317575700414 0.0976561370574265 0.00334411676684282 0.0973588393942719
0 1 0.00280880150707204 0.0645495256660528 0.00285081862333654 0.0629601519532741
0 1 0.00419985354664501 0.0613341238352661 0.00420298471850516 0.0603842062949379
1 0 0.000477454417895199 0.0699972265333812 0.000471351635052015 0.0714992215280339
1 1 0.00184878739547793 0.0673066356104796 0.00177218210175057 0.0654550640480853
1 1 0.00543169973056844 0.110503767439581 0.00538705194124357 0.10866746903084
0 0 0.00037339365403991 0.0736756443766089 0.000408829743422997 0.0743218483977262
0 1 0.0071369865129079 0.0806234712738534 0.00722133994002345 0.0797892504343253
1 0 0.00202495876026116 0.0999335221126081 0.00201490251054908 0.102523158895065
1 0 0.00108242502711069 0.0693893008070152 0.00104043996281614 0.0694838984241148
1 0 0.00126936577627209 0.0663807177045015 0.00119749642971731 0.0675034844585498
0 1 0.000546972243518075 0.0766965869763658 0.000593578157364314 0.0752060955495486
1 0 0.000717608432322335 0.0538033185537524 0.000707755936716533 0.0547380672743702
1 1 0.00355181256800444 0.0919287383639755 0.00351053031376526 0.0888947955848797
0 1 0.000873641088334304 0.0745590940440157 0.000880099973015383 0.0739978971474588
1 1 0.00121658007807226 0.0723486927125903 0.0012118748182465 0.0667730191081176
1 0 0.0028901156650768 0.0680479187365482 0.00286179467461288 0.0689743383358014
1 0 0.0005085371586874 0.0614846441265446 0.000477782807118121 0.0644050649903219
0 1 0.00244851274605594 0.0701830056962371 0.00256508327609698 0.0696651394949656
0 0 0.00217140899086831 0.0765229531996558 0.00219359944398757 0.080014013879862
1 0 0.000710574088391772 0.0547414467653497 0.000697452998168218 0.0548660203725485
1 0 0.000876539384289227 0.0537618998350193 0.000867284052138032 0.0537746933281463
0 1 0.00170022522909442 0.100394037580077 0.00173331943931346 0.0996600141948242
1 1 0.00102126755788607 0.0647609541756751 0.000926246783743301 0.0635043718413249
1 0 0.000298699873358341 0.0478041637014684 0.000297442984098526 0.047875935836251
1 1 0.000982201683531728 0.0525300302667804 0.000939202154053546 0.0508053452830938
0 1 0.000725155429998348 0.0829125216482944 0.000742709444187183 0.0796675793646574
0 1 0.00158587394084031 0.0782378255970665 0.00162410076323403 0.0767214011080447
1 0 0.000773420901159196 0.0914492255592777 0.000756340653140563 0.0922248878459924
0 1 9.56443864001028e-05 0.046712890030155 9.95187738608373e-05 0.0461989631915133
1 0 0.00264546470772437 0.0610000294323384 0.00259453338639186 0.0626664927780305
1 1 0.00244363655270497 0.0724144514780823 0.00244075461838691 0.0719231841305455
1 0 0.00328439583458815 0.0629370597480531 0.00321612409301918 0.0635826258736484
0 1 0.00207782171608186 0.0506423536693999 0.00219556837868269 0.0506020750127973
0 1 0.00110131827239941 0.0628987508316919 0.00111606275364199 0.0606898063164809
1 0 0.00254601976093622 0.0768359737673396 0.00248573249119398 0.0774865562186037
1 1 0.00162037450329374 0.066995917390547 0.0015860091414675 0.0666817967922076
1 0 0.00471564404656252 0.0640366479516548 0.00453612506838094 0.0646505180128605
0 0 0.00174775564135207 0.0607755092219696 0.00178946894395713 0.0608127735203831
0 1 0.000459832163061808 0.057776232309188 0.000485248909421025 0.0568918801653296
0 1 0.00121255739186808 0.0673513985908085 0.00123204272355527 0.066585461693528
0 1 0.00105879303131856 0.0443476045956343 0.00110877772083225 0.0434890827622725
0 0 0.00295203054946184 0.104476032327391 0.00299875624475617 0.104935623279933
1 0 0.00432308592135835 0.0670271561672728 0.00426068715866717 0.067758870925788
1 1 0.0021270993294439 0.0874549983594628 0.00208348828539631 0.083194834933032
0 1 0.00711533752307984 0.0654892977104875 0.00719474723764949 0.0613321889070582
1 0 0.00320164874408897 0.0636815226198 0.0031266049818996 0.0645485763545113
0 0 0.00364430249749667 0.0807880129607159 0.00365031657905466 0.0822655281459861
0 0 0.00170594772042659 0.0979313949220225 0.00175452168212985 0.0988108692882406
1 0 0.00571995034492786 0.0611573393877493 0.00564589020486463 0.0630645171070634
0 0 0.0012492921760712 0.0571514358217907 0.00131649243263302 0.0579265373252282
1 1 0.00116664292644303 0.0867748552348187 0.00114005571816083 0.0865779176219649
1 1 0.00318073180693375 0.0797032692081549 0.00309375368537401 0.07927029607621
1 1 0.000202866512246072 0.0817015710918035 0.000190560378204706 0.0815090858055867
1 1 0.00185566687412911 0.0704827731489887 0.00183905774804298 0.0696268114147045
1 0 0.00145397612685023 0.053591252768863 0.00145281525793302 0.05372478007024
1 1 0.00213726781538178 0.057080884197804 0.00212027592033159 0.0567502798376182
0 0 0.00229028807691314 0.0797596437111997 0.00231773034798529 0.0807133791560427
1 1 0.00284511208336029 0.0919982079049689 0.0028154209845968 0.0890965245200311
1 1 0.000212805395264679 0.0534148390404903 0.000199516197116241 0.0526920726497145
0 1 0.00176907670036413 0.0830555651327584 0.00178791182895367 0.0802553866965262
0 0 0.0015704202561696 0.08263600784997 0.00158249965941435 0.0842190080944658
1 0 0.000909512697290725 0.0538264314533437 0.000895292032677102 0.0543439797725701
0 1 0.00401913430775042 0.072699065089536 0.00407451184105072 0.0710366833651456
1 1 0.00260531307217602 0.0566964989435977 0.00258266301190539 0.0559076484423438
1 0 0.00153326313414804 0.0918951667894241 0.0015212850286589 0.0929109616797227
1 1 0.000384906371912436 0.0573662972579067 0.000383564392612426 0.0561101599212276
1 0 0.000319574506399416 0.0768832265116245 0.000315402100383754 0.0815377070666154
0 0 0.000827594522007895 0.0864226378828351 0.000853055073909474 0.0880457486389056
0 0 0.00281040342065968 0.0792343358044102 0.00285547431464547 0.0810536265100334
0 1 0.00136841855826219 0.061679401520794 0.00140372704642894 0.05873117372829
1 0 0.000842049773950024 0.0522613889202309 0.000802195795123728 0.0535018762910533
0 1 0.000313388420108976 0.0422428957452911 0.00032250915040183 0.0417245575505085
1 1 0.000245913652002306 0.0648894067165681 0.000240528431945387 0.0633972407763378
0 0 0.000616300795199768 0.0613979039009946 0.00064935843745901 0.0621204884020289
0 0 0.00103134114459714 0.0690558088852031 0.0010456642351843 0.0700802642481994
1 0 0.00168477968776277 0.0772884512784664 0.00166055792819171 0.0775380929793173
0 0 0.00112945261478981 0.049182521336665 0.0011931578453887 0.0492248987195872
1 1 0.00998700164123775 0.0754405599161567 0.00986813667296554 0.0736270083063505
1 1 0.00496361554018629 0.0917858929606881 0.00495966712408721 0.0881969906839958
0 1 0.00284952284735284 0.0869481912828189 0.00287637426162439 0.0861107962784301
1 1 0.00139712422961803 0.0781991032043452 0.00138638639089442 0.0771141658569528
1 1 0.00323249157410956 0.0425917794354695 0.0032061677860613 0.0424467917825691
1 1 0.00355002717779056 0.0702120797932581 0.00348729945087208 0.0692412178879568
1 1 0.00239343887187333 0.0571244681540711 0.00235591199544747 0.0567201903773286
1 0 0.00103487021969804 0.0585782923738225 0.00102891427351211 0.0586899301414068
0 0 0.000128884494333465 0.0639529407662584 0.000143948156099152 0.0651035115290247
0 1 0.00459441291514693 0.087831566787982 0.00460100871856093 0.0871935461053387
0 1 0.00326304894137435 0.0565920099406841 0.00330748132175273 0.0559129508774325
1 0 0.000242646071712658 0.0540915076730677 0.000234058886762214 0.0546550359845117
1 0 0.00379675263567751 0.0487590748272738 0.00379598234985245 0.0492969478759368
1 0 0.00258925609997637 0.0566101416670769 0.00257362004370578 0.0573865189590087
1 0 0.00842124582035999 0.138046190460362 0.00798001160647201 0.141622985324873
1 1 0.0029114076140112 0.0873537083014648 0.00290774589748824 0.0842023454320528
1 1 0.00422213983860867 0.0844269009750868 0.00407168139804606 0.0825212772650035
1 1 0.000802619476490168 0.0643294636418433 0.00078526496006608 0.0629522620301166
0 0 0.000644365056439523 0.0572987590258041 0.000648170074517661 0.057878903733928
0 0 0.00210102215166006 0.0627817912337111 0.00211487785197546 0.0631135425867741
0 1 0.00178578395845451 0.0616816715534149 0.00184175186809192 0.0595965633312308
0 1 0.00152978791067014 0.0805446204782057 0.00156464434017034 0.0765268391465741
0 0 0.00586775596511491 0.0961476416875941 0.00592753241779234 0.0990443073503747
0 1 0.000819430199172206 0.0729749441593374 0.000859469596619732 0.0704091119995665
0 0 0.00213016090802112 0.0755965517626634 0.00217493289143371 0.0758981837509542
0 0 0.000477981235892865 0.0837842459222521 0.000481403025613608 0.086481605742744
1 1 0.00176869925109388 0.0786851716566228 0.00172776274061232 0.0786074544474582
0 0 0.00119182798223933 0.0788459003220466 0.00124988788119853 0.0798473564728419
1 0 0.00263136363566564 0.071524187576863 0.00258335611821999 0.0735869403875938
0 1 0.000920574454782739 0.0615085188897159 0.000981267013061437 0.0566979292854651
1 1 0.000128217007904404 0.0735818675822227 0.000123075252658257 0.0718586318764766
0 1 0.00215435635527835 0.0650924366620412 0.00216703459127978 0.0640825248220584
1 1 0.0010916787081643 0.074298119003439 0.00102973684250202 0.0732605732141739
1 1 0.000617886451114173 0.0636805456170811 0.000610826529174885 0.0630527240326354
1 1 0.00264089519710284 0.109459267679861 0.00249817158019717 0.106683674650242
1 1 0.00397139226852094 0.0848541535063785 0.00386467513289401 0.0824065982059926
1 1 0.0024392458680543 0.0616136538077944 0.00239833621971009 0.0603758827306298
1 0 0.00669493224369981 0.0794274682141652 0.00638406267682811 0.0821510861716902
0 1 0.00430400119868196 0.0451032086561737 0.0043835008858632 0.0450122707873781
1 1 0.000902013824387371 0.0706859459447726 0.000876440034366161 0.0699928695938474
1 1 0.00157878609363681 0.0644282499266118 0.00155904930577974 0.0636390921251947
1 0 0.0019636936072621 0.0592489552321477 0.00195313659594692 0.0600685166414846
0 0 0.00475293466585592 0.0922529284040487 0.00493098951129038 0.0949396029549668
0 0 0.00134936101985155 0.0634866703938626 0.00142279950845709 0.0637660987015832
0 1 0.000293281793169027 0.101391506100615 0.000298401808180102 0.0987811132156361
0 1 0.001214801806158 0.0719094490194849 0.00124702066216382 0.070300470507862
1 1 0.00102540210368739 0.068710254519783 0.00101539855752884 0.0661877637207225
0 0 0.00167003523769633 0.0588081617662356 0.00169039497792881 0.0634251178054615
1 0 0.000226353103204361 0.0560616611617681 0.000224507764394512 0.056821388168456
0 0 0.00204359122986758 0.0604893922684596 0.00204902248666452 0.062174751109109
1 0 0.00261628897954514 0.0827674448807582 0.00247699727326033 0.0835763394763698
0 0 0.00281565657359632 0.0703029863341782 0.00284905606835898 0.0726729087575925
1 0 0.00376761950847949 0.0800567579285835 0.0036883151317246 0.0808175051674337
0 1 0.000762279090984418 0.0835903434435401 0.000770764077475385 0.0815205184962258
0 0 0.00209113959709173 0.0857497641307511 0.002175521913001 0.0861994326683843
0 1 0.00221103096932353 0.110778372347197 0.002212130432859 0.104923939336272
0 1 0.000809072182591814 0.0711635956798028 0.00081368597247289 0.0696221334946502
0 1 0.00142560301805462 0.0910201842590763 0.00146461756811114 0.0866053683336582
1 0 0.00469698275601539 0.0605128003999676 0.00455032250567175 0.0607082846893556
0 1 0.00350529965274648 0.0730779529267382 0.00358698465998019 0.0707971713639884
0 0 0.000391479636379371 0.0528566132436426 0.000393257443517669 0.053067223357469
0 0 0.00103341929229558 0.0565386982116268 0.0010453147547817 0.0572919311022926
1 1 0.00184216962283788 0.0780483340529237 0.00169295576887761 0.0778083583513841
0 0 0.00140401293969065 0.0654828720661537 0.00148291819767725 0.0689739836316199
0 1 0.00372724755514539 0.0716061823347903 0.00372878674659349 0.0703403459210765
1 1 0.000917450473097417 0.0720050946007755 0.000915709796845459 0.0693061778459067
0 0 0.00318144785371515 0.0631195905223957 0.00325496665134535 0.0641335491240234
0 1 0.00126716595323652 0.0767898855893477 0.00128788361649315 0.0760025526317572
0 0 0.00441951445110043 0.0674020585235337 0.0046216014771085 0.07073393683161
0 1 0.00133582885439326 0.0625480886884759 0.00133944780691073 0.0606504033800963
0 1 0.00204047594495816 0.0926102884688483 0.0020608493893692 0.0895741871478613
1 1 0.00526885111083634 0.0702814242639685 0.00523881091299144 0.0685868889501815
0 0 0.000480908511024102 0.0453782833162755 0.000502346427046173 0.0465334654524346
0 0 0.0020543048282951 0.0470282440165692 0.00207011410912501 0.047473043218462
1 0 0.00207699436207689 0.0683409728881886 0.00204880348011332 0.0687828644872057
0 0 0.000265393595853691 0.0617464379505829 0.000267202949158611 0.0619792410018218
1 1 0.00136235185132888 0.083420296863502 0.00127847723996701 0.0791572024842321
1 0 0.000910947439514021 0.0518503764821365 0.000859817382408058 0.0524373615358412
1 1 0.00210166722550201 0.0851071448786416 0.00203476397926443 0.0816557761709112
1 0 0.00339978738784074 0.0972182394748503 0.00338515140058919 0.0984293478739175
0 1 0.00635321920299849 0.08117897136152 0.00636610586169729 0.078867157063179
1 0 0.00274985532449119 0.0739466818798865 0.00258563544130707 0.0743951432895718
1 0 0.00111190718355271 0.0776276720301902 0.00110748897066242 0.0793234716760374
1 0 0.00158845727727148 0.0602792040995584 0.00155156715348798 0.0612649480525124
0 0 0.00601330012207036 0.0848332851712376 0.00611728894283727 0.0858173062517949
1 1 0.00118262550402832 0.0562762807259712 0.00116388508675084 0.0550621174477293
0 1 0.00356273134364241 0.0553712954141424 0.00370835648135853 0.0552342161875018
0 0 0.00850848633001735 0.0823864816621614 0.00855800878328194 0.0831375827919393
0 0 0.00179427866740262 0.0946556024009452 0.00180019688778446 0.0947367110508333
0 0 0.000640781696227577 0.0843406796399633 0.000645398805813238 0.0849937673840194
0 1 0.000654184861338654 0.0647330883697623 0.000657454775660407 0.0641235006168732
1 1 0.0017729227701159 0.0805854932230113 0.00165305401396678 0.0790274757391622
1 1 0.00119864527535897 0.0798394521089047 0.0011894576624904 0.0788641483150472
1 0 0.00354263261503295 0.0476063009012436 0.00349454655087937 0.0496945440102731
0 1 0.00224551929054419 0.066230967379806 0.00231896367869762 0.0659514502225049
0 0 0.000393294268336439 0.0719678164890584 0.000404944321178067 0.0721121481470428
0 1 0.00124381423062194 0.0848343543093474 0.001258990295951 0.0835492358947064
1 0 0.000615589838777593 0.0423948157610488 0.000599390796005557 0.0450588307838233
1 1 0.00426654891386002 0.0879723614862616 0.00418674198481316 0.087221184349295
0 0 0.00336786678833883 0.0736531817999165 0.00352428269064166 0.0745313363318768
0 1 0.000877838788312384 0.0762672003438882 0.000887088032986239 0.0762275243414769
1 1 0.00288989234398796 0.0979661273772321 0.00281534686208598 0.0978819644630963
1 1 0.00128469053780784 0.0793781865503693 0.00120158936918454 0.0761357993810482
1 0 0.000733805469107543 0.0858028452255663 0.000712422084532306 0.0896724677584595
1 0 0.00194434877492623 0.058924116498132 0.00189307589070389 0.0598735144379857
0 1 0.000977821099825648 0.0713274332024504 0.000991993966192853 0.069260440970763
0 1 0.0043457263512162 0.0742953092407267 0.00466192676803942 0.0736716901100527
0 0 0.0014328003892043 0.066567179448671 0.00144201385549723 0.0685243163449365
1 0 0.00200922253372574 0.0789619729710633 0.00193986478053402 0.0789851116840428
1 0 0.00533878327912764 0.0763881268021695 0.00518335268481403 0.0791957578566825
0 0 0.000359600122725836 0.059317995280182 0.000365641648449059 0.0595014255537714
1 1 0.000333692815993187 0.0556422793454403 0.000313108369519614 0.0553913889399211
1 0 0.000691971035548828 0.0407039801069817 0.00067262209472667 0.0415152405030467
0 1 0.00139755248636418 0.105034192247411 0.00145563185358489 0.10459962235936
1 1 0.00047355027444237 0.0904760132085006 0.000448300834639309 0.0898154713627596
1 0 0.00273051498871771 0.0603457274857186 0.00271932385535572 0.0617141855296714
0 1 0.00432777649649002 0.0827833632889531 0.00435212958380111 0.0798870329820368
0 1 0.00128065606046768 0.0627127356166918 0.00131657629206391 0.06258087120986
0 1 0.000238445115738093 0.0682932021892805 0.000250027015453275 0.0659138595391539
1 0 0.00519539547485864 0.0658152863333008 0.00518020146001219 0.0672443627271599
1 1 0.000981327574906016 0.0759477210057735 0.000926971106801251 0.0750045228050183
0 1 0.00361228327599675 0.0811345672833446 0.00365985326866187 0.0796668939698858
1 0 0.000648942073855746 0.0689061054766411 0.000645118399441495 0.0697470739861112
0 0 0.000195284582904848 0.054271801869654 0.000199700156790891 0.0568195553969554
1 0 0.00119604348003858 0.078786368663491 0.00118536458838531 0.0788793372343696
0 0 0.00188952965611341 0.0564637842654454 0.00189444748070106 0.0581041352908439
1 0 0.00304200976457382 0.0715648749405666 0.00301303102778021 0.0735006822683208
1 1 0.00491598777950342 0.10232141768856 0.00473657028089188 0.102226390263534
0 0 0.000277450643865363 0.0544659913507517 0.000300352011445255 0.0557917423594723
0 1 0.000832147588590338 0.0642315600663954 0.000868641575863654 0.0617883929717059
1 1 0.00418723978765573 0.0926279100884606 0.00411346320890797 0.0877537743616251
1 0 0.00186040802624902 0.0900029818483056 0.00178291877758364 0.0918447156586444
0 1 0.000891878071968138 0.0784447319542141 0.000982902983803559 0.076662864905062
1 1 0.00206188735634421 0.08190212197314 0.00206177712531808 0.0794460554235997
1 1 0.00161661797595433 0.0758006807432371 0.00159685756141134 0.0755903777893816
1 1 0.00076521194511992 0.0632373390403263 0.000759300781966921 0.0628112454845906
1 0 0.000545419231128906 0.0711046520528053 0.000514788071207381 0.0723740100806681
0 1 0.00299892488893258 0.0617022088564435 0.00302549679718865 0.060993735791173
0 1 0.0018899889304788 0.0844131553527671 0.00191929157662026 0.0829643874835688
1 0 0.00264515595338928 0.0538659660526812 0.00261483624729409 0.0543676841790935
0 1 0.000642297105503331 0.0534117170320822 0.000669043867474621 0.0524414876217712
0 1 0.00173877669187198 0.0650697414798418 0.00176622665232104 0.0645557773813672
0 0 0.00452223294254972 0.0830746424996676 0.00454645309102673 0.084837163560401
0 0 0.00248870409129069 0.0930576947322256 0.00249011625575492 0.0955405632614582
1 1 0.00212915457660968 0.0809482635232865 0.00210079885071617 0.0777110825336538
0 0 0.000269016912357741 0.0601925843298002 0.000288191952372562 0.0628173798336451
0 1 0.000353644877098326 0.0619239285478955 0.000368410404752209 0.0610988316419407
1 1 0.00111861852128717 0.0637971720048159 0.00110613662367346 0.062104042993724
1 0 0.00269622347217763 0.0565648465870299 0.00266046945552875 0.0572082823685148
0 1 0.00285794089178041 0.0524611807643257 0.00288350702063034 0.0515763185265342
1 0 0.00951269469662738 0.093442195410429 0.00950781355852075 0.0935849175283512
0 1 0.00262442127853861 0.0563351877639615 0.00278726997481254 0.0560528497827227
1 1 0.000451421201879559 0.0687860006381699 0.000448103562729856 0.0654475263164369
0 1 0.00202453313818 0.0651748713830816 0.002049827263489 0.0633321982658918
1 0 0.0037635397033189 0.0853614324925731 0.00369342039658187 0.088362616090809
0 0 0.00291024751525616 0.0811072514124331 0.00292564042693148 0.0815841674030964
0 1 0.00659640751909924 0.074803106731149 0.006668308418619 0.0730439681392376
0 0 0.000972768442889063 0.0504071340850367 0.000991718250034602 0.0506278372417249
0 1 0.00844185633300175 0.07209198624989 0.00844682312943136 0.0697337227414338
1 1 0.00180715714114357 0.0687648193733353 0.00172973891755206 0.0669671537354101
1 1 0.000801297994655117 0.077313279455344 0.000797647044529842 0.0766653977587677
1 1 0.000850499286134497 0.0685852518957875 0.000842961408734689 0.0636283663566908
1 0 0.0038983999377096 0.107822620412082 0.003816222146925 0.1090855328908
1 1 0.00212249982388177 0.0640010603801865 0.00209320518512483 0.0638529953815135
1 0 0.00378041474324635 0.057142496444223 0.00365394705868088 0.0572457459892429
0 1 0.000717095188952531 0.05980083152293 0.000718815701659398 0.0567522658468959
1 1 0.00115325029300152 0.0719117357872779 0.00111594589642611 0.0718847469764335
0 1 0.00500459231529221 0.060503006940344 0.00509944054651159 0.0599273843046661
1 1 0.00129949184965145 0.0749991247230066 0.00123739937739397 0.0743182453883616
0 1 0.000224896722802731 0.0599491878793078 0.0002309541055059 0.0589866202870898
1 0 0.0029086757534054 0.0554908801515397 0.00275980636247538 0.0570442396427989
0 0 0.00185524549307368 0.0698144581434317 0.00191766238351988 0.0714195968020433
1 1 0.00250831949936756 0.0658128505103712 0.0024981773935356 0.0653390936649554
0 0 0.000509679094886235 0.0596264977649914 0.000515599174858897 0.0603978306375567
1 1 0.00231411413524371 0.0581931743566968 0.00221309133837537 0.0580666823804551
0 0 0.00221060424449542 0.0818972175653831 0.00221106066041099 0.0844024589132058
0 1 0.00300714017712979 0.0712223650757168 0.00301768921312835 0.0705399705951072
1 1 0.00205903116099486 0.0916311105481158 0.00202286094921075 0.091329524550013
1 1 0.00355341328112653 0.128031619525793 0.0035523164432108 0.125641418374806
0 1 0.000502630016636343 0.0723665777394948 0.000515824750514642 0.0720850736126964
1 1 0.00322732363938267 0.0576022903839239 0.00304199727619596 0.0564698361581672
0 1 0.00241633147151752 0.109940917446862 0.00248591618088372 0.108238840806048
0 0 0.0107815778364067 0.115543758586075 0.010920717576436 0.117171625132388
0 1 0.00131580479046018 0.0709741875305324 0.0013645927317125 0.0686723249247967
1 0 0.00110880015244274 0.0652997197723546 0.00110631508015815 0.0664973394421574
0 1 0.000619537504042921 0.0759791886882585 0.000645345099605907 0.0759370684875709
0 0 0.00543732680960267 0.0698893201897203 0.00544730272017877 0.0726342254596732
0 0 0.0029712257353594 0.0736641324168758 0.00326249041644969 0.0749756848311174
0 0 0.00294263961180087 0.0866680173534632 0.0030176872454703 0.0893919402596893
0 0 0.00131034923659729 0.0794308066064557 0.0013452352083593 0.0812769654169324
0 1 0.000556441069330941 0.0686265740145625 0.000598089301039167 0.0685879606240171
1 1 0.00145671670256383 0.0776639048188592 0.00142788327663589 0.0757729062336695
1 1 0.00241490143448144 0.103883504688366 0.00226694756896812 0.102207793662855
0 1 0.00580299998233539 0.0842099286057772 0.00581393965098383 0.0839057156084707
1 0 0.00214983688866324 0.0624622222029529 0.0021428283649915 0.0634114417519235
1 0 0.00457314975381238 0.0850043221173587 0.00446114905891595 0.0921533197669917
0 1 0.000522166516794415 0.0616415458502871 0.000523915914629827 0.060769026209566
1 0 0.000176982816950254 0.0572922869020328 0.000175147691152084 0.0584540243003078
0 0 0.00322942027316529 0.0693495710554995 0.00338039215387504 0.0707273309843613
0 0 0.00110866265866954 0.0439213446337082 0.00112101191085593 0.0455632253332778
0 1 0.00186967291730363 0.0979393108783957 0.00191997318558853 0.0931192769185426
0 1 0.00320982941848483 0.0889548588933876 0.00325866996946944 0.0860145838149933
1 1 0.00173320591623006 0.0791653983011119 0.0016730137526201 0.0773775580729802
1 0 0.000525028736606107 0.0701502603688953 0.000488307731367551 0.0727097305825304
1 0 0.00280089526030142 0.0779645585106761 0.00277206044018958 0.0797239579998473
1 1 0.00200491616683049 0.0579413210051073 0.00198952509361469 0.0572749127577529
0 0 0.000864448914748153 0.0513538083281245 0.000874191257592089 0.0517775178670909
1 1 0.00654943104506297 0.108390982308021 0.00639007634003979 0.107360073793605
1 0 0.00390139409493534 0.098129642308761 0.00375023371512146 0.0982987809733327
1 1 0.00228588216584825 0.0811712743983289 0.00222490245924168 0.0795565223700806
0 0 0.0016045262617163 0.0447198384418003 0.00165773298850818 0.0470776235214775
0 1 0.00788396686126611 0.0933634356993191 0.00801385993559539 0.0924111648352743
1 0 0.00201208011922587 0.0832897752147151 0.00189750101555656 0.0843699540922236
0 0 0.00878509491689881 0.108088532650215 0.00900082353379362 0.109560469121433
1 0 0.00112848943518236 0.0460006373555727 0.00110451237268017 0.0462980356237497
1 1 0.00219626350938799 0.0610977379579512 0.0021740560437298 0.0600992205206459
0 1 0.00162018305624126 0.0809709905788768 0.00167699788947571 0.0792218081326132
0 0 0.000226363923143045 0.0866982650598815 0.000239617088161488 0.0900552960092744
1 0 0.00241252287828532 0.0721846991389014 0.00229808733348883 0.0751416874691747
0 0 0.00347529055496637 0.0839619839682155 0.00354355761126127 0.0849412856651726
0 0 0.00072706858566625 0.0588640086748441 0.000778450233354019 0.0592924913296169
0 1 0.00244598330433267 0.0756296304689917 0.00246242744325011 0.0752728414549523
0 1 0.00107497927791295 0.077512973020746 0.00112488481770122 0.0742664900322918
0 1 0.000746464227107135 0.0900418368561585 0.00077093682667946 0.0866762207588131
1 1 0.001130590055255 0.0912416200675248 0.00109501569073552 0.087878214262822
1 1 0.00248747175487986 0.0823760981612855 0.00246988077124613 0.0798822006212815
0 0 4.94167431411621e-05 0.04305303499427 5.5162006811119e-05 0.0462227682151889
1 1 0.000882001842820354 0.0590151557970325 0.000866341543955809 0.0585876965269525
1 0 0.00229289502279505 0.0915421948725942 0.00211128339116054 0.093099372050028
0 0 0.00109470040950822 0.0628101992348978 0.00110032793855428 0.0634190829337636
1 1 0.000510038537571149 0.0542737370959124 0.000502189488511562 0.0530099478805824
1 0 0.00436099110817601 0.0948881203749386 0.00428366419033034 0.0970144212576018
0 0 0.000720291732960959 0.0573266051119282 0.000729970509398186 0.0586189128001274
1 0 0.000926873596431537 0.0487958377546918 0.000902202355551114 0.0502890044741516
0 0 0.00228173341412992 0.0717047196793795 0.00231100368437363 0.0751375882266086
1 0 0.00126603736548316 0.0625616476009184 0.00118850444066979 0.0640403108405078
1 0 0.00129131902306758 0.0684341705047494 0.00124174538825218 0.0694074065502183
0 1 0.00335664033137774 0.0828335737898891 0.00345060427492969 0.0801437608901232
1 1 0.00310276318327295 0.0794880333442932 0.00297605166297983 0.0779579395403955
0 1 0.000772355524956065 0.0788002730280457 0.000824559154100321 0.0781455716001307
1 1 0.000630429103609502 0.070784509140312 0.000612706129648631 0.0691028471221904
0 0 0.000470242331318874 0.0611484593227215 0.000498064535792234 0.0618322503139677
1 0 0.0076169819968936 0.0895148410762691 0.00742568195674914 0.0921677549224073
0 0 0.000450219225641047 0.0664430124878847 0.000454875486077231 0.0674010425185521
0 1 0.00282457792982337 0.0741408585571751 0.00289719382561794 0.070521827310656
0 0 0.00204400312668085 0.0573992966080198 0.00215171554509127 0.0593069254812339
0 0 0.00124889316413535 0.0473384133262357 0.00125005985989823 0.0492679810364845
0 1 0.000850919372943697 0.0361052209836631 0.000876574825784836 0.0351595919808547
0 1 0.000987294518745246 0.065312762138018 0.00100692495138872 0.0652116274432352
1 1 0.000948973041285559 0.0626398724329587 0.000896008984528783 0.0612705961150961
0 1 0.00398038091958679 0.0574179747355663 0.00398825552769811 0.0566187308323293
1 0 0.00115990511080548 0.0464792047715536 0.00112593121358632 0.0472401049596446
0 1 0.00213272389072119 0.112762548293414 0.00220867378138169 0.110339216314747
0 0 0.000767400849249301 0.0595182520759594 0.00077028442751671 0.061334988517869
1 0 0.00535299296879465 0.0998697803907446 0.00530927703701456 0.100107519052328
0 1 0.000407230392035029 0.0603098635260889 0.000417690945335479 0.0598304960666993
0 1 0.0020196934566274 0.0549697498475193 0.00203930831772837 0.0539922084143462
0 0 0.00135363508504353 0.0888054042352289 0.00143017326201034 0.0898182023039226
1 0 0.00131409244724819 0.0528585351551858 0.0012757280802299 0.0540791639463741
0 1 0.000297963865095705 0.0744389568035439 0.000328463792206751 0.0719924358207024
1 1 0.00498384094317674 0.0869663232182882 0.00481487052017041 0.0818872974415169
0 1 0.00294197670330774 0.053748858399551 0.00297560480216462 0.053694691363635
1 1 0.00282927185734332 0.0867397482340567 0.00278203667480907 0.0841192034639422
0 0 0.000361081061499284 0.0698094124415552 0.000385045330327902 0.0706721164518907
1 1 0.00262431570082653 0.0653441418394736 0.00260616512972458 0.06446086346354
1 1 0.00287239133858126 0.082314306792561 0.00280947880890918 0.0812408316573131
1 1 0.00328282387844593 0.0777281573704814 0.00317352022345029 0.0768290051207103
0 1 0.00300360400704151 0.0772008475553116 0.00301715739834949 0.0767720780843733
0 0 0.000356039969568323 0.0577634506351662 0.00036893068020354 0.057918277143399
1 1 0.00385944866085479 0.0753804564274895 0.00376880764229964 0.0720817095433659
0 0 0.000782976042391708 0.0518070713425734 0.000789663266486529 0.0519698028457929
0 1 0.00160953543484105 0.0637055107662119 0.001611577612652 0.0597022784538834
1 1 0.00279913693706914 0.0606630410831483 0.00272256052027818 0.0603095259600333
1 0 0.00303148256262641 0.0821882779024179 0.00300339571455589 0.0833819371289959
1 1 0.00132526799731672 0.0800881242185904 0.00127227170186682 0.0765478337805542
1 0 0.013773732884906 0.129019481960952 0.0132988595627774 0.131832122637159
0 0 0.000418197044706105 0.0508575914946676 0.000421445204990609 0.0517970606033111
0 0 0.000305644049886449 0.0669840811126575 0.000322588193544304 0.0677074671157586
1 1 0.00279360113993826 0.088116991142941 0.00277264167118653 0.0871294034488997
1 0 0.00231274780595125 0.0700328408672141 0.00227073603155829 0.0718481492963682
0 1 0.000426745011708803 0.072209997745348 0.000427002839034423 0.0701938433374815
0 1 0.00263860673158919 0.0637744444273721 0.00269554136520866 0.0632171404567411
1 0 0.00214514027695156 0.0817941177972798 0.00207263002455776 0.0859978178659615
0 0 0.000615926703607604 0.0561081512520538 0.000631560461855177 0.0563085652170623
0 0 0.00151677636481968 0.083769767883708 0.00152165236518964 0.0841318027436293
