linear.pvalue quadratic.pvalue linear.boost.stat quadratic.boost.stat linear.true.stat quadratic.true.stat
1 0 0.000126912262281435 0.00377856199228745 0.000113055865248546 0.00394363749096396
0 0 0.000230564202554625 0.0143147400334744 0.000276807806938613 0.0148532593659373
1 1 0.000134330639969908 0.0160399601703149 8.16684884962093e-05 0.0134720928835849
1 0 9.77112989474642e-06 0.00404317675454024 2.3917592291886e-06 0.00414833247887195
1 1 3.92954959794685e-05 0.00307968190632097 2.88357000910628e-05 0.00279705197639326
1 1 1.71432022433168e-05 0.00520501378539041 1.52578708260093e-05 0.00478268955865287
1 1 0.000203497935267235 0.0104687646220352 0.000162628374597389 0.00810312178338315
0 0 6.77985920889401e-06 0.0016715515582933 7.44847113126026e-06 0.00187623504034599
1 0 6.33279046942078e-05 0.0054216292433091 6.04568225774039e-05 0.00652576092096388
1 1 1.40464735617682e-05 0.00664686134522423 1.22862385223044e-05 0.00563143783533195
1 1 3.96472714600936e-06 0.000978075339322044 1.99087982329941e-06 0.000767835309017457
1 0 5.5807689876716e-05 0.00259971274472644 4.06790501234226e-05 0.00281318735697315
1 0 9.98068254492086e-05 0.0115124039285748 9.21843883946296e-05 0.0129934093592673
1 0 9.8746488819663e-05 0.0130060341834779 7.34388446829456e-05 0.0147522056214455
0 1 8.76156300873256e-07 0.00162642083053786 2.07631179121563e-06 0.00127795885771367
1 0 2.34207375890565e-05 0.0015216122704129 2.17077271555531e-05 0.0021850062577719
1 1 4.43255443953138e-05 0.00699523446084239 4.37871582865247e-05 0.0065929657234655
0 0 0.000153071324385265 0.0240826383624837 0.000247136116283194 0.0279945981106351
1 0 0.000306559572356966 0.00490033497125228 0.00012626593207573 0.00668793327896102
0 0 3.32512532352972e-06 0.00117273507964818 3.67846621409074e-06 0.0012609842284405
0 0 2.11237504857064e-05 0.0016934984950275 2.2146961135498e-05 0.0018777928691775
0 1 2.87318837465321e-05 0.00559497866425968 6.03927255562193e-05 0.0052210468475849
0 1 3.68493946595316e-05 0.00553827793887914 3.70460031809871e-05 0.00438549540331721
1 1 2.28460765034289e-05 0.00129618651860281 1.89796977637443e-05 0.0010089249712139
0 1 2.10848145182796e-05 0.0102389872238091 3.10856499125697e-05 0.00823624044789544
1 1 0.00015075483461466 0.0176645159983604 0.000146215465664081 0.00967869091638412
1 1 0.000171583875540366 0.0228281744520062 0.000109977049449702 0.0183631104132976
0 1 1.30295500694489e-05 0.00572596727385707 1.75250436332355e-05 0.00501784327021753
1 1 3.03444810061678e-05 0.00206720882820175 1.84525674349424e-05 0.001750013725557
0 0 0.000490553792962182 0.0108628715051226 0.000537558355758697 0.0128261787044956
0 1 4.47124626643773e-05 0.00396001203271659 4.78697283210731e-05 0.00376043261666702
0 1 0.000300436715881358 0.0247540569477692 0.000338364741804452 0.019153693927057
1 0 1.5800137868465e-05 0.017411043886396 6.86205907220727e-06 0.0176511194342418
1 0 1.2276903805432e-05 0.0024747569651163 1.05110298336443e-05 0.00275325835699556
1 1 5.07974480129484e-06 0.00168942219244704 2.12751549869314e-06 0.00116311819535904
1 1 2.36100723827634e-05 0.0021179545754079 1.88119575858677e-05 0.00183116069281808
1 0 2.01681812736093e-05 0.00169426094280192 1.69416895952377e-05 0.00196579730312057
0 1 0.00024855010506586 0.0214293551159929 0.000290139932069188 0.0187021038429251
1 1 0.000247692718906339 0.0181653997251961 0.000194497039371919 0.0145604812366985
0 1 0.000273937163255204 0.0207441727147536 0.000431880734295455 0.0160034241432936
0 1 2.80658531415728e-05 0.0027876368604423 3.37428955044249e-05 0.00234049279523423
1 1 0.000112185212934039 0.0123127811780549 9.2003747831065e-05 0.010280282124359
1 1 4.28529983260532e-05 0.010214444881213 3.16520502212799e-05 0.0101111749166639
1 1 5.89056812245485e-05 0.0094744165851873 4.97963207816027e-05 0.00857928557574743
0 0 3.93357689478788e-05 0.00168462792613575 5.93098640524058e-05 0.0018120564550066
1 0 3.07513184731558e-05 0.00168245344761429 2.11269463552064e-05 0.00178350641016382
1 0 4.77735147277335e-05 0.00107755527518171 3.66650754995183e-05 0.00168113325471394
0 0 0.000298562020763528 0.00917292949213701 0.000331188315679753 0.0113725994620654
1 1 0.000122728681398266 0.0152689852254338 0.000106552703848828 0.013632304411681
1 0 0.000264959422589089 0.00727711395940599 0.000190823133445155 0.00770653705771679
1 1 4.1506664825592e-05 0.00539935508955 2.85879137020388e-05 0.00393654172476915
1 0 2.13873463760129e-05 0.00164705250952088 2.12161133430152e-05 0.00169219972579445
0 0 3.68986736224843e-05 0.00431358487756129 6.05556675842348e-05 0.0045330524618814
1 0 0.00013124999561444 0.0131084707382524 0.000102097843952079 0.0134820806317149
0 0 4.18144498647009e-05 0.00858560214128822 0.000163667335115931 0.0117374098142462
0 1 7.52074947517699e-06 0.00971157969034004 3.28979421456093e-05 0.00921953421432011
1 1 0.000195762926039361 0.023189471536435 0.00016506138714128 0.019319353883434
1 0 0.000110191252750662 0.0118596459247387 0.000109152992802719 0.0148462031593766
1 1 4.04174849638321e-05 0.00848501532275456 3.9712386986386e-05 0.0078191097495778
1 0 4.77171833763136e-06 0.000898954989529423 2.50247622972287e-06 0.00105332983099404
0 1 0.00012974511646715 0.0158750845831765 0.000141586371921343 0.0147849958547311
0 1 6.8880337312488e-05 0.0153385172982983 9.71230725054851e-05 0.0136313203677416
0 1 1.44430231149222e-05 0.00298267744376004 2.58686021996571e-05 0.00234043456357073
1 0 6.66704771205109e-06 0.00110843999883334 2.25609361090257e-06 0.00118600881653417
1 1 0.000211163831885536 0.0044836256861497 0.00018338414296425 0.00434132547901217
1 0 1.83781439898497e-05 0.00117507954960278 7.96329803441155e-06 0.00122077576599035
0 0 0.000174482329261077 0.0079833533541434 0.000178231310263551 0.00911802421489239
1 1 5.68849996167105e-06 0.00092234157668186 1.24609560199777e-06 0.000627501404092105
0 1 0.000223949617702148 0.0230314055352932 0.000226098263324484 0.0212117515175297
0 0 0.000200809832515458 0.0163031992317024 0.000261376489257951 0.0197168453975934
1 1 0.000650753903653066 0.018024041450716 0.000505988940779781 0.0148265618250061
1 0 3.00926035411655e-05 0.00387841601669901 1.31715029706918e-05 0.004384119029847
0 1 1.25217299959435e-05 0.00716308061466594 2.00693284452002e-05 0.00600371161523391
0 1 4.97095360748771e-05 0.00713625706977983 5.08749778668187e-05 0.00618066947261744
1 0 1.65659494278966e-05 0.0053205677724099 1.20391585459181e-05 0.00543645696698033
1 1 7.25481991386025e-05 0.0137474398149869 4.86802660635522e-05 0.0122070099042207
1 1 5.36639897873216e-05 0.00286032513998297 2.50173385270362e-05 0.00234840578213684
1 1 5.33091729257852e-05 0.00660620401023555 2.28177221039195e-05 0.00407690342134274
0 0 2.00860867181792e-05 0.00323045893863026 2.42828488148341e-05 0.00326789335846707
1 0 8.89499960816776e-05 0.00278159338368715 8.85875668369563e-05 0.00302370462498232
1 0 0.000325306185878302 0.0216743012088209 0.000224882083128287 0.0260984017913335
1 0 0.000138994726484009 0.00335533742867666 0.00010508025479882 0.00471034383161758
0 0 4.29963317431435e-05 0.00651333196445021 5.72451005106694e-05 0.00657382192251239
1 1 0.000118391978770828 0.0112279090443523 9.70909386258774e-05 0.0106668855259103
0 1 5.55298799881554e-05 0.0138684619354537 6.43020321766797e-05 0.0112771536969615
0 0 2.78687058947328e-05 0.00397875817500149 2.9286257148874e-05 0.00463573657845387
1 1 8.60791823730893e-05 0.00250575214120198 3.94402619665785e-05 0.00235978339154085
1 1 2.74401192552348e-05 0.00221001900473997 2.21397248207763e-05 0.00207128588892425
1 0 7.75920296399684e-05 0.00465334096771466 6.59776233767242e-05 0.00498347091496884
0 1 8.445021281154e-05 0.0090064289944 9.31851114645684e-05 0.00597801993513573
0 0 0.000176382810998796 0.0122780518893677 0.000250061296073458 0.0156090406948419
0 1 0.000347860680902495 0.00625156161192845 0.000363839205506669 0.00544167405742416
1 1 0.000427957362995542 0.0152968801276291 0.00028268209513861 0.00908277886155921
0 1 3.98355830649944e-05 0.0145625978746579 5.5701112510504e-05 0.0133767695337516
1 0 1.13762154719568e-05 0.00450439042321799 6.82432915396424e-06 0.00643793163781218
1 0 2.98808249162802e-05 0.0029902227301987 2.40237046306415e-05 0.0031995279832574
1 0 4.77086212737347e-06 0.000828433358433872 2.94196026277315e-06 0.0010363823258878
1 0 3.53099845928489e-05 0.00362148563564254 2.8076437447634e-05 0.00416554348628201
1 1 4.61258644331296e-06 0.00183701470202961 4.0556950831828e-06 0.00169516838283128
0 1 3.79043907831107e-05 0.00696972442460165 4.72695760767047e-05 0.00585841246430539
0 0 0.000701306814855387 0.0181192449156529 0.000802914126194392 0.0204419533034409
0 0 6.85511831141267e-05 0.0121392931441476 7.36524705761987e-05 0.0143433558735615
0 1 2.46191020569295e-06 0.00101046218661822 3.02524881154682e-06 0.000931864389665496
0 1 5.06983227693282e-05 0.00317252605443595 5.60585074926904e-05 0.00314720267573573
0 0 7.24093672479047e-05 0.00544841919002441 0.000102331463490418 0.0058167132491572
1 0 0.000153072482396599 0.00445192873796973 0.000129845966554159 0.00506736848136538
1 0 0.000364590509794024 0.0126724897138083 0.00033108229936858 0.013218760520053
1 1 0.000619477655054923 0.0174414133528133 0.000532332178584082 0.0151609715033336
1 1 0.000416729339621827 0.0152015628836459 0.000386530186461725 0.012613936849138
1 1 0.000268976894322341 0.0112937529065387 0.000259559357252086 0.00990775170979384
1 0 2.85693389315938e-05 0.00381200329009738 1.8337139970542e-05 0.00394874840077462
0 1 0.000214462507818043 0.0304474611033778 0.00026056172257467 0.0242614738531556
1 0 0.000179097815095324 0.0096910194022696 0.000148560747408781 0.0106161549192782
0 1 0.000199567938900043 0.0129716636617774 0.000237541412879139 0.00968715459174131
1 1 1.00857560152015e-05 0.0064710310452359 8.9992611624415e-06 0.00600368974468077
1 0 0.000442255008580695 0.0190572949925808 0.000373058740892467 0.0226647672324304
0 1 6.55729755754835e-05 0.0179066992934424 8.6884020286493e-05 0.0153246066948468
0 1 5.84570116671034e-05 0.0115711521949517 0.00013226270307639 0.0100456232000873
0 1 0.000239008847303827 0.0248864632750829 0.000296148694452204 0.0243727369245606
1 0 2.14858565588741e-06 0.00135628688322453 1.13289128003414e-06 0.00154879784995831
0 0 3.73522270766769e-05 0.0121771511047073 6.15741551453064e-05 0.0125008545061787
0 1 6.32473857045198e-05 0.00648735207035276 9.36690217848473e-05 0.0051471280460397
1 1 0.000261784055661314 0.0158398961013899 0.000185488954497195 0.0156619770616256
1 0 1.96372450007638e-05 0.00354233577645994 1.83404965293034e-05 0.00362060376140578
0 1 1.74355428055782e-05 0.0014408059989781 2.12002613083122e-05 0.00124437987968081
1 1 2.59265110437302e-05 0.0032595809573979 1.0157268193689e-05 0.00263092399640875
1 0 5.31031015245348e-05 0.0120977822882433 1.23297311645266e-05 0.0132924911840851
0 0 1.3735174183425e-06 0.00107902568881856 2.35465792596116e-06 0.00108483510121071
0 0 6.16766658900072e-05 0.00738856111816756 9.67810354489863e-05 0.0086002202636805
1 1 1.5871507434736e-05 0.00290577574351077 4.47952355214491e-06 0.00177629817205125
1 1 4.71538631944148e-05 0.0179299874736965 3.35806036022128e-05 0.0138171052247413
0 0 7.38652940988412e-05 0.00900220120798708 8.31694600088854e-05 0.0105134050681894
0 0 9.47626095431129e-06 0.00196242558788356 1.15636055258471e-05 0.0024951287616742
0 0 1.03697657449016e-05 0.00226945162204451 2.02408717739193e-05 0.00226990927167503
1 1 0.000601340478072002 0.021359162949183 0.000591295622531066 0.0203104711521235
0 0 1.47414091072368e-05 0.00311499988621878 1.97005306996406e-05 0.00344882803239677
0 1 0.000235722960965063 0.0086721464009288 0.000251571745931644 0.00776917016876327
0 1 0.000294788951709359 0.00537234666131016 0.000364927936508817 0.0050140734054279
0 0 0.000230895714782683 0.0138696768733064 0.000302686446100813 0.017596457721933
1 1 0.000106459280646828 0.025215423813292 8.59307908738526e-05 0.018278784189817
0 1 0.00033779417519804 0.0182609807410494 0.000344154543290124 0.0156539619237782
1 1 6.10200573587078e-05 0.00501434484536774 3.54326143318234e-05 0.00469051565289753
1 0 0.000187717571179965 0.0123629621555277 0.000181346255929193 0.012583921434928
1 1 0.000130422228656661 0.0106491813839658 0.000124446443180988 0.00888479961290193
1 0 0.000257463494215745 0.0088118699655661 0.000209349813936051 0.0117893155749319
1 0 0.000279866171767904 0.0221782333246108 0.000279682684148032 0.0227530679121731
1 1 2.81738294919821e-05 0.0106288609949558 2.08829095714003e-05 0.0104040941500806
0 1 2.5108688691232e-05 0.00475619107327249 4.63520786781267e-05 0.00418477002211907
1 0 7.67122585060102e-05 0.00647194928361079 7.17808541304214e-05 0.00672453156394943
0 1 0.000103158705704476 0.0137748801510307 0.000117011928280384 0.0116734372947588
0 1 0.000323834290185624 0.023063129414911 0.000377254550142668 0.0190620866769429
1 0 4.88112696825595e-05 0.00119016182480842 3.00342633478518e-05 0.00148040854739857
1 0 0.000120273999871644 0.00529419431239357 8.93974075038102e-05 0.00534205354239552
1 0 0.000822469969489879 0.0113776285629483 0.000730012319436154 0.0117716022433173
0 1 0.000183677262450824 0.0161681512094394 0.000370363872831774 0.0152760299316133
1 1 8.41774456447836e-06 0.00113699494657143 3.58270153374445e-06 0.0010076378913636
0 1 1.07936610333863e-06 0.00270665284865923 1.22325205068947e-06 0.00158401560144993
1 1 0.00100542750094891 0.0164020767927625 0.000807449273036828 0.0134510426188189
0 1 0.000199134394768454 0.0273762180632299 0.00021173585522209 0.0209918927866266
1 1 4.22191123210233e-05 0.00258079996619735 2.74557253607213e-05 0.00139533451767527
0 1 0.000297423798533349 0.0323056364470953 0.000314448019667163 0.0269273326454063
1 1 0.000207270863388238 0.0158705501408563 0.000167442355197985 0.0111345817577374
1 0 0.000127864672741431 0.00959792125085335 0.000119209952163093 0.0106829250818136
1 1 0.000118629805545196 0.011868991494557 7.51465767082881e-05 0.00979711850904754
0 1 6.88602192365007e-05 0.00541160345877023 7.66316773610049e-05 0.00528345479903201
1 0 2.03778867052561e-05 0.00480281844748863 1.14270024388925e-05 0.0060878704689108
0 0 0.00014953019471858 0.010108321566365 0.000203007661618551 0.0124262667772518
1 1 8.58608269080927e-05 0.00396523343967973 4.08484852520482e-05 0.00303255192931134
1 0 0.000138654120210867 0.00811829077094071 8.47815149382051e-05 0.00849764856019368
1 1 8.20319066047663e-06 0.00462482107470974 5.77336704363778e-06 0.00448566237067894
1 0 1.25764441369976e-05 0.000826114306919621 9.77541444916854e-06 0.00124853621607388
1 0 4.15814437475979e-05 0.00116987741478907 2.82635904133609e-05 0.00152070421097178
1 1 0.00029213856955808 0.00796651388862937 0.000194771716238934 0.00651806776536004
1 1 6.45786012308962e-05 0.00206610270171909 5.45132417068923e-05 0.00198994530299096
1 1 0.000227497648719598 0.0231729136787808 0.000225771189033216 0.0193133644587313
0 1 6.24635777884544e-05 0.00654218354077107 9.34430300456451e-05 0.00603147936164175
1 1 0.000831250961193307 0.0265507023070717 0.000633917094802004 0.0220905675950272
1 1 1.64531068656521e-05 0.00176094879014328 1.64153550900607e-05 0.00114104647224836
1 1 8.87166418261048e-05 0.00674368166475557 6.22172353747902e-05 0.00624676205608848
1 0 2.53961498785155e-05 0.0164956819319688 1.70804657816258e-05 0.0171401826799858
0 0 4.65874967127527e-06 0.00488605775974258 1.32197297283624e-05 0.00507824598906944
1 1 1.08927129900085e-05 0.000635112989077103 4.91313565687577e-06 0.000626851468305139
1 0 9.65265822700381e-06 0.00273566425192457 4.54777430548177e-06 0.00301276731252472
1 1 0.00025044595297191 0.0238670536951097 0.000193982161805401 0.0189584224854773
0 0 9.69845491977788e-05 0.0104254236884205 0.000116536206429455 0.0132445419232939
1 1 7.80627774343371e-05 0.00718407040488135 5.31362891437375e-05 0.00633296299948355
1 1 0.000110639717374477 0.016375620095479 8.791612005148e-05 0.0155940248219161
1 1 0.000135336513924015 0.016950635288111 0.000123492147165688 0.01520978633346
0 1 8.07688450305906e-05 0.00831299014827108 0.000110147239351636 0.00774643688673986
1 1 0.000333403359069702 0.0114779688306541 0.000324323279696456 0.0100791809197327
1 0 0.000282611061954565 0.0135185959783382 0.000267318557106291 0.0158270663409123
0 0 5.98669309542837e-06 0.00201585210092041 8.28506433616887e-06 0.00316454326943647
1 0 0.000132803004052366 0.00845387625152451 0.000106643347023359 0.00885815308939185
1 1 0.000541926245782163 0.0164396805915153 0.000271551204920936 0.0141669871620517
1 1 4.65701530505589e-05 0.00589176731722118 3.35813654153591e-05 0.00532407127186051
0 1 2.19405177138307e-05 0.0020394417833891 2.90734462713427e-05 0.0016924551991681
0 1 0.00050889986938826 0.0148813653169196 0.000731773813995784 0.00697019709923893
1 1 5.23512082782258e-05 0.00288707051512744 3.09206518666256e-05 0.00228638029075149
1 1 0.000219268792045036 0.0232724750858766 0.000144702754942041 0.0214577537668068
0 0 9.70029966513023e-05 0.00208201250593213 0.000120279030367471 0.00281563713130713
0 1 0.000321391002317278 0.023091286998053 0.000374212574658014 0.00997820868923084
1 0 0.000154937145876286 0.0120754422830345 0.000134310162211214 0.0137809683638423
0 0 0.000277025104683259 0.0243249912089509 0.000310047077950936 0.0302683507238638
1 0 9.77361769953231e-05 0.00818948249908355 9.47402923653541e-05 0.00838313591059774
1 1 0.000489672072910831 0.011542125103076 0.000317083535220585 0.0104956201181013
1 1 0.000119530916565634 0.0226839313306708 0.000100114345538167 0.0153502558606454
1 0 8.77079927172796e-05 0.0111721787866891 4.82050838052102e-05 0.0146383646498761
1 0 3.20584111209758e-05 0.00303133974406913 2.43945746334363e-05 0.00321438602798906
0 0 7.31129174621746e-05 0.00313816765950788 0.000108762608225335 0.00474816360405074
1 1 0.000223468727177287 0.0143490904986557 0.000214431332868473 0.0134717807570196
0 1 1.14874828840083e-05 0.00978643716770917 1.84401436663992e-05 0.00775891354559228
0 0 7.99630723408039e-06 0.000926202351580533 9.31132890572719e-06 0.00119917340728299
1 1 5.58391036548066e-05 0.00790499052914439 4.24730122551442e-05 0.00778080425677156
0 0 1.06558469388462e-05 0.00240202585772002 1.25594326452991e-05 0.00242658181524961
0 1 8.43642754191902e-05 0.0149732518424561 9.98022777227629e-05 0.0109250247981853
0 1 2.35768692400536e-06 0.000821751288539004 3.8091336913354e-06 0.000748976533981214
0 1 5.91382983387669e-05 0.00632439133447141 8.52708016033703e-05 0.0063115965499717
0 1 3.63229111423159e-05 0.00806792969007261 7.49544538908022e-05 0.0065939970013468
1 0 5.16981333284542e-05 0.00502694805137201 4.72622172139067e-05 0.00633634890731579
1 1 5.51529226016952e-05 0.00256625141124336 4.44555366962269e-05 0.00206034052079412
0 0 0.000108682337594623 0.0163665126807781 0.000179624798085027 0.0175542450581054
1 1 5.34386065002174e-05 0.0296575819509681 2.44797481855024e-05 0.0254739867185192
1 1 3.36506459032132e-05 0.00675155101830268 2.8213375569241e-05 0.00542013041268451
0 1 1.0589569699884e-05 0.00199760834880517 1.83286337394366e-05 0.00143365208050522
0 1 3.53307950898005e-05 0.0104431879454436 4.23540121683682e-05 0.00979732115742311
0 0 2.10925297974465e-05 0.00239643479666377 2.35871038464401e-05 0.00250498026993314
0 1 0.00011785305098034 0.0101153455535295 0.000162284694724195 0.00857896124043174
1 1 0.000196001114964113 0.00543587867103878 0.000140598299975566 0.00414077999467398
1 1 4.62037633886958e-05 0.00509141593509622 4.08151340464973e-05 0.00482551004839376
0 0 0.000131426586377657 0.0123679488538815 0.000146684230787713 0.0124045434188671
1 1 3.16610642772462e-05 0.00465504458727325 1.69099137329734e-05 0.00400830957155073
0 1 6.04248045216205e-05 0.00240682079900768 6.34219151634539e-05 0.00170598967246939
0 1 3.55291980941977e-05 0.0134782922810823 4.30680457776988e-05 0.0131271676330847
1 0 1.236424743177e-05 0.000536500874025141 8.15075999611743e-06 0.000573348102098009
1 0 2.03312411618856e-05 0.00277430828458216 1.59260371777304e-05 0.00284702779313664
1 0 0.000110348577929047 0.0147894365464046 8.3928068260341e-05 0.0159238156014365
1 0 2.71170891098076e-05 0.00206751476622832 1.90835656748384e-05 0.00216948446988395
0 1 3.43847278701232e-07 0.00212570057341759 4.06597073670098e-06 0.00194391827240102
1 0 4.89418754350067e-06 0.00140151531701704 9.97856209041974e-08 0.00151964694302262
1 1 1.58344517191196e-05 0.00109152778463422 2.37753764152155e-06 0.00100755376706073
0 0 9.95042872033543e-06 0.00198834733704063 1.74636518020487e-05 0.00206364374847388
0 1 4.86671266973229e-06 0.00106739143640865 8.00514204047623e-06 0.000922667247590451
1 1 7.17398789230862e-05 0.00904522582434512 4.17893294756468e-05 0.00736463096796744
1 1 1.25742158161397e-05 0.0016041857394725 8.4596293855342e-06 0.00131394084200462
1 1 9.12430429347873e-05 0.00509740076458644 8.58908341745902e-05 0.00448047083696324
0 1 6.57378704132738e-05 0.00706614260947986 6.78290675058159e-05 0.00643446578619185
1 0 0.000532932230038857 0.00702013153851059 0.000427661707501356 0.00769043321191948
1 1 3.89629636858803e-05 0.0181980817147278 2.56935140026111e-05 0.0181426317920871
1 1 2.8202631193838e-05 0.00440557148026344 2.1322082079322e-05 0.00421001905123301
0 1 7.3555460346385e-05 0.00400912253817861 7.62800529314366e-05 0.00388073550243017
0 0 0.000191365781799136 0.0178066775576933 0.000247694464188815 0.0190497591704522
1 1 0.00014371040707916 0.00690616394422435 0.00012990823336487 0.00599420245279312
1 1 4.41345675393603e-05 0.00483162548354376 3.43059786284328e-05 0.00464046927315981
1 1 0.000164642588383151 0.0044264460114168 0.000143555901800717 0.00442122434595452
0 1 0.000485266796820044 0.0192522086346929 0.0005064864543032 0.0186058836920046
1 1 0.000220950794249962 0.0265015678340917 0.000167318453935023 0.0233311645035682
1 1 2.43109345671822e-05 0.00176708261827402 1.93806001594061e-05 0.00168041416276769
1 1 1.56149808298403e-05 0.00318716141238871 1.48130118766056e-05 0.0023581983223942
1 1 0.000108230375789258 0.00287586154790792 9.47252869992588e-05 0.00246346118224304
1 1 1.23364648001292e-05 0.00329132921753705 7.50474121146106e-06 0.00328477345313802
1 1 8.5842022826131e-05 0.014170739344967 4.34454182413413e-05 0.0114145389930319
1 1 8.94254211996462e-05 0.00525512294118612 7.74758280735402e-05 0.00465693627963265
0 1 2.79078630797864e-05 0.00616833970280168 3.025469373453e-05 0.00605265295707208
1 0 0.000100066966341882 0.00555693684892976 7.80372693805036e-05 0.00618228628433946
1 1 5.29404505985874e-06 0.00173331737803862 4.97657979971054e-06 0.00143139784981226
1 0 0.000132402911085499 0.00725299326023744 0.000114144742794864 0.00936570178725287
1 1 0.000710921333444563 0.0223660237975521 0.000567650549703339 0.01767790443129
0 1 2.94907604214841e-05 0.0117671663717773 3.55056163601357e-05 0.0113321839933384
0 1 0.000141492884989948 0.00706351159963047 0.000158964841272332 0.00695772589075253
0 0 6.2450176598073e-05 0.00959149090822924 6.40044830120619e-05 0.0097207737106119
0 1 1.1724376698641e-05 0.00104278311956297 2.23084860655102e-05 0.000932229458528133
1 0 3.02149344068403e-05 0.00358615703108482 1.54807244650579e-05 0.00358920397038983
1 1 7.60165165479637e-06 0.00212527162708292 6.77705670652617e-06 0.00128420067156177
1 1 4.33231572370431e-05 0.00410143221884163 4.044121146964e-05 0.00398419567285503
1 1 2.95529945535051e-05 0.00154778635147307 2.20498418479512e-05 0.00148371859253373
0 1 1.82986055619467e-05 0.00335706145849522 2.37998114650612e-05 0.00294111745201938
1 1 7.38553317227644e-06 0.00236800149550866 3.21229196619856e-06 0.0015847114743789
1 0 0.000153938369284442 0.00730230424464609 0.000146802547203108 0.00954036296193532
1 1 0.000416319354067691 0.00686957087491937 0.000350870959001072 0.00680287979562705
0 1 6.0371179807172e-06 0.00166641475299821 6.47994085850271e-06 0.00135893908371362
0 1 0.000152900844807842 0.00989698713750121 0.000183192311534324 0.00811833084041607
0 0 4.65986389383268e-05 0.00286892236780371 5.87944773728177e-05 0.00302098148932961
1 0 7.10555289528283e-05 0.00602367630241409 5.88802267832599e-05 0.00693593493873668
1 0 0.000241415352454595 0.00857570613647854 0.000192018107026497 0.00976407478299471
0 0 0.000287808981325983 0.0167152699338003 0.000399152834193503 0.0191845729330112
1 1 1.96959012157319e-06 0.000615845644888239 9.05494842093496e-07 0.000609260113020783
0 1 6.01447483542192e-05 0.0050997669732481 9.06545533198873e-05 0.00453817112714899
0 1 9.61170848372783e-05 0.0178027040738102 0.000110639001176565 0.0168358985902651
0 1 7.21850324822439e-05 0.0235245336083933 0.000122467318721102 0.0198432150455104
0 1 0.000412167649603733 0.0221270879368695 0.000439570222882691 0.0214368065938186
1 1 4.3240376681137e-05 0.0022164248221545 2.09358929897999e-05 0.00197163096030212
0 0 2.84582203253079e-05 0.00178741652983373 2.9151467270281e-05 0.00199320012033383
1 1 2.12027103902059e-05 0.0040246852616048 1.6386045277784e-05 0.0029563667884024
0 0 0.000374510627559819 0.0185099005471935 0.000409030454057607 0.0241318498434437
0 1 0.000606294853320808 0.0214032574614415 0.000656997516019733 0.0190909707303921
0 1 0.000589194479409837 0.0230665987579431 0.000673420906226039 0.0167420668396811
1 1 6.3971552240872e-05 0.0172700175741457 5.60547461074088e-05 0.0134691244395482
0 1 0.000148996001414164 0.0296505313531365 0.000456565863793266 0.024382987499163
0 0 9.90488265253474e-05 0.0170916867207658 0.000251016749659766 0.0203406899458114
1 1 0.000520777957394884 0.0139145851902022 0.000446601506624802 0.012373857303261
1 0 1.21177693580718e-05 0.00145308978415389 3.31173542136762e-06 0.00146795334189023
0 0 6.60224787513751e-05 0.00295725512081608 9.70390206558335e-05 0.00417702751821427
0 0 4.71145160369471e-05 0.00525842038766346 4.7450990969161e-05 0.0107190286963106
0 0 6.69342029617091e-06 0.00383011187117557 1.08212016770074e-05 0.00429594761063148
1 1 0.000399382504479363 0.0201345879814176 0.000371608608702029 0.0188788888539044
0 1 1.69077952927233e-05 0.02237546120471 2.30280717304929e-05 0.0194429141933789
1 0 0.000126661474320668 0.015991920684329 0.000104500932126769 0.0176817499937983
0 0 0.000119963988665501 0.0125879967727719 0.000149913423715438 0.0132597232212232
0 1 5.34314044554972e-05 0.0081050127384591 0.000123319328948085 0.00741306021049395
0 1 0.000107407588556447 0.0121510890768297 0.000118086507679883 0.00874669249893068
1 0 6.20618644646927e-05 0.00333953338686181 3.34712239309823e-05 0.00357194979279531
1 0 0.000139647787849157 0.00644052202561892 0.000111158653448052 0.00774290282181626
0 1 9.85403015097037e-06 0.00520532365566539 1.63362192081123e-05 0.0039945091055188
1 1 7.09694863543209e-05 0.00584380206088546 4.96721891975826e-05 0.00509337208965105
1 0 0.000189200243688584 0.0127367213150538 0.000122947115549796 0.0146998004562488
1 0 4.08020608728044e-05 0.00405037144201761 3.98788270499147e-05 0.00410015227444895
1 0 0.000475155929940338 0.00474057808890871 0.000385090533664284 0.00624543500478065
1 1 0.000171984913174859 0.0289682320721534 0.000146598263433065 0.0224020504575944
0 1 1.69901657509134e-05 0.00290803079958692 3.15350604136888e-05 0.00252398704883831
1 0 3.00992558968992e-05 0.00152901148253469 2.6342136146853e-05 0.00169051624461526
0 1 0.000324436878781609 0.035936848801519 0.000354470073196428 0.0287381756830437
1 0 0.000203156787886236 0.0218280781307642 0.000189876909270611 0.0228505245956846
0 1 6.82359460255783e-06 0.00166273534539698 1.1103110915597e-05 0.00147629442503105
1 1 3.35508569831491e-05 0.00214189311853784 1.77661411028046e-05 0.00195540977292038
1 1 5.31012946171439e-05 0.00609750166533299 5.23998017648464e-05 0.00532328039220522
1 1 4.69402646420822e-05 0.00509735764203014 4.47754129449719e-05 0.00395322017916859
1 0 0.000315965103752623 0.008881632704031 0.000207037447672248 0.010334503941294
0 1 0.0003022585740179 0.0228893647261459 0.000310582543371238 0.0223007637306835
0 1 4.71473078181415e-05 0.00678002785491196 5.95133734033238e-05 0.00538288397341052
1 0 1.56489109161522e-05 0.00267937459193068 8.63742775023932e-06 0.00305625519145836
1 1 0.000128784046539372 0.00742803398068544 0.00011782709617471 0.00601725434275981
0 0 0.000164609090608401 0.00615765376685113 0.000238887163695838 0.00832995720173807
1 1 0.000190290113648309 0.0105172022890742 0.000167005401947934 0.00930866235645098
1 0 3.12951443795758e-05 0.0238806739374321 9.14922993300472e-06 0.0250172627143318
1 1 4.94829363950838e-06 0.00135285345145617 2.21694484369388e-06 0.0012859340941432
1 0 0.000174889424599172 0.0197222784948964 0.000159191224106149 0.0200974951291072
0 0 0.000242460429862671 0.0228617822659929 0.000631766097195523 0.0239494915452852
0 0 0.000171701532179118 0.010739773034908 0.000218610821304243 0.0122324347779512
1 1 0.000162330170590688 0.00409073235814381 0.000109752627484341 0.00383500626303589
1 1 9.79515447222614e-05 0.00282949719458942 6.93431894246638e-05 0.00281068796389771
1 1 3.62019988152811e-05 0.00562308207615911 3.32882277296382e-05 0.00528615858031424
1 0 0.000153156299392873 0.0034931527873071 9.80615648533372e-05 0.0041189766298135
1 1 0.000121219098865372 0.013414314242379 8.74007380332263e-05 0.010735448564934
1 1 9.39096918771297e-05 0.00827711469518226 7.92185154831407e-05 0.00756512040633257
0 0 7.0775035984746e-06 0.000940365293182376 1.09793615813402e-05 0.0011811897597399
0 1 4.40796117303389e-06 0.00612648104732374 2.44863100011481e-05 0.00549502982423173
1 1 8.92336459386678e-05 0.00180085814689936 6.79551786594846e-05 0.00137927263672087
1 0 0.000128387561567655 0.0136397825318874 0.000123121587665045 0.0189858851490024
1 0 0.000101758626953626 0.00769788968370683 0.000101524771814465 0.00772047993314036
1 1 0.000135437781991182 0.00667258465415995 0.000128500230434854 0.00641231205722498
0 1 8.52080019290819e-05 0.0287892932048651 9.80416591340726e-05 0.0226210309797891
1 1 0.000101293910119112 0.00781524496013921 5.16477061159665e-05 0.00611164569197685
1 1 7.35026766841864e-05 0.0189657308475691 4.39647072567067e-05 0.0178636956360467
1 1 0.000106180414704026 0.00447081291424259 6.19123194304866e-05 0.00332723544078707
1 0 3.45767504652508e-05 0.00644782848484852 2.41941488330815e-05 0.00733825596182769
1 0 0.00010722616377231 0.00251066168308908 7.82341016008117e-05 0.00309669807711987
1 1 0.000314457023552713 0.0265154603032837 0.00025326169157935 0.0222599757958451
0 1 0.000549659308383593 0.0149102462991707 0.000748037485975965 0.0138977643811759
1 1 1.31398654146578e-05 0.00783722891464914 1.25914349136277e-05 0.00370866155370454
0 0 0.000168664119262842 0.011438505656443 0.000188624082635667 0.0132093325059708
1 0 0.000118331447429453 0.00903894956945997 9.84412998704696e-05 0.0137417352385707
1 1 0.000262682154785815 0.0178064698617871 0.000202194780733928 0.0103655420794164
1 1 6.02338727394597e-05 0.00406362160970212 4.97418023144778e-05 0.00331970946208674
0 0 0.000202429017426188 0.0243386698038187 0.00021608221472306 0.0243830243956539
1 0 1.59494122967447e-05 0.00281625914971219 6.19440320954166e-06 0.00323009999799143
1 0 0.000139526689311044 0.00519100219906596 0.000101551338083568 0.00644674974311445
1 1 6.88985927583811e-05 0.0165321115056504 6.57450411167016e-05 0.0132713839546702
1 1 4.46300653568752e-05 0.00476970329048738 2.0260480297607e-05 0.00392903693333106
0 0 4.53222120782734e-06 0.000879686748760453 1.25666811212507e-05 0.00108705140908371
0 0 0.000236770145044735 0.0197072790235881 0.000262671165801333 0.023312891311772
0 1 9.32792990299647e-05 0.0113946719815515 0.000126224805050292 0.0072224317029189
0 0 5.15237180961003e-06 0.00331079395079044 6.34277304107556e-06 0.00371419551587009
1 1 5.31156591338543e-05 0.00455412220291965 3.88682495074065e-05 0.00358307877403803
1 1 1.03818239836251e-05 0.00474247907617556 6.89324182002794e-06 0.00384131999960846
1 0 0.000323654855535443 0.0132986204895094 0.000265803795810195 0.0150682474975634
1 1 0.000179198715771913 0.010157413095615 0.000161258644173477 0.00869059871960282
1 1 2.04688721648315e-05 0.00332083668123675 1.17914850104562e-05 0.0030781330501566
1 1 3.81413943320124e-05 0.00193932046671318 2.9319292680027e-05 0.00176152042457051
1 0 2.82240974170215e-05 0.00141838052961913 2.12839568721204e-05 0.00162475843984704
0 1 9.51882933724514e-05 0.00469778365655106 9.81080637765077e-05 0.00460914812664893
0 1 1.11667968559395e-05 0.00326623687592903 1.84470156669953e-05 0.00238380711131074
0 1 1.19733027722105e-05 0.00140956170437691 1.64810319161232e-05 0.00104515670951943
0 1 7.3313538787653e-05 0.00253608622152775 8.17869299405646e-05 0.00238240757046235
1 1 0.000132271786233847 0.00877469070989187 0.000130489993529224 0.00856349863324587
1 1 9.31704063170215e-05 0.00899047897963023 8.77818487084351e-05 0.00798461018343435
0 0 5.591310760385e-07 0.000990352871862889 9.95333907047668e-06 0.00132449562161562
1 0 0.000272941770904478 0.020890442345965 0.000221422315640478 0.0211136280335989
0 1 1.07552228639482e-05 0.00310505728820669 1.18184304982301e-05 0.00260021976744262
0 1 1.51593757463668e-05 0.00390699586166566 2.57331407211909e-05 0.00236999621282413
1 0 0.000108816993584152 0.0122606365819227 0.000101183130047415 0.0128737435711356
1 0 0.000104502255046866 0.0191509830886779 7.36340378235617e-05 0.0212617199099557
0 0 0.000135448332671454 0.0139962195838903 0.000193481330966673 0.0156567045311
1 0 1.20992595075177e-05 0.00164294704303593 6.91142256027582e-06 0.00208629268801715
0 1 4.70368653436688e-06 0.00121633068106283 7.75460427390399e-06 0.00098096044874612
0 1 0.000129784677444502 0.00991766847915735 0.000164695408405024 0.00939611740403709
1 0 0.000204546226879783 0.015334161616836 0.000176929540917887 0.0168368353513124
0 0 0.000212869352704618 0.00652122966294352 0.000259057636787776 0.00778023377694391
1 0 7.74406910205366e-05 0.00270322550021627 7.5675624968296e-05 0.00312505471943233
1 1 0.000512326528489352 0.00827172424711591 0.000287973974697599 0.00702698656938463
1 0 3.28397889420228e-05 0.00172970798964274 1.78734654545076e-05 0.00192456897313928
0 0 7.03737877672702e-05 0.004462353415601 7.77707278029615e-05 0.00473948493322299
0 1 0.000216411716532264 0.00920791600394501 0.000226569865533109 0.00843529565340114
0 1 5.02455078557055e-05 0.0136625675413979 7.28682923205249e-05 0.0101659067279175
0 0 3.38549146611484e-05 0.000816263626935337 4.12181385916324e-05 0.000928906040523062
1 1 4.72013594511511e-05 0.00390222305102603 2.39458657199412e-05 0.00283547151482127
1 1 0.000369730608457147 0.0276478337042472 0.000230679564664526 0.0201466510722493
1 0 8.59969628841436e-05 0.00421752167407507 6.92283261402288e-05 0.00429232503489311
1 1 0.000140780177079743 0.00522411072212832 6.92675529946908e-05 0.00404178754208515
0 1 1.3314331207696e-05 0.00295252825194198 1.91239900245401e-05 0.00255668984108715
1 0 0.00023299329250702 0.0041666025982856 0.000141688365156847 0.00461679957843728
1 0 2.20625067052915e-05 0.00219456719904804 1.36058986618218e-05 0.0022455507608729
1 1 0.000465759482835961 0.0184556781970603 0.000415566441263014 0.0170462789729884
1 0 0.000414468646075747 0.0120885278193131 0.000272530064742931 0.0128078898435863
0 1 0.000299543825836859 0.0140827465547374 0.000319241106716735 0.0123612777653369
0 0 1.503292837867e-05 0.00135624202170757 2.27713177580472e-05 0.00152159713702116
1 1 0.000324208326432637 0.0285127659485914 0.000307210909796853 0.0264435821074806
1 1 8.41281489610098e-05 0.0106937805094224 6.1821919609875e-05 0.0101156881136244
0 0 0.000171475370041806 0.0104106214228844 0.000195061680245081 0.0110777734549096
0 0 2.18517141151657e-05 0.0018466584483414 2.51118185266154e-05 0.00223559843218904
0 1 4.0954959437713e-05 0.0219965303803188 6.17375754287727e-05 0.0167736692363774
0 0 0.000626470294947104 0.0178805502636452 0.000793961278799394 0.0206178481562279
1 0 1.08040293487042e-05 0.00270243892092287 9.98845681577148e-06 0.00287109378549592
0 0 2.64538658826041e-05 0.00218816522101607 2.98810481014198e-05 0.00225562088208545
1 0 2.06841619082591e-05 0.00082277908526134 5.09448316644238e-06 0.000832449566407913
1 1 0.000334527946464008 0.0231775740716481 0.000213322907187572 0.0223582864050718
1 1 4.42149798281923e-05 0.00127543139688881 2.24326560798291e-05 0.00115779865218651
1 0 0.000120026158876886 0.0130209328254414 9.44252534091985e-05 0.0134945361844
1 0 0.000189858937613531 0.0167868263930298 0.000150661490461641 0.0195874845805642
0 1 6.55332143268032e-05 0.00562765673846831 8.79106977281129e-05 0.00461138441353888
1 1 2.10426918853168e-05 0.00258957745906773 1.72737453070295e-05 0.00248630838952254
0 0 6.37555358498448e-05 0.013672576460149 6.8173282604859e-05 0.0161519197462349
1 0 0.000245009031167733 0.0116691816428766 0.00023305342934531 0.0131030927767999
0 0 1.40718960666932e-05 0.00547549013434367 1.75812503982142e-05 0.0063977878312349
1 0 2.14429115531499e-05 0.00185009101311795 8.04956520605433e-06 0.00234002802694603
1 1 1.98606123950336e-05 0.00107927701838289 6.66516837421126e-06 0.000764890236127617
0 0 0.000161701883541201 0.0130052545229679 0.000185741074774231 0.0159038008120262
0 0 1.59927480258695e-05 0.00472448825339411 2.9911765445993e-05 0.00549432491612721
0 1 3.3871863560993e-05 0.00420646004849546 4.23213125218586e-05 0.00354445081309831
0 0 4.97628952150355e-05 0.00396162382499081 6.39955095048837e-05 0.00433985011092565
0 0 1.55799674182267e-05 0.00525868646734688 2.54036979457965e-05 0.00607847878628185
0 1 5.32202540143737e-05 0.00286923580047463 7.96678576502498e-05 0.00279998525424713
1 0 4.48422806149581e-05 0.00508906193017981 3.82424435196958e-05 0.00672530153594198
1 0 0.000138965032920482 0.00262181201319902 0.000126020042514914 0.00341490031479316
1 1 8.80712092852716e-05 0.00478454389484076 6.75326224299835e-05 0.0034671225572517
0 0 2.16619766087172e-05 0.0047601942073084 2.21183515355747e-05 0.00496461016709645
1 1 0.000420053507082098 0.0218957990148334 0.000414235027486927 0.0197060185857066
0 0 6.97923633689607e-06 0.00191973360697229 7.43363577799999e-06 0.0022724314862634
1 1 5.98440680680457e-05 0.00292920087808293 5.09243845974498e-05 0.00228698388196132
1 1 9.74861855908492e-06 0.00176384076811741 6.78845101819039e-06 0.00144448978213913
0 0 0.000137658372463746 0.0134078988345322 0.000163535446025663 0.0156191094503552
1 0 6.23868795787075e-05 0.00379664199353872 5.83847607576078e-05 0.00382456087663455
0 1 2.18075248071044e-05 0.0121004109124374 7.68637066324392e-05 0.0101033466162833
1 0 4.68654527370136e-05 0.00529245888539589 4.56085800451126e-05 0.0059763066660673
1 0 5.80777428828335e-05 0.00276532910711839 5.49608645733557e-05 0.00327684271789961
0 0 5.11984613082628e-05 0.0157986282082543 8.25499000839888e-05 0.0175323433786225
1 1 2.49218378290913e-05 0.00582499415637598 2.0377515729892e-05 0.00534971448588787
1 0 4.61551501801545e-05 0.00161241652849634 2.35169656246248e-05 0.00183470298254786
1 1 0.00015528403787265 0.0221807089715774 0.000136553525421819 0.0180040592411704
1 1 8.72218562131035e-06 0.00196407539446052 3.29338502942182e-06 0.00134290111484354
0 0 0.000372454803729838 0.0208313807349118 0.000493085331514229 0.0225602905283806
0 0 1.88340949126088e-06 0.00242630380237048 2.83824915603727e-06 0.0028398369178346
0 0 3.02283350027771e-05 0.00309233271858867 3.86467148112622e-05 0.00358643123803847
1 1 0.000270594844312691 0.0253731358596511 0.000243752441463708 0.0223330205268844
1 0 2.67132756095718e-05 0.00142013162376416 1.89390865209088e-05 0.00155216335719108
1 0 4.92278796632825e-06 0.000499888841416167 3.58896815233935e-06 0.000566815891595598
0 0 0.000125481361587154 0.00641458594400053 0.00015193620082185 0.00703763753068772
1 0 0.000111511796710064 0.00334180336986187 8.92048148258754e-05 0.00369657766042341
1 0 3.45133147501518e-05 0.0013870508211963 1.4438297321397e-05 0.0016433659640465
1 1 9.55982730405836e-05 0.0100991592103915 7.17072175144812e-05 0.00881742589137212
1 1 0.000199387264185335 0.00910976795164146 0.00012576186662907 0.00845288706085753
1 1 0.000372240318011643 0.0262217104124066 0.000300220528565828 0.0207376540551759
1 1 0.000112877972852588 0.0180489393076533 0.000103535868036454 0.0159328870504807
0 1 3.20085174658376e-05 0.00740275621971506 8.45783531923722e-05 0.00663361441053111
1 0 5.43690588605935e-05 0.0178026513224488 4.44991791522005e-05 0.0181498309452307
0 1 2.2299851884093e-06 0.00180730903226878 3.8478592659981e-06 0.00171779680338165
0 1 5.57143155793945e-05 0.0179929052309618 6.45198977464662e-05 0.0157186370622379
0 0 0.000483792365228112 0.024563716575387 0.000802166441560113 0.0257789722662944
0 1 1.16044581673305e-05 0.00422556419038907 2.31545774554332e-05 0.00334972324347308
1 0 3.43265766808977e-05 0.0100671985947222 3.21652359564256e-05 0.0132662664655037
1 0 0.000282549517554556 0.00712551070002197 0.00021761452275287 0.00850804175241802
0 1 0.000153056791066342 0.00592948161654069 0.00022695763720924 0.00561301471575529
1 0 4.00276238098212e-06 0.0010045304773047 3.93851565040796e-06 0.00122317690397551
1 0 9.34950871010986e-05 0.00571411740923666 6.30940027246144e-05 0.00663585304860105
0 1 4.05788564488136e-05 0.00566835819493456 6.85071615637278e-05 0.00440405905329207
1 1 0.000125904393917293 0.0118174878096882 0.000102689120963848 0.00942606629372333
0 1 0.000224458619660972 0.0199188851411849 0.000289817673242725 0.0188551625598032
1 1 5.31130368498566e-05 0.0115957781797448 5.08623495217029e-05 0.00854261518540109
0 0 8.95507706830398e-06 0.00258763420077962 1.12930284652761e-05 0.00297307333965309
0 1 8.1590902748518e-06 0.00167022213388431 1.12303529054794e-05 0.00163260345871463
1 0 2.74220129223984e-05 0.000748251213807425 1.76237423332534e-05 0.000922648488999759
0 1 0.000398017651545801 0.0234454973527727 0.00045858299096524 0.0188824522507236
1 0 7.5547453126889e-05 0.0110058232694385 6.89809196800427e-05 0.0112193156858094
0 0 0.000111668948732367 0.0193921778035223 0.000129593127087288 0.0201716993611156
1 0 5.02240501600729e-05 0.00659425886862047 2.19811659735897e-05 0.00758804191031878
1 0 2.02705310667295e-05 0.0014931013427469 1.61785985111827e-05 0.00158963519181664
1 0 5.58464694254701e-05 0.00158231932370703 3.35641577171689e-05 0.00182114048780234
1 0 0.000187569682760414 0.0150422053614059 0.000169366170553257 0.0169069524145917
0 0 2.49344718046049e-05 0.00440810583896697 4.72969935271188e-05 0.00447744689040885
0 1 4.07442220592486e-05 0.0144289592020039 6.12902101475289e-05 0.0138559398015958
0 0 6.55073863509091e-05 0.00426133329564703 8.3169152427341e-05 0.00505997665143705
0 0 3.05552763166705e-05 0.0053547770400678 3.55538027866621e-05 0.00647196226596457
0 1 4.35941821865392e-06 0.00170411216361307 6.0916247611826e-06 0.00148760111221011
1 0 0.000205534674702545 0.00324078260585872 0.000204014467538775 0.00379237789455188
1 0 0.000100063432269547 0.00301649423379594 6.18024126930281e-05 0.00353701881594753
1 1 8.96440912336759e-05 0.0161067086006878 7.73437871126268e-05 0.0144876029665929
1 1 1.55781751322812e-05 0.00286049133588287 1.20896239093102e-05 0.00248192949714575
0 0 4.83855908794628e-05 0.00548044989918162 5.60563491094355e-05 0.00703415495439903
0 1 3.05593958288239e-05 0.00325992900367974 4.3087858678241e-05 0.00271477022347805
1 1 8.39814266555605e-05 0.0094438533311929 4.56374247359808e-05 0.00911348956521454
1 1 1.0934491347061e-05 0.007086927328047 1.09279596298442e-05 0.00549247325935518
1 1 6.24572432455064e-05 0.00619975024561296 4.37121620063854e-05 0.00380750660785999
0 1 0.000233665846183119 0.0235768335834138 0.000279648435638092 0.0161595044872805
1 1 5.59935669026802e-05 0.00427920542338503 4.73937769608826e-05 0.00417184922186295
0 0 0.000302756460417709 0.0199610364630016 0.000369531042418864 0.0218378345841601
1 1 9.27053076389738e-06 0.00280266910667135 7.11062598565362e-06 0.00257037597337742
1 0 0.000146200403742368 0.00368468663323875 0.000111196398490283 0.00387419173059792
0 0 2.59503631846608e-06 0.000960466978233929 3.85364066239533e-06 0.00109652931330685
1 1 1.71737817994754e-05 0.00153860462123483 8.85060147208713e-06 0.00134625654591352
1 0 8.14671019659819e-05 0.00306847343683684 5.17947598959475e-05 0.00320865066378443
0 1 5.30121384153876e-05 0.00563064104078053 5.55505538854654e-05 0.00534234277718982
1 1 6.41650769910159e-05 0.00355796437082137 3.88122760334572e-05 0.00265686308626159
1 0 0.000138627423803062 0.00387565744663589 9.21428253559412e-05 0.00763773567418727
0 0 0.000277148817592101 0.0116396413508759 0.000343739047356976 0.0137356792602489
1 1 1.56304482720788e-05 0.00237122233440746 9.74851602624684e-06 0.0020413072107956
0 1 7.66305298001024e-06 0.00300505665168786 1.12359817629485e-05 0.00268458387615723
0 1 5.78046962729067e-05 0.00921588863681634 8.8769510363719e-05 0.00803834569935421
0 1 0.000105379498285238 0.00841905745683181 0.000189654040713337 0.0057171387187103
0 0 1.93349486317613e-05 0.00375128043780119 2.02005148960444e-05 0.00403004896482205
1 1 0.000120020622346202 0.0164157214446373 8.91757188516119e-05 0.0151129103481579
0 1 3.1730475596845e-05 0.00303728537701427 3.54968512053661e-05 0.00280844656197919
1 0 0.000184486659880039 0.0153855742869999 7.8027259705642e-05 0.0159330081498894
1 0 0.000365716178827565 0.0111765435103716 0.000287547663901638 0.0114620847274762
1 1 3.35096874293132e-05 0.00499393850850972 2.59953411446775e-05 0.00371214594249159
1 0 0.00134207919316914 0.00945697711926257 0.000888053517615865 0.014589336535082
1 0 0.000143618992668509 0.00505809816328177 0.000115437659908606 0.00555237036177044
1 0 7.2677624613649e-05 0.00194809074762074 4.53131181018879e-05 0.0024801467407577
0 0 1.8775814339839e-05 0.00526824114945251 8.36577347155418e-05 0.00539619104725452
1 1 0.000472010847247293 0.02505089273876 0.000299851016654323 0.0114782769833175
1 0 2.93559479386015e-06 0.00187360315642967 2.38166689570548e-06 0.00319853468605819
0 1 1.48095333621899e-05 0.00550334683414523 1.5464010659529e-05 0.0053555069055865
0 1 3.71042622372384e-05 0.00511276475795177 4.6867955499249e-05 0.00509811748171949
1 0 3.46837072692565e-05 0.0019151390485356 1.64808103410104e-05 0.00197269128509921
1 0 3.37275738019382e-05 0.000695914525410944 1.42262415131014e-05 0.000861567756315166
0 0 0.000146881077220061 0.00759341225001172 0.000171887888453933 0.00938758019779986
0 0 0.000180381966070532 0.0225003177654261 0.000230821884120149 0.0248825420756409
1 1 0.00011972161817407 0.00940750179700568 0.000107883455607602 0.00896100821559997
1 0 0.000138153092477043 0.0116565940196332 9.49173634706719e-05 0.0122985465924117
1 1 8.7519136792703e-05 0.0310936406948752 3.68469635448112e-05 0.0247918292342412
1 0 0.000150135877034431 0.0108342114951634 0.000147262666949326 0.0115741978330462
0 1 3.70287099268745e-05 0.0153194210474384 6.10204475715035e-05 0.0137092647188951
1 1 7.48749279483911e-05 0.0031471864281693 5.24954731996414e-05 0.003115227450425
1 1 0.000167457891745274 0.0118266460693209 0.000141199617858201 0.00934175546193116
0 1 8.89457386324174e-05 0.00355993736735 9.35162837969077e-05 0.00304692699808218
1 0 7.42110973127918e-05 0.00771062767973874 5.55159363811944e-05 0.00803967366381663
1 0 0.000140627889318165 0.0105182791154986 0.00010447495113686 0.0121200300211552
1 0 0.000699227842419187 0.021298939987918 0.000647992105046539 0.0215821765461525
0 1 0.000256308407906948 0.0248623726062277 0.000304794679648501 0.02313703318261
1 0 3.22536360118478e-05 0.00206781783787693 2.03828823618334e-05 0.00241295492539503
0 0 6.21498431316052e-05 0.00261605191966748 8.15875753637354e-05 0.0027893820069748
0 0 8.158431255478e-06 0.00678127205986184 1.0252435197544e-05 0.00699040732630475
1 1 9.43578028466501e-05 0.0133641758774327 8.82125975262023e-05 0.00982048002956349
0 1 0.000337896798403366 0.0239603342874466 0.000340941640616343 0.0231557033664088
0 0 4.13774660224274e-05 0.00691673865251518 7.38599401835164e-05 0.00816339870568026
0 1 0.000996062908833003 0.0322410031816266 0.0015950068287774 0.025466342736179
1 0 7.12013152349846e-05 0.00147005335504188 6.87539424313911e-05 0.00191822499355593
1 1 0.000129368665302948 0.0120808909670601 9.04168758437083e-05 0.0112974530746533
0 0 0.00011670253651789 0.00672658823346727 0.000176106218838573 0.00742670031900813
0 1 1.10688198135184e-05 0.00315833908402327 1.20792112565547e-05 0.0027691115588556
1 0 0.00109379882848062 0.018300307807675 0.000891749802615859 0.0196936038316507
1 0 0.00028665489792055 0.00818603913612466 0.000246968498036218 0.00916069140319243
1 1 0.000278692399947717 0.0161012978107131 0.000244394313396188 0.011625766745305
1 1 1.17196234569161e-05 0.00261977833351997 7.66363431766337e-06 0.00238424624107583
1 0 0.000113231836992171 0.0247023067213649 6.64731843738951e-05 0.0249448300208589
1 1 4.20432089416799e-05 0.00420705929970375 3.83021077919376e-05 0.00352984267885909
1 0 1.48127504361394e-05 0.00186036610739713 1.43888089403826e-05 0.00235826588722791
1 1 4.21074862001367e-05 0.0189698681653448 3.2117126633266e-05 0.0132724375374259
0 1 6.47187477971506e-05 0.0159327423564874 6.64749980360375e-05 0.014386526010059
1 1 0.000197401004747924 0.0126207654686826 0.000150567070530503 0.00892814405095719
1 0 4.32095857225037e-05 0.00161863436996539 2.76318848486828e-05 0.00239782959723482
1 1 1.20469171665965e-05 0.00356046076981732 1.03394104383967e-05 0.00318296298221598
1 1 0.000274612225504225 0.0113534384693978 0.000242251252085706 0.01005417399293
0 1 7.05740657691411e-05 0.0118028947418635 8.07476077940707e-05 0.00955348712961013
0 1 2.77418675624401e-06 0.00312537641195624 6.77022013626395e-06 0.00300315758980777
0 1 0.000133253571444003 0.0206230628304275 0.00015258390504667 0.0156077803005491
0 0 0.000510259864671423 0.01609036365552 0.000561242800341312 0.0169660311829449
0 0 0.000168691715849684 0.0039789621314463 0.000342874276332949 0.00580724681746014
0 0 5.24142509330559e-05 0.0042903775886166 5.30001462211677e-05 0.00577352025668368
1 0 0.000123293080708889 0.00328135681519824 9.92131728370566e-05 0.00441995520665663
1 1 3.66653689497886e-05 0.00358390379792843 3.22898741406973e-05 0.00271754776486085
1 1 4.059953702887e-05 0.018796167426639 3.92560853758344e-05 0.0160811365474929
1 0 0.00011168525988357 0.0114517532296849 9.88492389386736e-05 0.0127397670787787
1 0 5.44411874492169e-05 0.00535903308667156 2.68775767866669e-05 0.00588570590536032
1 1 5.62412927998117e-05 0.0135434801425527 1.98618978598356e-05 0.0106502241594149
0 0 2.16062186897551e-05 0.0078992940742173 3.05538715448283e-05 0.00813878529351777
1 1 1.84169839008059e-05 0.00428655036446827 1.35909698825073e-05 0.00404780861862121
1 0 0.000321966564273218 0.00687639741625881 0.000220707810344718 0.00780771739022198
0 1 1.43668151318042e-05 0.00301032184095742 1.65474796564088e-05 0.00295021387650292
0 1 9.88547808193607e-05 0.0251947944652057 0.000209420938408581 0.0205994959180673
1 0 3.86541635149072e-05 0.0133692729187014 3.09794143549579e-05 0.0187307110516218
1 0 0.000125791899117622 0.0046467378177224 0.000110030447279583 0.00501750456471675
1 1 5.71634764252162e-05 0.0226851106017358 5.63473945170654e-05 0.0190889487398644
1 1 1.32905885173271e-05 0.00141548801905865 9.07471864097088e-06 0.0011738011991818
0 0 2.12567633856064e-06 0.000724271242914616 3.19803102963284e-06 0.000823609614918474
1 0 5.92569215863067e-05 0.00400776295044824 4.40500591239005e-05 0.00450263503938669
1 1 4.92714163114916e-05 0.00189773861873419 3.06162662741616e-05 0.00164051295163827
1 0 4.98788873044292e-05 0.00576547989183383 4.87206269973691e-05 0.00588013016991975
0 1 6.53693155601427e-06 0.00563509478341337 7.59057980897155e-06 0.0042197473124949
1 1 3.40340255553801e-05 0.00444248313918866 2.24550388650808e-05 0.00422458458060698
0 1 0.000128742737423911 0.0254075526891371 0.000145801740443152 0.0236692534509205
1 1 0.000610785772755117 0.0242624321816383 0.000562949360077786 0.0237468812807677
1 1 2.74046671982985e-05 0.00131490495607179 2.12424701630479e-05 0.00120743030471667
0 0 3.54215841556383e-05 0.00607047282541823 7.74360401533182e-05 0.00632341924932653
1 1 0.000108943498537654 0.00730170719084618 4.60550527227294e-05 0.00708373816446838
0 0 7.41698902341723e-05 0.00905322545185423 0.000100841450673168 0.00979364312220312
0 1 1.22840979572491e-05 0.00206050233060402 1.33667748452769e-05 0.00197955242708954
0 1 2.15468994846395e-05 0.00590748183331942 2.42242405652925e-05 0.00455393845564007
1 1 2.73295248928358e-05 0.00492563385535787 8.31579512547075e-06 0.00353595117429887
1 0 0.000217814043733066 0.0111238445438205 9.79276481125316e-05 0.0122191812606052
1 1 0.000158648699107604 0.0218674562983407 0.000129418378546927 0.0209039308080601
0 1 1.58817127006651e-05 0.0080653300724566 2.95670492998952e-05 0.00543417134002523
1 1 0.000517895178526643 0.0426661596189785 0.000463236707932007 0.0247189770309032
0 1 0.000328449819778767 0.015820645974731 0.000332096193529995 0.0152481421577889
1 1 0.00119902362917233 0.0245300845592828 0.000828110232207512 0.0206697750114363
0 0 0.000295477519490249 0.011941606010827 0.000503215233648057 0.0129675413051608
0 0 3.13278256624682e-05 0.00385947377576364 6.01934883916269e-05 0.00439310940951022
1 0 0.000190277022532573 0.00490500238380768 0.000143043081444866 0.00572590135368636
1 1 1.21551082246715e-05 0.00181248363301252 7.04809914492221e-06 0.00101408968562275
1 0 0.000356923027723486 0.0180909054565944 0.000346628598277882 0.0185657291915982
1 0 6.58059120425538e-05 0.00625534845328826 6.40628650318378e-05 0.00651074947771424
1 1 0.000204406850032461 0.0116728431855914 0.000177116086804831 0.0100252760870199
1 1 1.92107657517671e-05 0.00254260040831852 8.51778245329032e-06 0.00239784960634453
0 1 2.58858413543195e-05 0.00392799261032655 3.28779259193725e-05 0.00381039563629027
0 1 3.27330536897551e-05 0.00674041377467565 4.36721252150672e-05 0.00547912685730994
1 1 3.92029424379708e-05 0.00402176741943078 2.94764018695826e-05 0.0037576392266115
1 1 4.43975365478777e-05 0.00918266927078723 1.94022488406963e-05 0.00753176124947483
0 1 0.000168277461108201 0.0207850623056119 0.000181602353528825 0.0143673362704158
0 1 5.58650763374699e-05 0.00531399332343815 6.85185308540344e-05 0.00378086648968615
0 1 1.00507283771611e-05 0.00179436707956124 1.62506684445558e-05 0.0015976238018786
1 1 0.0003780309310352 0.0109870299546063 0.000211492685378432 0.00919060526652977
0 1 0.000363666421898814 0.0171175758975453 0.000405704852073419 0.0158786541526562
0 0 0.000105099481758996 0.00812247538620582 0.000107349818771483 0.0103038849151722
1 0 1.75073768976188e-05 0.00406068021673191 6.2152623312412e-06 0.00430099097806366
1 0 2.4963326027946e-05 0.000680100201365478 1.72665773277452e-05 0.0011952708591464
1 1 4.2066258437916e-05 0.01256296980669 1.12013699893524e-05 0.0103413675024737
0 1 1.60572852635033e-06 0.00316342516054763 6.93250996342125e-06 0.00245065492664404
1 1 4.66081104890781e-06 0.000898946655630627 3.28682634078741e-06 0.000894380936633434
0 0 2.69234404508027e-05 0.00447353506661818 4.0937841268457e-05 0.00458046124998031
0 0 2.45355455719373e-05 0.00115276258033063 2.72963969524152e-05 0.0013331656645988
0 1 0.000357830472558672 0.0198939492572743 0.000364850516628318 0.0149067973666932
1 1 2.99975719575171e-05 0.00470634866569688 2.65104218688572e-05 0.00400059308471149
0 0 0.000109741119332879 0.0064030198485366 0.000152952755157295 0.00697793668552926
1 0 0.000323301238899977 0.00814841131675035 0.000274056175754499 0.0119143337674212
0 0 2.22946959597208e-06 0.000989021930348565 4.03046243885304e-06 0.00110195419302089
0 0 0.000233465806249487 0.00580739101625534 0.000260204815596454 0.0063019079196582
1 1 2.17699759951723e-05 0.00944376218834631 2.1057480378846e-05 0.00878056506193148
0 0 6.5105474398696e-05 0.00570874098143635 7.14947764112596e-05 0.00891863652832343
1 0 1.25331765501018e-06 0.00109567757608602 6.36913206559117e-07 0.00117711653177119
0 0 4.26754205154812e-05 0.00305252192429361 7.16910810241164e-05 0.00401607417443472
1 1 7.3237884967203e-05 0.00641704908649252 6.69311134180066e-05 0.0055777082393079
1 1 0.000658731455578689 0.0152756357555559 0.000534341124531813 0.0130477113243382
1 0 8.34197617860366e-05 0.0190582078284415 8.18814168498509e-05 0.0228935509838418
1 0 7.42839334464074e-06 0.00284883830835007 2.30186966551506e-06 0.0038367818233908
1 1 1.48754841807175e-05 0.00127095920669414 7.20055264622552e-06 0.000847949001019817
0 1 4.08115190097218e-05 0.00574828411924131 5.00082993255522e-05 0.00502372786595458
0 0 0.000431372716778565 0.0186255353877288 0.000437085594751975 0.0193663798384949
1 1 0.000242670660667377 0.00682022245505425 0.000233936298153831 0.00639794069527149
1 1 0.00027822541591032 0.010766868645163 0.000255291239709588 0.0104717491916654
1 1 6.02153246532814e-05 0.00697750788763083 8.92218270189917e-06 0.0050554062102271
0 1 0.000234672319637459 0.0168803807329208 0.000280749417891768 0.0151032796272332
1 0 4.59927143405171e-05 0.0037587761989882 3.75981854307153e-05 0.00495191181664811
0 1 2.11133124014363e-06 0.00127090014213587 2.46766198463673e-06 0.000968899157536223
0 0 3.33943238893021e-05 0.00490972242246421 7.23305746112251e-05 0.00496585170783499
1 1 0.000102569589115048 0.00356164221978519 9.75141574976753e-05 0.00326916796194856
1 0 1.02666437722148e-05 0.00343111271682955 9.05262488539447e-06 0.00383591482588936
1 1 5.4606655212683e-05 0.00599893612648408 3.28381367238367e-05 0.00517101191397021
0 1 3.24990488488114e-05 0.00303770325249809 4.89186645850641e-05 0.0028986160474514
1 1 0.00079431430606216 0.0246195245559022 0.000690233540132179 0.0207576950384389
0 1 0.000301129480753768 0.00694556709495376 0.000315859091585538 0.00605745254403866
1 1 7.73762571910395e-05 0.0121617000709952 7.21687503469789e-05 0.0107367290866441
1 1 0.000123966117698661 0.00693222630396905 9.47454801969273e-05 0.00661670573924372
1 1 0.000129569824287223 0.00429904387525869 0.000117248941425267 0.00383855938600876
0 1 9.76609548137547e-05 0.00889660934621824 0.000123218120363035 0.0077775322657356
0 0 0.000474686089598754 0.0090524704526266 0.000517069292738049 0.0112855716840881
0 1 1.34864354640185e-05 0.00881062888860823 2.20806101084301e-05 0.00724232391751303
1 1 0.00015860625470262 0.0113412575581053 0.000126831202886196 0.00978461671861289
1 1 0.000238807574323035 0.00833037504487468 0.000131595518362928 0.00679090287762341
0 1 0.000361756526208903 0.0178748049466877 0.000436054661036304 0.0159378838883786
1 0 0.000106597535193737 0.012922033014409 8.4387445592095e-05 0.0135069816110829
1 1 0.000186497904554213 0.00981390936810349 0.000115877255163884 0.00669314437947293
1 0 3.937781346015e-05 0.00282033102185302 1.77963252553006e-05 0.00286729942317325
0 1 5.07227878065699e-05 0.00307093557204032 5.71337178730069e-05 0.00240285969860177
1 1 4.80365724597544e-06 0.00159799588489666 3.18519205308501e-06 0.0013797685646568
0 0 0.000145156089751821 0.0176770870340379 0.000166088568666221 0.0206056031996336
0 0 1.54517397530287e-05 0.00135280602922308 1.70538490774646e-05 0.00143363272067177
1 1 1.77710013248991e-05 0.00132133844731404 9.8335941685653e-06 0.00119281462584021
0 0 8.05438314643588e-05 0.011190237172804 9.91228494168538e-05 0.0120905395239522
0 1 1.55985215329025e-05 0.00368223876839903 1.72481274943865e-05 0.00248658865229126
0 0 0.000112523432722603 0.00217054529565983 0.000134012313076297 0.00304481108589077
1 1 1.05261694121303e-06 0.00105434358471419 5.94539876509595e-07 0.00103974257445638
1 1 2.33928966055983e-05 0.00417537013455179 2.24794804537967e-05 0.00375949821074148
0 0 6.561344307956e-05 0.0151696064528667 6.87241853084605e-05 0.0160611378932989
0 1 3.67292460333617e-05 0.0144942465623222 6.90640502937959e-05 0.0140891372757246
1 0 6.27709176972222e-05 0.0101904569179665 4.0504015457586e-05 0.0117019607912545
1 0 0.000270818109492797 0.00685000862330848 0.000183457825315552 0.010018745155619
0 0 5.78843023069653e-05 0.00853585032929171 8.52227742118115e-05 0.00913319068059889
1 0 0.000550841850668613 0.00925026642832759 0.000473919207136975 0.0136220500899597
0 0 1.6797112888254e-06 0.0087632978985706 6.77567268908493e-06 0.00978092999506347
0 0 0.00010754523794095 0.00374890785888767 0.000142300452575079 0.00454374761447854
0 1 0.000255130656822446 0.0167658095477554 0.000256354834068182 0.0154796086881388
0 1 0.000651995012695626 0.0141508436594524 0.000710957211711105 0.0130810081659018
1 1 0.00015396575714749 0.0133920798732112 0.000151360743598681 0.0114256084807276
1 1 3.61645681095182e-05 0.00445406232775494 2.86898570160068e-05 0.00373430378665017
0 0 9.20881320670033e-05 0.00686862092377665 0.000138672030323593 0.00761711401624096
1 0 0.000313337261516123 0.00659045158344982 0.000235324774312469 0.00745829113230246
1 1 5.35463209516516e-05 0.0125181144206599 1.94472059034663e-05 0.0114953133755075
0 1 4.77527119118059e-05 0.0145461332386504 0.000114575014275637 0.0133721365725266
0 0 4.38620920714638e-06 0.00264388871337331 1.24326524752689e-05 0.00317690964988736
0 1 0.000193093125268645 0.0173937381989263 0.0002076134762651 0.0153866237053731
1 0 8.58617958180111e-05 0.0153245387920924 5.66116643426824e-05 0.0183132829826367
0 1 3.78502391461944e-05 0.00521736053409151 4.583636880355e-05 0.00482767715156874
0 0 6.88672721095279e-05 0.00537032415487205 7.84885524311447e-05 0.00669018113003169
0 1 2.23090157210252e-05 0.00645282810567544 2.51223416484838e-05 0.00547220340818015
0 1 0.000111328504260198 0.0107290792472057 0.000122176995904172 0.00920924872004155
0 1 0.000144808498365714 0.0164824204525237 0.000146251179694225 0.0152042185905216
1 0 0.000136515611006174 0.00722815112302213 0.000104792310804302 0.00789006073592514
0 1 0.000151486401479108 0.0151850446320516 0.000184637898560813 0.0123031637961967
0 1 0.000156949347910982 0.0135956713499225 0.00017432244263193 0.0110012043429163
1 0 4.97373671738432e-05 0.00215397665388508 4.10565684904024e-05 0.00228935478290664
0 1 0.000556517337053019 0.0369068051234077 0.000562846323098512 0.0320677456105789
0 1 2.1617947316126e-05 0.0242783516776043 3.54590905083856e-05 0.0200579740366652
0 0 8.99991206499259e-06 0.0027172878316851 1.98295654634653e-05 0.00279158656004442
1 1 0.000614557849928696 0.0288358633387186 0.000566659003384134 0.0227265961337498
1 1 1.47662711563862e-05 0.00244903930231565 1.06968301254193e-05 0.00236953149241356
1 1 0.000123424849804678 0.0147566983961576 3.32613793003542e-05 0.0137746076032353
1 1 0.000617360983301366 0.0407031372452116 0.000473941472416903 0.0279208867866337
1 0 1.97246812471052e-05 0.0064195457598491 1.19442378449725e-05 0.00696654893808646
0 0 0.000162356858629571 0.0116684361499123 0.000221111626724155 0.01282965888784
0 0 2.49440627407142e-05 0.00446537676308281 4.07127868138681e-05 0.00471541417645923
1 1 8.20311122637831e-05 0.00535183021797934 2.4175416541525e-05 0.00379058622683004
1 1 6.22698583369381e-05 0.00943247302440439 4.63775887162235e-05 0.00797508107947825
1 0 1.29328142454875e-05 0.00416157126475605 8.79122735337209e-06 0.00444625138494745
1 1 8.63733543744835e-05 0.00589025508627478 6.97227898530353e-05 0.00418066565961568
0 0 1.69867209649685e-05 0.00121071684869521 2.51167909352583e-05 0.00166686981619307
1 1 1.9497170574377e-05 0.00153614830905649 1.31530224311607e-05 0.00151465614331515
1 0 0.000130589521798409 0.00372677268045752 9.6968133884969e-05 0.00464190791163718
1 1 0.000276651899427178 0.0162956367333426 0.000185710741401758 0.0148775973920187
0 1 0.000138860797880095 0.00290750180715949 0.000171190777780358 0.00277632978331466
1 1 1.65625078108077e-05 0.00163723235281939 1.38285622557305e-05 0.00163570157000068
0 1 1.07812633794811e-06 0.000703805770070362 1.87187775980658e-06 0.000553942246129361
0 0 8.13300203864543e-05 0.00684678500036484 8.76846713002253e-05 0.00897515340847003
1 1 0.000207462666863088 0.0113939147640848 0.000200055935742887 0.00660493273849979
1 0 0.000155970877585935 0.00457416416563913 0.000150595328565008 0.00525579944529965
0 0 5.12732343207956e-06 0.000960397054395677 7.00948487309097e-06 0.00125101402482754
1 1 0.000140064547852367 0.00791426340262232 0.000106036148593254 0.00743356595912418
0 0 3.49107311783633e-05 0.00342021800120571 7.11119197543637e-05 0.00397829151606617
1 1 0.000326276498651757 0.0120179745740567 0.000259663593181299 0.00943701186662952
1 1 9.58044446026106e-05 0.00285258370688785 9.48763134475416e-05 0.0021240348896767
1 1 0.000123127740077536 0.0273568858215344 0.000122362490850905 0.0175708116688036
0 1 2.1781189981447e-05 0.00361578196669526 2.83601519826428e-05 0.00323447414172953
0 1 6.24898028166963e-05 0.0123883965796561 6.41366792233332e-05 0.0113885911808691
0 1 3.4504653248745e-05 0.00749446148439069 4.11448600082208e-05 0.00515808704529101
1 1 4.21757980150499e-05 0.00818927514648751 3.24589431894849e-05 0.00787077618401644
1 1 0.000106524781970358 0.0191200502476533 5.26003182971077e-05 0.0150654442819315
1 0 0.000150533735688571 0.0114851788917913 0.000129042919072231 0.0143459324802915
0 1 1.18144404989367e-05 0.00261248284623841 1.69364518823601e-05 0.00235923261563068
1 1 0.000105859589869189 0.0165287162175442 9.46602920609587e-05 0.0130526817311716
1 1 0.000221781925039305 0.0198365956722724 0.000177588446586736 0.0175147368441396
1 0 1.09506015799418e-05 0.00232002025779897 9.67165511966773e-06 0.00303800160692751
1 1 0.000176166930982237 0.00843297233290913 7.6566225570594e-05 0.00389527710579293
1 1 1.8366375169348e-05 0.00406505893871647 1.70331819131319e-05 0.00324168845359734
0 1 0.000243354833134635 0.0138523839503631 0.000269829741042551 0.011003669871746
1 1 4.64221019573719e-05 0.0159668611580021 3.79310725383268e-05 0.0118667454949096
0 1 1.05841176204249e-05 0.00138039367407582 2.41929933774837e-05 0.00127934472869038
0 1 3.17091348083409e-05 0.00361446376786483 3.43962267627098e-05 0.00346982988361648
0 1 0.000252912811883479 0.0238734388329297 0.000329459033814247 0.0202301666097387
1 0 0.000173682093503626 0.00977174842908514 0.000146647802078199 0.0108916412127389
1 1 3.13394624576507e-05 0.00201258454594121 2.60126931342692e-05 0.00187193328582677
1 1 2.33648252230497e-05 0.00420092421033241 3.88549677515697e-06 0.00368397794520372
0 1 0.000234131674309664 0.0154054826058705 0.000300483086273537 0.0141861756846637
1 0 6.64302561230747e-05 0.0164670718134755 4.53577726809024e-05 0.0197268197239661
1 1 2.90637283643842e-06 0.00296444748840849 1.95169394381413e-06 0.0025674572258045
1 1 6.17552258804706e-05 0.00455753904712339 3.9788525898385e-05 0.00395918779784313
1 1 6.41587609877456e-05 0.00543388419782794 2.99574606910743e-05 0.00470455817987681
1 1 0.000154236456924051 0.0189467588751748 6.48551608316393e-05 0.0160010367778019
1 1 9.7311110100957e-05 0.0102931610651943 8.52934660861941e-05 0.00859750504893459
1 0 0.000407730683132281 0.0121594041388269 0.000249138284086613 0.0126065273714511
1 1 5.73300033206421e-05 0.00566717633104999 1.60909018215625e-05 0.00356308871271908
1 0 0.000648288917693991 0.0265058944617711 0.00059222505977103 0.0275773024491077
1 0 8.28759237160844e-05 0.00968364703972749 4.88870628003261e-05 0.0157802424232293
1 1 4.5346362266606e-05 0.0081285953124216 4.35744945420394e-05 0.00716372134288114
0 1 2.80263401013218e-06 0.00129327700451545 3.54714635800874e-06 0.00112114425387063
0 0 1.39677126461186e-05 0.0017779024844387 2.00528430101046e-05 0.0019831711185884
1 0 1.85381107343534e-05 0.00113362667149915 1.6680857298269e-05 0.00117489746592048
0 1 0.000123468121426241 0.00830828208994669 0.00012457477041141 0.0077630237219845
0 0 9.37802402044902e-05 0.0111538825088877 0.000136306036887069 0.0115211499485116
1 0 0.000520985221042662 0.0102116807437161 0.000326241197717935 0.0111045041220987
1 1 2.47857336408296e-05 0.00583735370796982 1.86956639616293e-05 0.00493795111738721
0 0 2.26564113052674e-05 0.00295690297998306 3.07949730474002e-05 0.00343507002484106
1 1 0.000196255806658954 0.0103278180025838 0.000129183231178639 0.00995651946301383
0 1 0.000263725857705507 0.0194152506716216 0.000328066839846256 0.0167853063523643
1 0 0.000458347579602082 0.00746901010089031 0.000298005835164321 0.00794310432037518
0 0 3.03130957222266e-05 0.00258858594727171 3.39382378361742e-05 0.00281328799930621
1 1 1.3662768610225e-05 0.00276372293596097 6.36976294027159e-06 0.00210028523552083
0 1 4.21869027762122e-05 0.0142938427658072 6.36069944350909e-05 0.0120324456846204
1 1 0.000225122928879111 0.0150616362151071 0.000162035304151309 0.0135795829106475
1 1 0.000146276059928916 0.0212981397990021 0.000110816639882367 0.0192679001601181
1 1 9.86143019213709e-05 0.00935274965015869 9.6980723250956e-05 0.00865160666927042
0 1 9.1007625018496e-06 0.00370530056267048 2.05013412276275e-05 0.00351674112585547
1 1 4.64351986510493e-05 0.0042886733985147 3.25311552263825e-05 0.00369305112907663
1 1 0.000121976140621464 0.00825972116163284 0.000108780768901586 0.00662912381037553
1 0 2.82113546003485e-05 0.00615914922512682 2.64684203644389e-05 0.00726645319539968
0 0 1.22636796102922e-05 0.00326395941621804 1.25367814129055e-05 0.00342038473923606
1 0 0.000393500315773331 0.00963425253941024 0.000227875114683739 0.0117126877733203
1 0 2.59402743452469e-05 0.00171973904978236 1.1036980314913e-05 0.00236825503615093
1 1 0.000288146270574391 0.0108750666907244 0.000250871213746511 0.0091797462020358
0 1 5.86909215000601e-05 0.00626026857362571 6.48148123150777e-05 0.00542804231788177
0 1 1.76962999766162e-05 0.00105456310677269 2.35809369261236e-05 0.00104822055956664
1 1 1.33809939263555e-05 0.00280142646274883 1.29987415434807e-05 0.00181783746839766
1 1 0.000305084368427604 0.018965654811211 0.000280877645500307 0.0180498643314068
0 0 7.68852659344949e-06 0.00139666737936632 8.65550646150656e-06 0.00174729403409939
1 1 0.00020628217466272 0.00975399882199515 0.00014885102411535 0.00954370774249184
0 1 2.88586947912423e-05 0.0044185948492896 3.47152150673073e-05 0.00419077439022284
1 0 6.70832145422822e-05 0.00624752444884631 6.27678205464107e-05 0.00683181099789744
1 1 6.83679481759159e-05 0.00564270805848867 4.82095142992069e-05 0.00477324140723135
1 0 8.22649717838742e-05 0.00590696304992359 8.00160126513944e-05 0.00817229227425448
1 1 0.000915502611534563 0.00697489013821074 0.000753459725749304 0.00451943340048184
0 1 6.38822463395077e-05 0.00868037402512328 7.11123908910898e-05 0.006542610176593
1 1 6.99380430112896e-06 0.0023006869212004 2.11963344424069e-06 0.00187978230122896
0 0 1.53104463629889e-05 0.00288296165421154 1.97626103204598e-05 0.00312218278638087
1 1 0.000100434242563269 0.00431095820859411 6.48278130160025e-05 0.00390334830944411
1 1 9.78451660053113e-05 0.00524896565796236 7.27115268039985e-05 0.00486699757430528
1 1 0.000235702496076766 0.00804241226335449 0.000223016088241093 0.007359866059057
0 1 7.99468405339852e-05 0.0117746770069745 9.46493067304108e-05 0.00656883083854821
1 0 6.11600091084751e-05 0.0148792011621877 5.79340274890843e-05 0.0152778874113857
1 0 0.000226146576587152 0.0209581009085325 0.000155570434840461 0.0209800349543913
1 1 1.00429163145975e-05 0.00138343042918591 6.4298548769839e-06 0.00069314866840327
0 0 0.000117253779385283 0.00356257673518832 0.00013777407688847 0.00662731434406194
1 0 5.55176431582359e-05 0.0055874866957575 4.8333939978229e-05 0.00665390307590754
0 0 3.04274074445465e-05 0.00263829110727329 8.47665529220645e-05 0.00336783973931964
1 1 0.000250876706491167 0.0208318046927767 0.000169696113453089 0.0200580505530866
1 0 5.84063248711319e-05 0.00159648308919663 3.5634569144268e-05 0.00169478907879057
0 0 0.000349932855631662 0.00808852830997961 0.000542564888385287 0.0107810794014028
1 0 0.0003003751662532 0.0161438552500219 0.000216034783614124 0.0171961708134402
0 0 0.000142453902894646 0.010086303779515 0.0002048304495466 0.0151813509086414
1 0 0.000106096324006084 0.00465435447387339 5.29733285318728e-05 0.00649221712401985
1 1 0.000192018189533629 0.00669598087091337 0.000169958132186592 0.00610774242150922
0 1 7.54954437276377e-05 0.026421343143592 8.39525625859668e-05 0.0211057412966612
1 1 0.000449559420759535 0.0100215165982542 0.000374072801721631 0.00839415643866374
0 1 2.14045067154417e-05 0.0128021904146122 3.73891370423462e-05 0.0106640729598394
0 1 3.94725122844287e-05 0.00558332141632774 4.17054539136392e-05 0.0051475509933888
0 0 0.000156312735891455 0.00737068018858446 0.000209170476082754 0.00973274400420374
0 0 7.28149066822299e-05 0.00430280016118118 0.000100897021773164 0.00469085322004085
1 1 7.01819636641349e-05 0.00240123580783553 5.80261269518114e-05 0.00220173804810708
0 0 3.55540305124152e-05 0.00257456921721943 4.45229803838164e-05 0.00263854850216461
0 1 6.48908174276824e-05 0.00544602629168229 7.46136429232781e-05 0.00518832770126622
1 0 2.09246445750797e-05 0.000614804309725732 1.7292806974408e-05 0.00127967278214574
1 0 6.48208248422398e-05 0.00212291890815043 3.3116364939067e-05 0.00683104507244014
1 1 3.20256853177432e-05 0.0049406895932762 2.00834584549833e-05 0.0041580087322659
0 0 4.83214634597071e-05 0.00513508520698391 7.36536575696803e-05 0.00539876666291127
0 1 8.89237436190977e-06 0.000823441323936953 1.0300226758218e-05 0.000813432781883677
1 0 0.000126774626465062 0.0123622108674574 0.000102511422432723 0.0171194665415391
1 1 0.000266849867594213 0.0126003727749482 0.000155916018696185 0.0102146312516009
1 1 0.000155397427287896 0.00653617891003285 0.000125612209007361 0.00420113842800058
1 0 0.000890789754015366 0.0100548081105616 0.000857580401643759 0.0111244758488887
0 1 8.68113084094476e-06 0.00343673574214835 1.36693316526108e-05 0.00255331388709392
1 1 0.000139133454070453 0.00633070287665463 0.000107657968730192 0.00595459835953545
0 1 3.7282270941868e-05 0.00546510713152175 4.11739472544561e-05 0.00423152028961054
1 1 0.000657107797828398 0.0265636665457154 0.000552927215064578 0.0263273173027027
0 1 7.38618876103017e-06 0.00785659650259394 1.02841513577751e-05 0.00669464623347662
1 0 9.30906068454251e-05 0.00513273287481248 8.25685870612507e-05 0.00743307920493801
1 0 0.000210442304843645 0.00967451073285259 0.000156802761394566 0.0100176101164058
0 0 0.000102649329749515 0.00624946131648806 0.000211008319609611 0.00838716047145391
1 0 0.000173631188449818 0.00346835922707885 0.000138383402079026 0.00408872381314835
0 1 5.6272479069281e-05 0.010372050903791 7.06563896496108e-05 0.00898843015064478
0 1 0.000143414849151849 0.0230138553734321 0.00019518307345282 0.0205330008723463
1 1 0.000125904568460422 0.00321759643870458 7.03179658206358e-05 0.00264097095231289
1 0 9.07732905245269e-05 0.00433280296593823 7.96250619731512e-05 0.00545905645624716
1 0 3.98620252443906e-05 0.00382476742500895 3.95187397757169e-05 0.00392338473215926
1 1 0.000124678515195293 0.02774246153903 0.000119084566375897 0.0212276769090151
1 1 5.25396526218286e-05 0.0137107416538098 4.77645494826462e-05 0.0120919485162135
1 1 0.000252571680796599 0.0109911316608413 0.000235104740642883 0.0107496955001466
0 1 7.90885236657316e-05 0.00601657320681097 8.63641297575833e-05 0.00480163745882956
1 0 4.08384403258067e-05 0.00265800211953958 3.86432744394599e-05 0.00303459046093045
0 0 0.000262950721174591 0.0218171572728574 0.000273084214833259 0.0254906493316753
0 0 0.00011666991796509 0.00768160122602596 0.000129857098350374 0.0077227611779928
1 0 0.000102265652100763 0.00252678224155556 7.5391872827204e-05 0.00293771724617448
1 1 7.31427996458444e-05 0.0075678306033787 5.51466962048147e-05 0.00641476438896167
0 0 2.16600826742019e-05 0.00321235649236193 2.20037179390702e-05 0.0042683437699417
0 1 6.39593447416539e-05 0.00670570056485779 8.2964420457167e-05 0.00539459066212427
0 1 5.58009879447966e-05 0.00241489075834565 6.95997955199623e-05 0.00188461562665164
0 1 5.27436729936696e-05 0.010500265755065 6.10363019464669e-05 0.0102332162894503
0 1 0.000337644381948232 0.0244403512375162 0.000386091411899865 0.0231322625224678
0 1 4.40800164826619e-05 0.00278528474092202 4.64483912484001e-05 0.00259989513561384
1 0 0.000172278606766933 0.0110183009342836 0.000168472868019203 0.0128978892043344
1 0 5.32843382466354e-05 0.00143965831181994 8.54627803261974e-06 0.00178826563216162
1 0 0.000312865023927952 0.0199140453912778 0.000292595790399296 0.0223533150377564
1 1 9.70707910902774e-06 0.0075013699146542 9.3911441678995e-06 0.0041864621540435
1 0 0.000118439850050633 0.0166982576119507 6.44323917743605e-05 0.0175466874630801
1 1 7.93136261241348e-05 0.00612115813380443 5.89568982532918e-05 0.00594061315005446
0 0 2.37772792956583e-05 0.00317923257592991 5.68747261078813e-05 0.00481816628646517
0 0 0.000178001630421441 0.0198740300048019 0.000211397938771058 0.0213488481044862
1 1 9.93745963541677e-05 0.00851679937932936 8.15344378473495e-05 0.00630390637178462
0 0 0.000251469329150816 0.0165581474471716 0.000305965042187474 0.0201108813504908
1 1 0.000206128020181355 0.015914322246498 0.000176650046746769 0.0142408323379596
0 1 2.90803715497814e-06 0.00138157340520192 7.30640322798417e-06 0.00105969779010482
0 0 3.72066968985627e-06 0.00391364828440341 6.03593516242645e-06 0.00420205480430464
0 1 1.35334795501572e-05 0.00259005143670497 1.40318696280706e-05 0.00243522658108304
0 1 0.000359484176973281 0.0191867179416749 0.000390499107280997 0.0156705678935248
1 1 0.000260749864304619 0.0156247149373411 0.000154762005911032 0.0109906959774729
0 1 1.89543677685819e-05 0.00547722848539333 2.15904334068635e-05 0.00458297303507038
1 0 3.76271875255577e-05 0.00301635209355124 2.23954663600838e-05 0.00438580398652031
1 1 0.000319503036677862 0.0284857811572363 0.000310424258789988 0.0234157567309404
1 1 9.3453350017181e-05 0.0232776044726819 4.21842086710529e-05 0.0197228637508441
0 1 0.000102658249425103 0.0119061563126506 0.00013212764132749 0.0104091326475935
1 1 0.000117904549046504 0.0188819130046695 0.000113830151029759 0.0155678542072453
0 0 9.45172074374933e-06 0.00225203644887594 1.54979724304505e-05 0.00249161830368576
1 0 0.000198927521501505 0.0163751757025243 0.000149981300918976 0.0170774261333963
0 0 0.000184915630153793 0.0210409313921736 0.00025558582670656 0.0268897749834519
0 0 4.93319240958521e-05 0.00521630760632763 9.74971650983183e-05 0.00572550871708012
1 1 0.00029505222288841 0.0114760789224307 0.000205040258303743 0.010793382990096
0 1 0.000170213660715264 0.0100351630059386 0.000171829396115911 0.0099044823057238
1 1 0.000136823009929557 0.00588890321184595 8.25116068279846e-05 0.00455112958214252
1 1 0.000105450692802144 0.012731913453516 5.82061891268205e-05 0.0104768630809528
1 0 2.67544630587281e-05 0.00272655060284323 2.14820140271546e-05 0.00351192972601054
1 1 0.000173515450140975 0.0152293741048499 0.000129397363882695 0.0130415461624356
0 1 1.43560251612147e-05 0.00102092144041446 2.37437298890139e-05 0.00101639144257384
1 0 0.000279102209850654 0.0103189972219542 0.000182545437263035 0.0114215273502126
1 1 0.000434589674298442 0.00605609912934718 0.000280778018025882 0.0054479442635614
0 1 1.31516956891482e-05 0.00581564759215519 2.31227327783679e-05 0.00526779528364503
0 1 0.000396579186106137 0.0145469195986913 0.000448641722861479 0.0128333915777158
1 1 0.000213430666592863 0.0163128427268847 0.000137629262610591 0.00690478519305654
1 1 8.65204791192626e-05 0.00764025698267522 6.82758731331099e-05 0.0058547674663176
1 0 4.44419695872456e-05 0.00414220911785657 4.0063421451955e-05 0.00452782831562181
1 1 0.000107662785961837 0.00702756085309774 8.74619040481084e-05 0.00617640879729454
1 1 2.41943954935818e-05 0.00357863831379668 1.69385841734646e-05 0.00334203727237571
1 1 0.000199666352533088 0.0122174966558827 0.00015437677378468 0.0118344529139695
0 1 0.000109332595711417 0.0111723729049771 0.000167074294510713 0.00904789129593881
1 1 0.000108606136847242 0.00740953732984929 9.97024708560623e-05 0.00547240783572392
1 1 0.000131729369685529 0.00564982597202761 9.21363418924242e-05 0.00551118325449641
0 1 0.000117253527146551 0.0119285906575915 0.000128863301954257 0.010244508415696
1 0 7.09055365981134e-06 0.00151784188735296 3.15834472808119e-06 0.0020584719922121
1 0 1.53848053879537e-05 0.00152457527535777 1.33251535029504e-05 0.00172265001426385
0 1 3.78858018828566e-05 0.0116286167146896 5.40006803423599e-05 0.00962157125726977
1 0 0.000420186888664518 0.00844335240242406 0.000410022247327966 0.0112571056373878
1 1 7.39852648270109e-05 0.0133456143695872 5.8000628110121e-05 0.0100022223316564
1 0 1.70642252608859e-05 0.00129923773519969 7.80303192163915e-06 0.00141235540714031
1 0 0.000112361879919317 0.00543926330789229 7.72539658318387e-05 0.00556308454617079
0 0 5.46893858276851e-06 0.00184344094812836 2.77567969614428e-05 0.00194273861445653
1 0 0.000191174888652325 0.00715217002896621 0.000188418697470127 0.0072933104804611
1 0 0.000127176670037355 0.00957017512746629 9.97538640651484e-05 0.00964882339089012
1 0 0.000159953545697362 0.0113013884843626 0.00015424761338909 0.0128222843059235
1 0 2.62167043943978e-05 0.00120609456922397 2.02815446321309e-05 0.00122555803897447
0 0 2.08021300916832e-05 0.00653782889821782 4.6484363641914e-05 0.00704056816485757
1 1 6.97005080278318e-05 0.018236642765627 5.7514309828867e-05 0.0118092336872041
0 1 8.976473474914e-06 0.00708949717759952 1.49184815046718e-05 0.00368062324361462
1 1 0.000671330438256433 0.0228636959271339 0.000353931389620411 0.0199670085044198
1 1 0.000141325493024241 0.0182751049261835 0.000120418049572404 0.0152667697595334
1 1 0.000153586252741389 0.0161541284729013 9.49580605380251e-05 0.0146867271575805
1 0 2.5396468422669e-05 0.00365238329706823 4.99353073257796e-06 0.00419592238288577
1 0 0.000400905708298005 0.0235465406305451 0.000301641806608161 0.0242755572363668
1 1 1.45009339676306e-05 0.00667446183339416 5.3697246950936e-06 0.00633950367443894
0 1 0.000818592820740765 0.0267931416958553 0.000857521810799218 0.0257670622543884
1 0 0.000383833832208491 0.00621438180981275 0.000320534701876799 0.00658455755706827
0 1 0.000245756224039849 0.023225016969993 0.000298356746441125 0.0228708424250358
0 0 0.000195646197096501 0.00677289757183243 0.000206240665767537 0.00709989667970367
1 1 3.41917289760152e-05 0.00299362599805055 1.08647880156763e-05 0.00216880938804878
1 0 3.18718254550769e-05 0.000727403072932007 8.86076526920593e-06 0.000752010254615781
1 1 5.36304550815885e-05 0.00327016002414269 1.96592121067596e-05 0.00252239450998368
1 1 0.000175704234895295 0.0210544023504903 0.000169708343769675 0.0205747947390218
0 1 9.98450533987959e-05 0.0211397132007173 0.000106322412148484 0.0197437326508484
0 1 9.35768266029359e-05 0.0218583306774934 0.000119548126583918 0.0185057318279705
0 1 7.55950667887554e-05 0.015125170737828 8.45005667529977e-05 0.012948616312732
1 0 0.000131490564627881 0.00930337577890102 9.50633632442862e-05 0.00972903520023705
1 1 0.000183199166710544 0.00833775013064734 0.000173050054190354 0.00753869299303305
1 1 0.00010731421295454 0.00394671537358174 7.53662559225371e-05 0.00355269536284413
0 1 1.06579829324248e-05 0.00755312730885658 1.69444635455114e-05 0.00705687259862787
1 1 1.91683508649813e-05 0.00182596245084032 5.04687038668714e-06 0.00156365263680216
1 0 1.65810844698475e-05 0.00344927153888855 1.3120425889126e-05 0.00355072343512228
1 1 2.87439623792137e-05 0.00409317605895075 2.69065683926229e-05 0.00362164826011554
0 1 0.000117337689551802 0.00402731152819855 0.000203624640413444 0.00341913736935097
0 0 0.00031764254151327 0.00956043585982915 0.000370771554816203 0.0107580021244913
1 1 0.000151768115192286 0.01554145656887 0.000121826386068441 0.0154223150407965
1 1 8.29876229180207e-06 0.00304624221011229 6.23508520427716e-06 0.00261261483174244
1 1 4.4560366211476e-05 0.00349093427607452 2.53203558446214e-05 0.00316613270174474
1 1 7.93611095498051e-05 0.00601251781172717 4.7729562756077e-05 0.00503146125160544
1 1 0.000282557867607506 0.0211674030925122 0.000238062861065397 0.0176324575312103
1 0 2.66863058891979e-05 0.00385267003695979 1.0803465098806e-05 0.005277836348125
1 1 0.000271053834745504 0.0108388930124279 0.000264976146564329 0.00914999248909546
1 1 5.59275058684093e-06 0.000970721237664439 2.90453936297332e-06 0.000948931744168503
1 0 5.80111872071552e-05 0.00547086285156055 3.05419496357334e-05 0.0068130622914134
0 0 2.9146260180219e-05 0.00196837035488002 3.78168374939275e-05 0.00219484646416032
1 1 9.96764000783049e-05 0.00731235791816845 7.86926581175276e-05 0.00491832972087234
0 1 1.77629244652167e-05 0.00619950821800561 3.09668615372913e-05 0.00345520862493324
1 0 0.000932982418234031 0.0194680943682524 0.000585140861868152 0.0194822938120842
1 1 3.0343755595806e-06 0.00115487878944659 8.37431577218316e-07 0.00101590493142015
1 1 0.000116266768022578 0.0131410111269578 0.000101879937513099 0.0111540141835052
0 1 9.8351752995314e-05 0.00739894142705834 0.000100530062825308 0.00572217816625819
1 1 0.000217502848114688 0.0195063052606384 0.000182348032292128 0.015425615490155
1 0 1.61844918281087e-05 0.00121056560079561 1.09239468060837e-05 0.00121057239393523
1 1 0.000184117452656649 0.0120487429730144 0.000103957770972253 0.0104326346149675
