linear.pvalue quadratic.pvalue linear.boost.stat quadratic.boost.stat linear.true.stat quadratic.true.stat
0 0 5.95923044746192e-07 0.00133269496176463 3.70665364100916e-06 0.00134934098451933
1 0 2.07749579628869e-05 0.00294591150655078 1.61583245079263e-05 0.00318513598636699
1 1 2.23316696404339e-05 0.00297908798290371 2.15751290037491e-05 0.00293402643225468
0 0 3.32239986295985e-05 0.00824212689167859 3.47877470231962e-05 0.00865142319446107
0 0 4.15730509950694e-05 0.00574547153707975 4.55192151186227e-05 0.00619901822854773
0 1 6.61434171975152e-05 0.0164013076030418 6.63009455742073e-05 0.0156830714812414
0 1 1.28166373562917e-05 0.00451485194598342 1.62308001492585e-05 0.00423691407462201
1 1 1.53223327539576e-05 0.00467015011624706 4.88665224161718e-06 0.0043801046768592
1 0 5.33568363238271e-05 0.00963815874877908 3.74173195137438e-05 0.00982679177317033
1 1 1.4651925381011e-05 0.00518113922006451 1.05799904010317e-05 0.00514244803446764
1 1 4.88680116281148e-05 0.0071776416764402 3.70752586822386e-05 0.0066765140073616
0 1 6.27321264606567e-05 0.00521266308076487 7.57419221356735e-05 0.0043235280757135
0 1 2.45181631968765e-05 0.0067085361741976 3.56827488623773e-05 0.00643746871367648
0 1 1.79896652712916e-05 0.002145244432073 2.69682976287568e-05 0.00212232710980696
1 1 6.32897628147563e-06 0.00553785471409189 3.40271105531323e-06 0.00518646082127422
0 0 4.16574759107137e-06 0.00107379982747923 5.2120656857149e-06 0.0012261003536813
1 0 1.56630987685464e-05 0.00247004416372687 1.20886079384574e-05 0.00273506037850278
1 0 0.000189126975401492 0.0151262678866639 0.000146804699419 0.0167506666830623
0 1 2.66758629769041e-05 0.00350424682746746 2.80122055703984e-05 0.00328473823891093
0 0 3.34037279477978e-05 0.00269259425703799 4.08051823805939e-05 0.00283818242724355
0 0 6.62936659570355e-05 0.007116835412584 7.07259129095504e-05 0.00831200717139421
1 1 3.45764071856737e-05 0.00205857532856623 2.75489431788339e-05 0.00198076649577496
0 0 1.60364560388093e-05 0.00530225802656156 2.05874323505312e-05 0.00566153559350124
1 1 3.72822852619239e-05 0.00295802385526487 1.91158339609097e-05 0.00216116268619479
0 0 5.19621318452883e-05 0.00937543812446228 5.54777045545627e-05 0.00942945468312108
1 0 8.52490571375143e-05 0.00781425201942974 6.73251113515178e-05 0.00860591388716861
1 0 9.69025384793344e-05 0.0116179964011795 9.19865650039223e-05 0.0120633924530084
1 1 4.74744012718973e-05 0.0128730731767493 3.00756834980876e-05 0.0117073995813082
0 0 1.0695039219317e-06 0.00121464707354319 1.91656876744253e-06 0.00136241748885563
0 1 6.29653960941678e-05 0.011672662662673 0.000104059543571998 0.00953675557236873
1 0 8.98087965009883e-06 0.00134550419951206 8.06527118169726e-06 0.00142865158940301
1 0 4.84148640613505e-05 0.0127355957607419 4.63134759386911e-05 0.0135880208911378
1 1 0.000165998414453407 0.00907006568246102 0.000151172039231441 0.00844647354763456
1 1 5.21847148230256e-05 0.0114882703966295 4.5428188361555e-05 0.0109652301429057
1 1 0.000118000275622027 0.00843894709353634 9.58638057950186e-05 0.00830559616338323
0 1 2.10125081607505e-05 0.00290211427333642 2.21504442621342e-05 0.00246264760320831
1 1 5.15502228624362e-05 0.00573533134072555 4.06039440883769e-05 0.00553966709008251
0 1 4.09485497602585e-05 0.00582008874042013 5.48182588691242e-05 0.00534580463977437
1 0 1.87872386494215e-05 0.00186587909561966 1.23849689614179e-05 0.00228987619499975
0 0 9.16498305877827e-05 0.0137575694214727 9.71109614232702e-05 0.0145460346013897
1 1 6.95687652079869e-06 0.00630809858388912 5.86768559280213e-06 0.00615795285608067
1 1 2.77711816006607e-06 0.00154139310515485 2.70251360573687e-06 0.00144783464199738
1 1 3.255773314733e-05 0.00401133381424024 2.47263466967494e-05 0.00352032370669046
0 1 2.06953721963963e-05 0.0157864956392142 2.17336610325802e-05 0.0140060377023869
1 1 3.42603838100769e-05 0.00637430775314002 3.29295824317635e-05 0.00599022818772982
1 1 4.32341103744296e-05 0.0147385044705279 2.92199094336208e-05 0.0145480058882656
0 0 4.87802227640663e-05 0.00727837234583055 5.82749691528717e-05 0.00748507705821495
0 1 5.92031252804173e-06 0.00401522552192541 6.86533118585508e-06 0.00308291051701416
1 0 3.39880014794432e-05 0.00570096622375501 2.90755991595551e-05 0.0059094378925048
0 1 2.23495671748354e-05 0.00233327428908074 3.70009565335092e-05 0.00217169721385499
1 1 6.24591226545392e-05 0.0028785242720572 5.35029828930608e-05 0.00232869593784059
1 1 0.000106555948903062 0.0120234133153106 0.000105558094169425 0.0102173342926561
0 1 6.70235426876974e-06 0.00425012360377165 7.8156396182019e-06 0.00374593548382167
1 0 6.11781413729165e-05 0.00382171420920157 4.43892673564772e-05 0.00638315504961192
0 0 0.000126727682103373 0.00915163154207556 0.000132734660536688 0.00965809223870708
0 1 9.80272111874338e-06 0.00474164021614637 1.46751647665648e-05 0.00444453264381884
1 1 4.72088483006567e-05 0.00925449794249589 4.55505278395856e-05 0.00920778058077333
1 1 2.42307987552323e-05 0.00349125298912325 2.26140799915764e-05 0.00330822863219988
1 1 7.32518811503223e-05 0.00976237345379819 5.85558551839192e-05 0.00898600091894501
0 0 2.73734998165138e-06 0.000989323642753445 3.86783698104791e-06 0.00108549098973513
1 1 6.56013218992272e-05 0.00968898711103318 5.54014067036411e-05 0.00860212499692028
0 1 1.33279557719152e-05 0.00499816270739359 1.33951530670098e-05 0.00477431917457475
1 0 9.97349240273464e-06 0.00202396751323051 7.73363781713429e-06 0.00273298886330689
1 0 0.00012285100126419 0.00743743129724162 0.000117628259893626 0.00853699473523963
0 1 3.04163962315791e-05 0.0102941496551752 3.4203706880285e-05 0.0102897551820257
0 1 1.56393587646631e-06 0.00312806240851573 3.50803425388388e-06 0.00293915640430558
0 1 5.29754540839576e-06 0.00816812375667346 6.18332508524548e-06 0.00801710463240606
1 1 1.4669704732137e-05 0.0102007087263411 9.95640676206404e-06 0.010061165910817
0 1 4.31365064713409e-05 0.0089754279875692 4.68176267510551e-05 0.00809917588230965
1 0 4.79813500574289e-05 0.00195180134406042 1.94815525959309e-05 0.00198953542217219
1 1 4.9136298840226e-05 0.0113820326008894 3.87536984819298e-05 0.0105165893067379
0 0 9.26642916061787e-06 0.00292913480769491 1.00499624461895e-05 0.00301479143410001
1 0 4.97836203252631e-05 0.00456903513020734 4.56222263090718e-05 0.00462869980978133
0 0 1.38607754475822e-05 0.00521014042672092 1.39028168299907e-05 0.00521192202565332
0 0 0.000121985111964552 0.0147962703265591 0.000126577759823957 0.0149576808976425
0 1 1.8881128942831e-05 0.00642564662927782 2.50536138462707e-05 0.00597670633295248
0 0 2.96853930154963e-05 0.00251348716455861 3.99756621171448e-05 0.0027970213837692
1 0 4.33367573319809e-06 0.00157416841451751 2.88540475215137e-06 0.00157911724162011
1 0 2.83801849492332e-05 0.0143473600566383 2.68430030596414e-05 0.0149439941179349
1 1 0.000211450599550968 0.0196732450662151 0.000192847975763363 0.0179901966695223
1 1 5.18641986955221e-06 0.00160839078225433 3.09277054516987e-06 0.00103777954267688
0 1 1.08014197023761e-05 0.00304410719571039 1.49430601367538e-05 0.00301800753589145
0 1 7.82993314041496e-06 0.00368573393597675 9.66316710633818e-06 0.00367383534568043
0 1 3.65180791600635e-05 0.0132295243257849 4.07877705565926e-05 0.0127646726790765
1 0 3.33655476893725e-05 0.0148601780413038 2.12069970136644e-05 0.0150094563649551
0 1 4.32535016565962e-05 0.00376388979456535 4.8465818592855e-05 0.00293561472229453
1 1 1.93356891064838e-05 0.00306162435008594 1.72673916965331e-05 0.0027918910683605
0 0 2.8399275655309e-05 0.00766347255695313 3.09251582913951e-05 0.00849917456692601
0 0 5.61503197043999e-06 0.00178888661638816 7.57238437316551e-06 0.00198115530338899
1 1 3.00063072512074e-05 0.00592269639524218 2.92294795895803e-05 0.0056018563156901
0 1 1.2834839647249e-06 0.00090177516157644 6.08491967793843e-06 0.000855296043928888
1 0 3.91694704770226e-06 0.00181194645776475 1.01465965200057e-06 0.00239550346474317
0 1 1.5710496543851e-05 0.00176019705399122 1.9340780942601e-05 0.00167310561949922
1 0 2.57640047117004e-05 0.00344521175266011 1.63427742837243e-05 0.00348687508721269
0 1 2.22721637740649e-06 0.00340576090155569 2.97189954405639e-06 0.00288878900622148
1 0 9.06489812862763e-06 0.00311001290703081 8.2612943968612e-06 0.00355134863739108
1 0 2.34519336977544e-05 0.0179493653813553 2.17984967769488e-05 0.01857480441102
0 0 2.35891937734195e-05 0.00582402120748569 2.87257307099904e-05 0.00588686648758293
0 1 0.000108291789431737 0.0121691171446137 0.000110116165474269 0.0119159536657203
1 1 1.67661848145772e-05 0.00718074966361054 1.10556956015049e-05 0.00619411950427004
1 1 0.000153303950422213 0.0156625331935956 0.000152612367646133 0.0147916152830702
1 1 1.88158114237429e-05 0.00687571521864292 1.38288331837804e-05 0.00685288615154383
0 1 2.59148988249165e-05 0.0138666751510647 3.87092665543241e-05 0.0131079150950191
1 1 4.24853701440525e-05 0.00191692058637094 2.46000909234468e-05 0.00160687704702936
1 0 4.53842622502161e-06 0.00216017141925563 3.79108931769505e-06 0.00218775108100017
1 0 6.45125170377207e-05 0.00527380340125227 6.14927851387011e-05 0.00610730886117998
1 0 4.23154742952092e-05 0.00854270092128821 3.9913904755051e-05 0.00882912308457834
1 0 4.25702220343639e-05 0.00449423768020432 3.22872154628994e-05 0.00565486185059756
1 0 2.21393482428549e-05 0.00778800397484898 2.12574939183674e-05 0.00832003420718724
0 0 2.90986857541144e-05 0.00361773191179678 3.04073074364934e-05 0.00365355599298119
0 1 1.95680259411782e-06 0.00330265019086512 5.39942843236262e-06 0.00275015579212384
0 0 1.81237037308016e-06 0.00389286887806677 2.28325910782145e-06 0.00405004890523717
1 1 9.53718681804464e-06 0.00423203646232043 7.89369222363511e-06 0.00399203911408448
0 1 4.53577183496409e-05 0.00920579308344744 5.71422266356996e-05 0.0083698436315084
1 1 2.03113209025619e-05 0.00700186076889922 1.9314407629494e-05 0.0065473024684062
0 1 5.08626321009797e-05 0.0159532507500599 7.93337609927782e-05 0.0141869991627393
1 1 3.8081738426485e-05 0.00949783118795893 3.58983478845722e-05 0.00948665958602989
1 0 3.79102771997044e-05 0.00175078413792339 3.11866366026759e-05 0.00207620574535508
1 0 4.61592149589031e-06 0.00319283834640247 3.98803085550454e-06 0.00363895235560042
1 0 3.95563511631428e-05 0.00698726002228083 3.86494970569099e-05 0.00740865463153152
0 1 3.56054828460088e-05 0.0043197122207908 4.37576407124717e-05 0.00378272609569762
1 0 0.000102040624363613 0.00769736508056371 9.3551769091548e-05 0.00856006660653584
1 1 1.84867668643957e-05 0.0100179643352268 1.41692242935458e-05 0.00949059885268859
0 1 4.89969340495626e-05 0.0123099647748958 5.08947528849897e-05 0.0110256379374256
1 1 6.67339487419993e-06 0.00279472731913107 4.83888910985821e-06 0.00271364285265483
0 0 4.36724636433714e-05 0.00920854504080046 4.73546667036881e-05 0.00957996722579194
0 1 3.0325226921882e-05 0.00306817322828254 4.77421840172132e-05 0.00212245117421517
0 1 8.64342074674068e-05 0.0104714105035998 0.000101594843095309 0.0103085516210089
1 1 7.49796223776619e-05 0.00454383285988541 7.40381285215405e-05 0.00436871103549386
0 0 0.00013550381181012 0.0115365900237647 0.00013556953709466 0.0126217538090749
1 1 2.47141467185022e-05 0.00726974643605079 2.37058130249698e-05 0.00706701754954655
0 0 1.89334658832282e-05 0.00215370733554405 2.2523398836189e-05 0.00260368179806801
1 1 0.000212556921013413 0.0130466101375344 0.000210697410924042 0.0121086341836146
1 1 3.04576415800338e-05 0.0134015953740284 2.41923364690933e-05 0.0107087754514118
0 0 1.05716848292714e-05 0.00676021582197779 1.87138709840583e-05 0.00815358327225479
1 1 1.51690723299862e-05 0.00237407406289309 1.08859626396051e-05 0.00226705858985639
1 1 1.3999657261646e-05 0.00211499629949808 1.28484986142318e-05 0.00175608705762173
1 0 3.93960598132821e-05 0.00330003547385534 1.59184366846109e-05 0.00347226612539336
1 0 5.42502341929991e-05 0.00948008115849379 5.17580407200571e-05 0.00994367736392037
0 1 2.81533702268212e-05 0.00596942669992924 3.62356724748568e-05 0.00392140684229028
0 1 6.35263646109939e-05 0.00732617602771152 7.3132956476595e-05 0.00638776288864178
1 0 2.85381019835939e-05 0.00744022119021723 2.12342154570415e-05 0.00758362284732043
1 1 7.80605428385466e-05 0.00875370849070788 3.49868199930165e-05 0.00699742468485997
1 0 8.85029025201664e-05 0.0100051631007386 8.29182138371734e-05 0.010050729741016
1 1 1.78617813431002e-05 0.00275220393364562 1.25036652197461e-05 0.00254527894493982
1 0 1.82904760127713e-05 0.0138242940063508 1.54528592563349e-05 0.0143079039145206
1 1 2.92121921960744e-06 0.00205321221234581 2.18636600894461e-06 0.00142395448190505
1 0 5.9634752458197e-05 0.00629102491859693 4.10267891743936e-05 0.00631771874532315
0 1 2.33575828988055e-05 0.00826335758785555 3.61952086328829e-05 0.00821600732202393
0 0 1.97656530950893e-05 0.00558149340135517 2.05392788504863e-05 0.00585454827656813
0 1 1.49162492945253e-05 0.00428277206204567 1.57936493335702e-05 0.00375333827247154
1 0 1.10398452564024e-05 0.00128492974799156 9.3432337274528e-06 0.00145436891397975
1 1 8.96647982588143e-06 0.00271234362102266 4.69274916192892e-06 0.00220372957112192
0 0 0.000122614726245051 0.00758783275117453 0.000158993778022723 0.00833125167187373
1 1 6.30498518419612e-05 0.00621055424339564 6.30326401588513e-05 0.00595377358551408
0 1 3.9601488788337e-06 0.00212929683628416 4.49598004628113e-06 0.0021021852604281
1 1 4.69564763851305e-06 0.00106855112994332 4.67039090757159e-06 0.000909999327160035
1 1 1.56539357824806e-05 0.00806461710835643 1.28931800037375e-05 0.00803753660987398
0 1 2.17453256835499e-05 0.00773090658596602 2.56686444019333e-05 0.00765627216829775
1 1 5.22040314823844e-05 0.00304171093750946 5.04806547254633e-05 0.00250302878285454
1 1 1.24200154714462e-05 0.00519014147118747 8.61497526775176e-06 0.00342144598527591
1 1 7.9004728061589e-06 0.00796370876867269 6.15036779813983e-06 0.00764420269009812
0 1 1.45483749645037e-05 0.00840213134369563 1.57493951724239e-05 0.007546923680644
0 1 1.3195438218952e-05 0.00678031199295838 1.40358808958014e-05 0.0063812691404875
1 0 5.09511717606274e-06 0.00111070973062196 4.50201692648043e-06 0.00117201047752422
1 0 9.58809230677066e-06 0.00141809869757447 4.14907304487576e-06 0.00161996238429508
1 1 3.99503912362831e-05 0.00940037952749025 3.11205429640843e-05 0.00864456136819779
1 1 0.000106191881203809 0.0136337604367357 0.000105610236119005 0.0130980664483093
0 1 1.89056153409753e-05 0.00337236308687579 1.94320374323046e-05 0.00333169085527693
1 1 8.22700858672608e-05 0.0178863334286119 4.00271871409726e-05 0.0169214143463015
1 1 4.64492077202776e-05 0.0096885399045724 3.8215296748598e-05 0.00944817305997524
1 1 4.90291673983347e-05 0.0114108982337267 3.08023543152877e-05 0.0113751412213677
1 0 4.98529698758408e-05 0.00732649894357997 3.73974343466668e-05 0.00754517309413702
1 1 4.54432361062647e-06 0.00166319670777262 3.75948021587983e-06 0.00155628177650612
1 1 3.90281316320433e-05 0.00825714231120195 3.1451806563909e-05 0.00820313898691577
1 0 5.73888251476854e-05 0.00945503787785279 5.58629750815495e-05 0.0097279167634812
1 1 8.17658502281072e-06 0.00130113049922983 7.00515237580591e-06 0.00121421732377942
1 0 2.49762031131428e-05 0.0131004381435912 2.28425067843147e-05 0.0131381865105235
1 0 0.000129487554934002 0.0174726779731432 0.000114179963606276 0.0175417139588546
1 0 9.0635962080494e-06 0.00467020198747953 4.33218098032042e-06 0.00502678302652038
1 0 2.64229930655521e-05 0.00835896306808621 2.40731786325378e-05 0.00838285037392913
1 0 1.98923324731221e-05 0.00248182985407911 1.50117742959044e-05 0.00295160383258478
1 0 4.08455098274046e-06 0.00144650403215969 3.14215969250649e-06 0.00155980625967081
0 1 1.84182721910271e-05 0.00696499015135276 2.08684165464306e-05 0.0065853441183735
0 1 2.48803305212866e-05 0.00224047382872433 2.53414490507734e-05 0.00180455645934758
1 0 6.21141337472246e-05 0.0109358969543024 5.51262346366615e-05 0.0109900281331458
0 0 1.51898717552458e-05 0.00255238489280316 1.70663946815618e-05 0.00298566769687153
1 1 1.11870883180518e-05 0.00334473018641102 6.36555394316865e-06 0.00329578312670082
0 1 2.17975249354479e-05 0.00486602538445321 2.2088365627114e-05 0.00460463281952702
1 1 5.50051324978276e-05 0.00755516296527417 4.57557537602049e-05 0.00746471202358293
1 1 1.7654012361453e-06 0.00707466529619357 1.62378442634703e-06 0.00561630772419482
1 0 1.54089398772475e-05 0.00649733653049623 1.44733431208411e-05 0.00689420288977033
0 0 1.99775003179182e-05 0.0108912093287304 2.41904488101151e-05 0.0126692947907342
1 1 2.33016264094656e-05 0.00196306241921825 2.32446500788372e-05 0.00187265217541315
0 1 3.53004455076633e-05 0.00789439046787965 3.92254455513936e-05 0.00707507802640892
1 0 6.76239912715659e-06 0.00160254975493393 6.07396317705035e-06 0.00182222468699975
1 0 8.1861736273785e-05 0.00877606651781836 8.10359543694684e-05 0.00946123511589892
1 0 4.07889202074123e-05 0.00997978078788656 2.79062199316917e-05 0.0107214316156125
1 0 2.02397108207882e-05 0.00561109913275849 1.59973671303741e-05 0.0060815116199911
0 0 0.000106481404260385 0.00776726747945716 0.000114465210832769 0.00902446106451846
1 0 1.76554843560614e-05 0.0011435099825712 1.0182958810948e-05 0.00119905802889089
1 0 5.02233999546971e-05 0.00744269805598073 4.66432199565137e-05 0.0075788309144925
0 1 5.23088095302332e-06 0.00480951029190116 1.03838209739035e-05 0.00454540525637162
1 0 0.000161234718131879 0.012308726947706 0.000132010512326788 0.0127767025925353
1 1 6.01262151256639e-05 0.00571776598470357 5.63881227497436e-05 0.00516426983880335
1 0 0.000108806859361384 0.00492499722845333 9.29866289152753e-05 0.00502153349748178
1 1 2.00805113515697e-05 0.00414015274472679 1.99088947434035e-05 0.00379572194985815
1 1 1.62928969926053e-05 0.0049149267482957 1.56312844819087e-05 0.00444802535606127
0 0 4.55419729203415e-06 0.00140358360774897 7.53045692807831e-06 0.00141668396186526
0 1 4.39543501215508e-05 0.00918497385487482 4.96257097729655e-05 0.00882559274128642
1 1 1.83247635135771e-05 0.0023754041580643 1.58954398082757e-05 0.00231424115042384
1 1 0.000108692851575833 0.0102212456862092 0.000106965230229038 0.00957143903044924
1 1 0.000123350226212656 0.00814809702754745 0.000103504976288013 0.00696689173263292
0 0 0.000131708189320979 0.0120323109236983 0.000141674533173111 0.0126617589952257
0 0 3.36577342508696e-05 0.00724011386074407 3.73654250851841e-05 0.00785756908396589
1 1 1.95618243454574e-05 0.00233531838913241 1.67601480893594e-05 0.00224971422509984
1 0 2.25763660943941e-06 0.000939296807093806 2.19218358234481e-06 0.00107567398414168
1 1 3.08681861413459e-05 0.00360960047502679 2.98337141347712e-05 0.00346451224804961
1 0 7.68184683783563e-06 0.00406302008457952 6.64484957870267e-06 0.00440436419090027
1 1 2.26010317928381e-05 0.00742845810086512 1.77973504187215e-05 0.00602423266987102
1 0 2.86443092007121e-05 0.0069376742969975 2.22034488587005e-05 0.0072483468585991
1 1 2.28325832920569e-05 0.00787620200709477 1.76155022277221e-05 0.00717715944019921
1 1 1.08249407599843e-05 0.00505252561372957 7.53621481659448e-06 0.00490779795744913
0 1 1.99847745967004e-06 0.00197975631869181 2.47015868141185e-06 0.00168720208122442
1 1 6.29226971982571e-06 0.00123554962331623 6.05532506023806e-06 0.00114068427788347
0 1 4.97438619759547e-05 0.0127408335542103 5.88510590915153e-05 0.0116791146840735
1 1 6.91632814440613e-05 0.00524348700053929 5.40245299054538e-05 0.00516774860104313
1 1 9.66594538097486e-05 0.00260446466830866 7.79811265987174e-05 0.00244327152351431
1 0 0.000165635267009063 0.0129579920270996 0.000162857575985902 0.0130769656374151
1 1 4.65158233909592e-05 0.00941828720322398 4.50400485932445e-05 0.00802029384167129
0 1 3.68599105714776e-05 0.00632425452474203 4.15633169062094e-05 0.00591087423554078
1 1 1.1349793041576e-05 0.0030797118023622 8.53584298881502e-06 0.00266430702148794
0 0 1.90528455955881e-05 0.00888528836752514 2.15102006373594e-05 0.00942208671740199
0 1 2.2406715665607e-05 0.0125945205286331 2.4813490688302e-05 0.00952678315860173
0 1 1.85593462895647e-05 0.00303975504632503 1.88730921037025e-05 0.00265902320631855
1 0 9.56671872949098e-05 0.0052827837110311 9.2208869233925e-05 0.00562418027831348
1 1 6.06584951242796e-05 0.0103028262069294 5.60653056390902e-05 0.00950060459861978
0 1 1.61556324277301e-06 0.00104309875724139 4.28110636659652e-06 0.00102494159417815
0 0 7.78732659471311e-06 0.0025461383974191 9.24791641666733e-06 0.00289984214093233
0 1 5.85300506662806e-05 0.0226435962180054 6.27758204610037e-05 0.0211778459353922
1 0 4.70310244032529e-06 0.0282537424734484 4.22276676783405e-06 0.0291618703060474
1 1 0.000290619403789743 0.0142832282927664 0.000269951249669712 0.0137352610583272
1 1 0.000222171342552369 0.0140474644253108 0.000212244741620357 0.013433554000642
1 1 1.88356606000495e-05 0.0042493844346702 1.69569085255398e-05 0.00386551410844655
1 0 1.98960552357301e-05 0.00118398677319061 9.01274803096376e-06 0.00129842068333366
0 1 6.110392916494e-06 0.0023615286569401 8.81259559572638e-06 0.00196426038134844
1 1 6.83020274816516e-05 0.00397908579937672 5.31449406163008e-05 0.00377803538402676
1 1 2.36637105307729e-06 0.00131157408527735 2.11519115522503e-06 0.00124226785676665
1 0 9.71362958193479e-06 0.00530409001427424 7.39315867299088e-06 0.00536239827086779
0 1 2.96613485208051e-05 0.00282853480490862 3.12668689746221e-05 0.002771823387212
1 0 6.07931971958614e-05 0.00580386140377966 5.18752843225404e-05 0.0062759830875951
0 1 5.48683092022042e-06 0.00121311832698405 6.02351487737855e-06 0.00120207792944866
0 1 9.18687109133866e-06 0.00867084366996723 1.23135207548075e-05 0.00840145865509812
0 1 5.89013164468948e-05 0.0151185002729854 6.21313637773574e-05 0.014301879624587
0 1 2.34661242736194e-06 0.00464754368708262 4.19439775890095e-06 0.00457170234226631
1 1 1.53005447916462e-05 0.00333256576865339 4.51011029070392e-06 0.00312741660479925
0 0 1.7977102148067e-05 0.00701380614815115 3.32502806875375e-05 0.00702663228427063
1 0 6.77045517827579e-06 0.00348481924710019 4.32107357476733e-06 0.00351532184124185
1 0 4.36451896563024e-05 0.0136663607719765 3.46905411079845e-05 0.0141557681934634
0 1 0.000109301775860002 0.00547367658414038 0.00011000907090655 0.00543384543669391
0 1 1.28347203337747e-06 0.00160236673306381 1.51920355916748e-06 0.00152152769237595
0 0 2.36024539392314e-05 0.0095410338901077 3.81294562799825e-05 0.0119274684187092
1 1 0.000238734528743812 0.0123771223246231 0.000235361793407706 0.0115740574531735
0 0 7.30850293698202e-06 0.0025823061105017 1.07847492783494e-05 0.00276202669686075
1 1 0.000311922434588814 0.0139694623198904 0.000276272897364582 0.0139623600097111
1 1 3.08486972366093e-05 0.00971835835117029 2.3321695510284e-05 0.00896019565458851
1 0 3.22289600395901e-05 0.00433273068064604 2.51872815105763e-05 0.00453820580890061
1 0 2.60409980986333e-05 0.00884042229408862 1.45020145161014e-05 0.00892149647191891
0 0 6.38954102379816e-06 0.0018319456213177 8.81951401992321e-06 0.00213479768643849
1 1 6.67752014656663e-05 0.00920643000635077 6.52164707242807e-05 0.00810562019167991
1 0 4.85342810016101e-07 0.00349008228239672 3.80922683395783e-07 0.00359152331483323
0 1 5.25590233725537e-05 0.0136809382484637 5.56891775949086e-05 0.0131567565758977
1 0 8.9902953059152e-06 0.00151968843087644 1.18159286774563e-06 0.00158842004369071
0 0 4.94430777629421e-05 0.00580391517534214 5.08075852121583e-05 0.00589348527197762
1 1 2.05133552696272e-05 0.00141382650834517 8.78572521315183e-06 0.00133227309688863
0 1 5.44715819092583e-05 0.0192431142001018 6.10212879645527e-05 0.0180224102715571
1 0 1.49723534895201e-05 0.0029171739063431 1.06407299314619e-05 0.00293630781691541
0 0 6.95765033395944e-06 0.00532404516855928 7.97539200859103e-06 0.00582104060252903
0 1 0.000263398309281609 0.00960551486839416 0.000264822267068051 0.00882688362699337
0 1 2.20046848605191e-05 0.0143372250371844 3.09393717757358e-05 0.0139882489632434
1 0 6.46354350951112e-05 0.00775731244652662 6.37842463477479e-05 0.00790385363048264
1 0 0.00013172061977117 0.00537033271988307 0.000121324802433904 0.00591485222364354
1 0 0.000199228243807074 0.0171744954516693 0.000197377631412417 0.0180528132670781
0 1 2.91837533474695e-05 0.00275908342189041 5.58501751347066e-05 0.00263007875143347
0 1 1.66802139492089e-05 0.0021049726242175 1.94855716117113e-05 0.00202721231925637
1 1 6.27184612052001e-05 0.00243305686124866 4.85092463173385e-05 0.00239553425193461
0 1 1.44227788144941e-05 0.00496248571095989 1.47857288040327e-05 0.00487466397532132
0 0 0.000100621662447192 0.00293836963025477 0.00011005036043838 0.0035715990576671
0 0 0.000205584485301076 0.0170790829484379 0.000209957790116023 0.0179579557333301
1 1 1.35478701303445e-06 0.00412695461889891 4.03104144755653e-07 0.00407537601219607
1 0 0.000266904831650567 0.0108615194289169 0.000254152395456058 0.0125005007160241
0 0 2.89022752847701e-05 0.00705593665933598 4.79326304137708e-05 0.00708430516095715
1 0 2.64364890252372e-05 0.0131419926510466 2.3491883229902e-05 0.0138180143037844
0 1 2.71739900372695e-05 0.00765665258371155 3.68866697891894e-05 0.00665215973290234
1 0 1.13975517190879e-05 0.00203148536760016 6.35564894647301e-06 0.00219974666305795
0 1 3.48425365923808e-05 0.0143002249427971 3.75579710756126e-05 0.011989640000302
1 1 2.6443907359423e-05 0.00552045776236929 1.83963427446887e-05 0.00530998838261579
1 1 9.94885118564137e-05 0.00962388998478766 9.51056809458088e-05 0.00940985413778039
0 1 0.000177756196313867 0.0138179659728212 0.000179013245825608 0.0132180661025112
0 1 2.08387506613468e-05 0.00528151631258 2.32794842393908e-05 0.00510910710776183
1 0 1.73599873829843e-05 0.00209424741290676 1.55912773213862e-05 0.00231652656295942
1 0 1.88432780996338e-05 0.0028077116874939 1.33437378207216e-05 0.0030420306674027
1 0 1.21049951875308e-05 0.00280741809591083 8.25807343846623e-06 0.0031753341039752
0 1 2.00864306791621e-05 0.00344849928944186 2.0813608550349e-05 0.00294177759333534
1 1 4.43522526054687e-05 0.00365915999877003 3.98590058135028e-05 0.00295202224767467
1 1 3.13697661034588e-06 0.00381837189995647 1.4437104342372e-06 0.00291388676292881
1 0 7.82522504567328e-05 0.0091388878582987 6.56492947021702e-05 0.00919329915476593
0 1 0.000128096680891521 0.0147229198599515 0.00014954492407564 0.0145426463341152
0 0 0.000171804337048885 0.0061536719750284 0.000208592174322455 0.00639948165139238
0 1 0.000181111892690212 0.0147861267063131 0.000199739587616951 0.0146370858534879
1 0 2.07101897194296e-06 0.00255444763509735 1.71666626341127e-06 0.00344204820508048
0 1 0.00011776865961969 0.00842560146990668 0.000122038203473644 0.00724061496954187
1 0 1.07500459055157e-05 0.00121148571849326 4.66802970640489e-06 0.00125392457776116
0 1 2.92801135274373e-06 0.00136311094242683 3.651366674427e-06 0.00123844589528133
1 0 4.96759545508533e-05 0.00343625126540626 4.59121417099131e-05 0.00353839580280076
1 1 1.07351114152139e-05 0.00262364608232119 1.02224527277767e-05 0.0025796091283132
1 0 2.05317960717051e-05 0.00448367424870778 1.75449060763076e-05 0.00450730119013123
0 1 8.33790379199014e-06 0.00217711352492182 1.85448566064059e-05 0.0020756444001708
1 0 6.82934835859844e-05 0.0066408944781127 5.83786815964647e-05 0.00702104914233492
1 1 3.83478223057154e-05 0.0114731293867112 2.75381264931847e-05 0.0106234386217878
1 0 0.000118443597058732 0.013009321259943 0.000117432168981157 0.0137950604289447
0 0 3.63733150325112e-06 0.000700264636991347 3.71767868123239e-06 0.000854797450445825
0 1 2.93463790320794e-05 0.00306355088820925 3.31332605455789e-05 0.00272244557259073
1 1 1.23147972152206e-05 0.0014231212095512 1.11889397157453e-05 0.00133600215216106
0 1 7.18694945601574e-05 0.0213744332838971 7.38086039770687e-05 0.0190321165515559
1 1 5.40420799611425e-05 0.00579434914376841 5.01985108342203e-05 0.00550355905652591
1 0 8.12435934764738e-05 0.00980974514683281 7.36951646705006e-05 0.00993545815965996
0 1 1.58532697279821e-05 0.00714269268010059 1.9825016205924e-05 0.00621866330497243
0 1 4.46113061631694e-05 0.0160278902430908 5.28062112632862e-05 0.013385082702363
1 0 1.38825146599913e-05 0.00189803059624283 9.49079578829235e-06 0.00206317074198746
1 0 1.88282759581377e-05 0.00487951059204545 1.73943400213295e-05 0.00510503606919468
0 1 2.14742554151593e-05 0.00387755906356154 2.35559488573053e-05 0.00313972897911905
1 1 1.43956912470692e-05 0.0089530763127033 1.22920761433969e-05 0.00822039081990941
0 1 1.46525543096673e-05 0.00675865258647884 1.899670130356e-05 0.00673356718418854
1 0 2.50818259052521e-05 0.0107334236982511 1.99096001601038e-05 0.0109121950632469
0 0 9.84574549594467e-05 0.00525799950767275 0.000100364137709242 0.00613149684226191
0 0 4.47914948569692e-06 0.00777803050907917 6.75378595967042e-06 0.0099739786038988
0 0 0.000100931064837268 0.00628181276569987 0.000108021440953401 0.00651755075458697
0 1 2.37584474194244e-05 0.0117625535548568 2.69710451710442e-05 0.0117444835010322
0 0 9.74944491012098e-05 0.00896548440484612 9.79293637550904e-05 0.00941034442451365
0 0 1.14736343976147e-06 0.00219126580175629 6.03793663377783e-06 0.00310598828713859
1 1 4.5476310388708e-05 0.00759201604548165 4.05515395715217e-05 0.00741074928004541
0 1 2.83198812181362e-05 0.00462060650574144 3.98258683284164e-05 0.00447113515319304
0 0 6.27658897028973e-05 0.00986109330272852 7.0231300984995e-05 0.00995614139051674
1 0 1.50164622531335e-05 0.00361107388862228 1.02503730360029e-05 0.00426711324620544
1 0 6.08670292676919e-06 0.00541687971363206 4.72935395417073e-06 0.00635496064586061
1 1 6.75826677204782e-06 0.00408150053112898 5.89419286973892e-06 0.00405261763878804
0 0 3.33805056482847e-05 0.00726668168682042 3.38777669808595e-05 0.00753432228169676
0 0 4.81785425050941e-06 0.0100786874692135 7.26251284675049e-06 0.0107859418883739
0 0 7.34399633215035e-05 0.0103801219675317 8.74865185198895e-05 0.0107641377902626
1 0 9.17827853585212e-05 0.00646684463971419 9.04088270752949e-05 0.00719222182039265
1 0 8.22855103353188e-06 0.00270903868442786 6.72082505205597e-06 0.00308893818671599
1 1 6.27886815986698e-05 0.0101299770207748 6.16261002969181e-05 0.0090969082058173
0 1 9.01949261177184e-05 0.0283138397099986 0.000112073469225487 0.0281979450477827
1 0 3.11411348102257e-05 0.00203638092994499 2.20326426843658e-05 0.00208283292199277
0 0 8.07943354475657e-05 0.00824773688098685 8.27010913505971e-05 0.00833287203563594
1 0 2.87845293860012e-05 0.00756462617984596 2.30096357078812e-05 0.00784817399966114
1 1 8.22582785804097e-05 0.0159174512203668 8.20488355300272e-05 0.0147055194538524
0 1 2.58268963707541e-05 0.00441929085172323 2.6275888547078e-05 0.00394421152618065
1 0 1.34316507829456e-05 0.00256298524993418 8.98943016224687e-06 0.00299560657368766
1 0 0.000151920318603418 0.0105216847455657 0.000142068410439827 0.0106492843930202
1 0 1.15176034735004e-05 0.0127018878896271 1.10192176839025e-05 0.0133049684593566
0 1 8.1890013042513e-06 0.00705407581812707 8.39665474377873e-06 0.00597641770118141
1 1 1.4517212731555e-05 0.00367174659285488 1.27084475319577e-05 0.00356685908739478
1 1 1.72901837084419e-05 0.0045941924514279 1.45455236327353e-05 0.00424983114855774
1 1 1.38307122846899e-05 0.00369653492265235 1.1209369949397e-05 0.0033256597577721
0 0 3.13294157908046e-05 0.00673308644614137 3.2904339152873e-05 0.00692638408230304
0 1 1.64028100567771e-05 0.00252214182471891 1.69262400360858e-05 0.00229259566457946
1 0 1.59384307718372e-06 0.00208390355718941 7.27632697763915e-07 0.00213725634532296
1 0 2.31669517221432e-05 0.0039687022481098 2.20088555118776e-05 0.00411224207109733
0 0 6.30775988411694e-05 0.00782065356996867 8.47000981393395e-05 0.00794660743593914
1 1 2.07416382924603e-05 0.0049980016651583 1.90987986271407e-05 0.0048272546401416
0 1 6.96726497364537e-05 0.0144749114845739 7.25923511824027e-05 0.0136511107079791
1 1 0.00015055755606412 0.0138091136226144 0.00011424706886602 0.0116235162411381
1 0 5.24183443074257e-05 0.00267422071344024 3.46276721790492e-05 0.00291369669192416
1 0 2.5465997903003e-05 0.00212601247532184 2.40918271623221e-05 0.00248566498784349
1 1 5.99201519953507e-05 0.0119596620100152 4.465374261176e-05 0.0116236116113999
1 0 2.70609454250784e-05 0.00625430534222125 2.69129018232146e-05 0.00675713864478331
1 1 3.41379848121695e-06 0.0044221252316497 2.7069703087037e-06 0.00368613081391381
0 0 2.10590568633946e-05 0.00792873203490659 2.12657215458127e-05 0.00814978823867508
1 0 6.01689482807832e-05 0.00875153591916219 5.60197486013237e-05 0.0102052092731913
0 1 5.73641847591561e-05 0.00644815249410487 5.93387078783526e-05 0.00625368837852838
1 1 3.659915491766e-05 0.0104051550441611 3.08946806541121e-05 0.0102471775710885
0 0 5.64942487479755e-05 0.0198065287998854 6.09922397737502e-05 0.0199354839896593
0 0 3.23212798342406e-05 0.00262726523585811 3.6679054565376e-05 0.00266357290006812
1 1 8.95633147115356e-06 0.00211372632209107 2.28413917031171e-06 0.00189440045896598
1 0 3.60061576741415e-05 0.00220644706657426 2.9770210788691e-05 0.00239471489336399
1 1 2.32482025729071e-05 0.0036475043766705 1.95823675132507e-05 0.00311756731015732
0 0 5.71244601686199e-05 0.00366851691835228 6.06434298400879e-05 0.00482855744081078
0 1 2.01918193648653e-05 0.00349833324221316 2.52621495014094e-05 0.00340714588842253
1 1 5.70458203761678e-06 0.00284639104677547 2.89743989888517e-06 0.00267818127767828
1 1 2.86796172842091e-05 0.00180103949755118 7.06236820349518e-06 0.00173472823173503
1 0 4.9224033358896e-05 0.00545358255226122 2.46740096167976e-05 0.00598806416693879
1 1 0.000283741040323093 0.0138681452998194 0.000271993634119144 0.0132805360519729
1 1 8.53631730957652e-06 0.00282413577215771 6.32608130917251e-06 0.00277584800795484
0 1 7.62174570748116e-05 0.00662108287618245 8.87134218188348e-05 0.00616965847288044
0 0 4.71736196131016e-05 0.0120663173476425 5.59042678408698e-05 0.0132420440335975
0 0 2.99886287071058e-05 0.0106232006320039 3.76856250754992e-05 0.0111860260595259
1 1 2.40525037631446e-05 0.00837079322388377 1.56289015492092e-05 0.00668910269514368
0 0 2.694450574475e-05 0.00358642938094048 3.24688500508494e-05 0.0036404161824438
1 0 3.47803075441522e-06 0.0049698153196357 2.89348535940441e-06 0.00525819442410507
1 0 8.94402355773394e-06 0.00356276038874527 7.70880180218381e-06 0.00429567188754005
0 1 5.59791052169187e-06 0.0114159292361925 1.07498206061112e-05 0.0101033200204803
1 1 5.71225057681729e-05 0.0099658442755664 5.04204892613818e-05 0.0089154700061858
0 1 2.27009250319801e-05 0.00443446548437421 2.72332614205611e-05 0.00412658358496943
1 1 4.20451546457286e-05 0.00919124788196533 2.11281028503272e-05 0.00861048804251105
1 0 5.4853877595949e-06 0.00135002738053159 3.80203739080052e-06 0.00144011916862729
1 0 2.1425641847434e-05 0.0030851087400656 1.68342629163386e-05 0.00331814748128838
0 1 3.71120401219859e-05 0.0102375160638328 3.7594268185492e-05 0.00993026906017717
0 1 1.43399970741253e-06 0.00159150556590126 1.81457648693046e-06 0.00143753358330869
0 0 0.000115266156811399 0.00535316650173638 0.00013213339936293 0.00603725405030491
0 0 3.19081553107409e-05 0.00781448187688354 3.83919005999857e-05 0.00813705309959223
0 1 0.000160997273262124 0.00940189126107269 0.000163191635753993 0.00900479256761227
1 1 4.29294745955398e-06 0.00241403066217865 3.68645772782929e-06 0.00152042071925906
1 1 3.97055430587797e-05 0.00602155474101226 2.41605472372035e-05 0.00552464609084401
0 1 1.87380996553715e-06 0.00309336054787639 3.37100535109943e-06 0.00300504496328245
0 0 8.3045515432568e-06 0.00223221141915679 9.18058125119568e-06 0.00243407131368132
1 1 5.47513860090003e-05 0.00687088370364212 5.11433239175196e-05 0.00631258421837492
1 1 5.45631019237166e-05 0.00354653000198502 3.81620882750202e-05 0.00323853173707976
1 1 3.54153686848689e-05 0.00586511318897551 1.98907830541819e-05 0.00573674403911736
1 0 3.75865914751453e-05 0.00594848323124285 3.65500797576871e-05 0.00645755746896836
0 0 8.70501505745629e-05 0.00667068119960755 9.80499839714568e-05 0.00714091284277201
1 1 3.43905911435719e-05 0.00505775405993366 3.28050988848084e-05 0.00439137504707988
1 1 6.08999814720353e-06 0.00679279926546856 1.84156028640643e-06 0.00646931858349183
1 1 6.2252330698358e-05 0.0112846539108394 5.29375722586791e-05 0.0108555567704246
0 0 1.73734407139767e-06 0.00149649877858124 3.36259828585899e-06 0.00168129022100873
1 1 6.45599325676946e-05 0.0105374732083774 6.23384553939967e-05 0.0104677269909525
0 1 0.000116533177109318 0.00938292084544852 0.000119851799578748 0.00910611302127732
1 1 2.20340942607861e-05 0.00410749225969855 1.76753267709791e-05 0.0039811197161557
0 1 2.24799030705539e-05 0.0063977810800768 2.80556857560546e-05 0.00611676052048692
1 1 1.05553966984108e-05 0.00332336326856109 9.4688569607575e-06 0.00330146014517623
1 1 2.11179630578362e-05 0.00445973522130646 1.93529732438621e-05 0.00432376734826997
1 0 8.26516105749186e-05 0.00747041672235283 6.23932835416143e-05 0.00847922962646254
0 0 8.25727039301936e-06 0.00243157137739741 9.03975006324839e-06 0.00261014074667337
1 0 1.11636972501756e-05 0.000487276430110348 5.38823309663795e-06 0.000709882295975809
0 1 5.41740648423696e-05 0.0124346281557415 5.44050687106974e-05 0.0122667741015433
1 1 2.68711384127501e-05 0.0064083134108107 2.3470376722225e-05 0.00606589269404046
0 1 7.01326427361413e-06 0.0130420949200725 8.72036844902476e-06 0.013024795686627
1 0 1.10744827487304e-05 0.00754438429217383 7.98788842936867e-06 0.00917012850140423
1 0 2.0855855245657e-05 0.00309251831858614 9.0185843532791e-06 0.00323982777606834
0 0 8.71628746239645e-05 0.0108693692024999 9.97167419277162e-05 0.0111222671651565
1 1 0.000329353837115305 0.0132030399386243 0.000328002591711814 0.0109752456454178
0 0 5.77695316710872e-05 0.00686292867082637 9.9523441851025e-05 0.00709539002748884
1 0 0.000289000736259945 0.00608591965091745 0.000272465865214079 0.00993557396179275
1 1 1.1658253111135e-05 0.00482541994107474 7.17677777278652e-06 0.00471598223692556
0 0 9.51772255114375e-06 0.00175296962902842 1.72207518934534e-05 0.00188905153817679
0 0 1.3149858582338e-05 0.0110076083138776 1.47888211021884e-05 0.0112733517537274
1 0 7.57788603572974e-05 0.0135081636069011 7.10486766599761e-05 0.0153262773877405
1 1 4.37966018126348e-05 0.0139710047502741 2.90161298491302e-05 0.0136414897475511
0 1 2.61521390411877e-06 0.00807208745532384 3.01158395468598e-06 0.0070701618393671
1 1 1.62224055867032e-05 0.0038692674569363 1.15390424475589e-05 0.00310159610486754
1 0 5.81036074138532e-05 0.00413229327069348 5.29148983915077e-05 0.00419181383780685
0 0 1.21188554545914e-05 0.00539688885796328 1.3186898720655e-05 0.00569536684310316
0 0 8.34411491164855e-06 0.000989027248811273 9.71312057811692e-06 0.00116583625298694
1 1 4.83361260855922e-05 0.00428495204020967 2.73063687595445e-05 0.00365414828134626
1 1 3.199344751112e-05 0.00626905353826865 3.15245871798805e-05 0.00626710205193312
0 0 1.69553289435269e-05 0.00339338375329808 1.92086860099453e-05 0.00361828425417709
1 1 0.000169266467814575 0.0194008017963209 0.000158294035301094 0.0180478844185809
1 1 4.0389447605961e-05 0.0110480042809817 4.01695981342135e-05 0.0101547082093321
0 0 0.000238323915236812 0.0157900309845176 0.000245605900386972 0.0175527763305067
1 1 5.76941268572165e-05 0.00355259765736646 5.43637358933331e-05 0.00347056224631152
1 1 5.73388656817689e-05 0.00307764218973017 3.40751190066845e-05 0.00298837775095674
1 1 6.29809122576902e-05 0.00766223467624671 4.53893439748219e-05 0.0076443180576476
1 1 2.71329470996785e-05 0.0051318355287735 1.5573269959435e-05 0.0042096500713506
1 0 5.2329607276529e-05 0.00295716138844724 3.53218734963624e-05 0.00299350108440747
1 0 1.14913379202586e-05 0.0027083789049439 8.41317270295758e-06 0.00327536988593152
1 1 0.000119779242605755 0.0105220774923256 8.92648217403767e-05 0.00972257592498325
1 0 4.22340689228299e-05 0.00378952100850053 3.7520623114495e-05 0.00397679421561437
0 1 8.80301033078348e-06 0.00145573877014709 1.05112040760754e-05 0.00130734988680134
0 1 3.44832905005514e-07 0.0025733417146631 7.03690170329584e-07 0.00228028674432765
0 1 2.0967179238453e-05 0.00525833584640467 3.01839869407365e-05 0.00497327303236488
1 1 4.36064033040814e-05 0.0028628370768151 3.60051273655498e-05 0.0027605192794804
0 0 4.14583954453452e-05 0.00570505077980925 4.70990225474297e-05 0.00678710986808236
1 0 4.55823620312019e-05 0.0125371493830123 4.14628369776031e-05 0.0127325069796794
0 1 2.32792252336552e-05 0.00812308025571972 3.78856385829072e-05 0.00783973290750605
1 0 8.26732977201645e-05 0.00662035161107491 7.91534515551017e-05 0.00687826615709189
0 0 1.46105644024974e-05 0.00616996451662023 1.94374330548654e-05 0.00639378071411756
1 0 1.39780585454928e-05 0.00518827980486297 1.34549025561911e-05 0.00521018887506557
1 1 2.87268970235203e-05 0.00287265353468034 1.97119545049566e-05 0.00216054427060733
0 1 4.39704269883201e-05 0.0127019971695415 5.12260251897283e-05 0.0118449303632967
1 0 3.24825189696886e-05 0.00284205629784283 2.64298544329986e-05 0.00303898837684157
1 0 7.05975113416431e-05 0.00524646955401556 6.4649040310818e-05 0.00558751987437038
1 0 0.000389580080876874 0.0149262497979032 0.000362655489920035 0.015266193285003
0 1 5.82743515099528e-06 0.00911290849468558 6.89443862430327e-06 0.008786598695334
0 1 2.28374174984301e-05 0.00612229661995021 2.79255914840579e-05 0.00583842027936203
1 1 1.64999811122928e-05 0.00571942048500067 1.45397845283276e-05 0.00531546296966504
0 0 1.68417978244299e-05 0.0126591814616267 1.91858643573775e-05 0.0129893074684302
1 1 2.36558955886328e-05 0.00277153151161437 1.77014705735792e-05 0.00264903911060088
0 0 7.5251019077794e-05 0.0190321890253072 7.8856423242675e-05 0.0195598534867142
0 0 2.03489539104696e-05 0.00671372191849971 3.02301033738894e-05 0.00729927574294581
1 1 0.000175688143484713 0.0129474997968066 0.000159205610836555 0.0118505054694807
1 1 6.13644469966994e-05 0.0103878202511985 5.02141901600268e-05 0.00843494073145325
1 0 3.14635522124777e-05 0.00667272447012291 3.07051104713994e-05 0.00741175317109739
1 1 0.000219500075170464 0.0116371125101251 0.000197502847178544 0.010383762454997
1 1 4.00156792760442e-05 0.00309436015211897 2.67828597752951e-05 0.00298686187643749
0 1 1.0635344454531e-05 0.00757672528790599 1.94983650735922e-05 0.00715019472407809
0 0 4.83041217643032e-05 0.00357145001662393 5.23102624104165e-05 0.00357641961572335
1 0 8.12979423894165e-05 0.00694700859998349 7.5632362393002e-05 0.00721073560448497
0 1 9.91447883584113e-05 0.0127134889789834 0.000111680924976423 0.0113756718163225
0 0 4.03829446563134e-05 0.00822612580276423 5.00557058060157e-05 0.00854489008803908
1 1 4.26964098510954e-05 0.00382758955600597 2.60963985730799e-05 0.00286032296064387
0 1 2.30090506389591e-05 0.0128267380677639 2.75693018839928e-05 0.0114902330667575
1 1 1.09258201442531e-05 0.00902651435428446 7.25742495404109e-06 0.00883736699029524
1 1 4.89624165715034e-05 0.00411796333537877 3.76851113450887e-05 0.00388389084408787
1 1 2.59965789206554e-06 0.00504116652818491 1.13851130443443e-06 0.00473292127446679
1 0 3.91534528125128e-06 0.00312223832277334 2.32942537117565e-06 0.00329757628905442
0 0 6.51754495520597e-06 0.00245465217507079 6.81705267105026e-06 0.00296018822836685
1 1 4.53634883832339e-05 0.00485224820526302 4.19657777672431e-05 0.0045199921734995
1 1 1.75894771661723e-05 0.00335037520262873 1.72337659619532e-05 0.00290646020064605
0 1 5.15667594136997e-06 0.0042936395865988 7.2495839544091e-06 0.00419794833280056
1 1 3.14692876396197e-05 0.0157607307812879 2.42488588294842e-05 0.0141772215081833
0 1 4.3807175523044e-05 0.00724457328401457 6.47108622359366e-05 0.00709182453786667
0 1 1.30160021975955e-05 0.00757439893462457 1.92858247009427e-05 0.00722330608794956
1 0 0.000160351392754009 0.0158073297240319 0.000155991394777145 0.016246295020759
1 0 9.92089969710546e-05 0.0128487210421277 9.30285324322781e-05 0.0128667110209313
1 1 1.3990103014649e-05 0.00167171440080913 1.20562451930787e-05 0.00160456317682466
1 1 4.05912797927074e-05 0.00690287748322347 3.9978795667841e-05 0.00673854708250821
1 0 1.5485117296856e-05 0.000619106323353069 5.33629213198689e-06 0.000792612111329851
1 0 5.8355424982983e-05 0.00426447273443311 5.21726499504588e-05 0.00493871288187857
1 1 4.19086830923233e-05 0.0034012983524886 3.5685367034168e-05 0.0033321403295892
0 1 6.69039127286341e-06 0.00582664737224025 7.17972894665974e-06 0.00539245566566663
1 0 1.45106840748726e-05 0.00127335520544184 1.22274517709272e-05 0.00128696324857242
1 0 0.000213667331238361 0.0106009671540735 0.000196146478700269 0.0112692700482794
0 1 9.42565553481952e-05 0.00962429003874307 0.000112092573357716 0.00949951823785908
0 1 9.97799385132965e-06 0.00087217758346501 1.12371237333088e-05 0.000680011408881808
0 0 1.62057885981794e-05 0.00707480272950601 1.63581951373959e-05 0.00817070159402439
0 1 2.30626428597044e-05 0.012016456344048 2.46406555855813e-05 0.0109890217685837
1 0 1.16658154203623e-05 0.00730390154596308 6.69902335597551e-06 0.00732600765478469
1 1 1.02546507740463e-05 0.00309949069426272 8.26598195483888e-06 0.00215266725225075
1 1 8.11940966883761e-06 0.00772369303303498 7.333165073683e-06 0.0068017100477771
1 0 1.37463198765554e-05 0.0165894171837165 1.36320312884761e-05 0.0175209115799203
1 0 0.000113005661947277 0.0120279322900726 0.000111256553546935 0.0136332276731151
1 1 2.77736275424466e-05 0.00494399738940191 2.6301292215739e-05 0.00442955226321459
0 0 8.42078017089447e-05 0.0122169247591456 8.74360370145877e-05 0.0124946436041029
0 1 6.7302279467008e-06 0.00237151781795892 6.8436390393256e-06 0.00192420197559814
1 1 2.13484936633191e-05 0.00496655959414773 1.27223834120459e-05 0.00456403529464252
1 0 3.47064042196118e-05 0.00394734651397226 2.77092297901096e-05 0.00452995417697134
0 1 4.78927835445959e-05 0.00672653496003424 5.59431074522422e-05 0.00633032954803842
1 0 0.000156915531088622 0.0109016599884659 0.000133568749422108 0.0117632494013548
1 1 8.70315174667278e-05 0.00622872391417653 8.29798916952344e-05 0.00554358887280279
1 1 7.82017395727642e-05 0.0049208636507527 4.74225781333106e-05 0.00488325443242506
1 1 1.28613605991327e-05 0.00903367142642343 1.05519967950306e-05 0.00865232125603862
1 0 4.73744721991338e-05 0.00590126204666792 4.26456172292488e-05 0.0066438572731514
0 0 0.000101134262117633 0.00258959814018865 0.000127907635429393 0.00293552255755691
0 1 5.3173005471222e-06 0.00344644936712705 9.67586899572475e-06 0.00327285342510307
1 0 1.83644032133174e-05 0.00263152708250531 1.66227836212854e-05 0.00333692122043204
0 0 9.84703936761791e-06 0.00240342495947782 1.18474484777764e-05 0.00249394913871671
0 1 8.26894269521991e-05 0.00964543376562622 0.00010216558412898 0.00905793642506466
1 1 5.32710454289654e-06 0.00368353028126121 2.89008257472822e-06 0.00359322546506305
1 0 3.45597220387246e-05 0.00577532398472063 2.2915300680369e-05 0.00621652834431789
0 1 7.88938784626924e-05 0.00667527619349488 9.02795850730961e-05 0.00658131723706877
0 1 2.47269928161611e-05 0.0080458084729847 2.89479303303537e-05 0.00741255290544572
0 1 3.63282101757845e-05 0.00907223539667543 4.04440557406732e-05 0.0083066458846925
0 0 3.98246726177169e-05 0.0153777842373473 4.0712713756333e-05 0.0157376076577757
1 1 0.000210646112265937 0.011615557072025 0.000198754663772232 0.0099951876275882
0 1 3.76954793124472e-05 0.00605597110331005 5.01273334726404e-05 0.00583861082762406
1 1 8.49598613532281e-05 0.0165438845496732 7.77783864397055e-05 0.0146257621525657
1 0 0.000100099680984048 0.0116192535785806 8.47645826880317e-05 0.01162262499349
1 1 6.2753299176673e-05 0.0083854645144475 6.02818034383512e-05 0.00755023563329252
0 1 1.87487215718155e-05 0.00744472386768731 2.975530989368e-05 0.00695008433905041
1 0 7.99886871677984e-05 0.0050368115365201 6.45852842792158e-05 0.00525938062651893
1 1 2.37411694765995e-05 0.00549060680504354 1.93221738113259e-05 0.0049718341713066
1 0 5.86769196908487e-05 0.00902060278630395 4.97374802522361e-05 0.00921691246640599
1 1 3.69044060050233e-06 0.00327016229645732 1.65079472713324e-06 0.00315838429450776
1 0 1.8927258222232e-05 0.00281906649554572 1.729122703081e-05 0.00330227329363362
0 0 0.00016868542264622 0.019759349273743 0.00016978889401083 0.0206607350872993
0 1 1.4142717446454e-05 0.0079524724086003 2.8735845143884e-05 0.00772182525523812
0 1 5.13913385787729e-06 0.00178965888381372 6.83141224403201e-06 0.00166801266791675
1 0 1.17697633845067e-05 0.00730105711744175 1.04608148947924e-05 0.00767678825579387
0 1 9.81289095727291e-06 0.00602758128250857 1.3819401557595e-05 0.00590366316691189
0 1 4.54626472490798e-06 0.00422647686587251 6.45487598148017e-06 0.00303949915764499
0 1 2.95462448302842e-05 0.00938418697201241 4.97699760436527e-05 0.00778610681230648
0 0 7.60454961456865e-06 0.00187318781668467 9.95719869088573e-06 0.00195021346299085
0 0 8.70076132822535e-06 0.00367815675620376 1.66568796672981e-05 0.00378467055469572
0 0 3.81658752858514e-05 0.00294272717162224 6.40566030033354e-05 0.00447310142162018
1 1 2.39765901212136e-05 0.00445581824189876 1.80546883183122e-05 0.00422425419314099
0 1 0.000104062112158509 0.0200429249786434 0.000119836187752662 0.0199302529510528
0 0 9.27232477506187e-05 0.0193483195982448 9.7879750272431e-05 0.019750013272421
1 0 2.22310937122501e-05 0.00308897582185747 1.22303785308356e-05 0.00314069724413979
0 0 0.000121735735422693 0.0141999161592049 0.000142520972405668 0.0147606566497051
0 1 2.33976024030487e-05 0.00420586107562735 2.36518811307227e-05 0.00375795661293464
0 0 1.56431800444859e-05 0.00464776045062176 1.61638978985852e-05 0.00499484602483896
0 1 2.9796860008649e-05 0.00903109979055628 4.80110498126337e-05 0.00795117891911148
0 1 4.36518676642856e-05 0.00394898391169789 5.28922029475874e-05 0.00372515931506861
1 1 0.000162530482973078 0.0104838647770787 0.000140664618747431 0.0090968833311431
1 1 5.77622562124779e-06 0.0120122623722586 5.25302360881006e-06 0.011636483996282
1 0 4.68012084450408e-07 0.000376112667473276 3.97299456153068e-07 0.000474073167489295
1 0 2.62114859965631e-05 0.00816273544104791 2.12759703496815e-05 0.0091753441025719
0 0 0.000157802088269067 0.00940491435155021 0.000173478730348043 0.00944113546969343
1 0 2.09784709109619e-05 0.00743552294059525 1.1870942289299e-05 0.00788161629771013
0 0 8.75534006234589e-06 0.00388708827561926 1.17842259228635e-05 0.00392341239560489
1 1 1.07729396825564e-05 0.013311851141062 1.05390655229791e-05 0.0123077027475288
0 0 6.48671900513865e-06 0.00334350652792496 6.59236808120188e-06 0.00336557993987397
0 0 5.17964679155163e-05 0.00503862454673366 5.46162828340118e-05 0.00586609648909544
1 0 4.18699677585523e-06 0.000970368016604246 4.0621100860369e-06 0.00100218352103472
0 0 2.51463246952463e-06 0.00529234775360994 2.53854796296824e-06 0.00537155941889402
1 1 7.86885703736417e-05 0.00748064423229335 6.2505489658827e-05 0.00591657565338881
0 1 1.72504841626766e-05 0.0108886746457094 2.04230887967002e-05 0.0098888111430454
0 0 5.64194699839498e-05 0.00616166045718159 8.03353027743275e-05 0.00803851653042329
1 1 1.13335377483895e-05 0.0083796638953908 9.52381951359775e-06 0.00763948304325449
0 1 2.28572278006288e-05 0.00587087937244668 3.43509496521917e-05 0.00526076500326941
1 1 4.04923571728642e-06 0.0115350408127661 3.15994876238911e-06 0.0108386117297717
0 1 6.71418307763462e-05 0.0120615726034803 7.00858313705082e-05 0.0116656156332067
0 0 6.83086775728195e-06 0.0046852654092003 1.16868181955926e-05 0.00504045016132522
0 1 8.05523470797191e-05 0.0127263020798824 8.10785019486002e-05 0.0125435018160894
1 0 1.11069580812127e-05 0.0053698375491256 7.73313520704008e-06 0.00569122275339074
1 0 0.000164013645306038 0.00876646152653266 0.000144683297882413 0.00911835827479699
0 0 4.64851267995351e-06 0.00205755655056973 7.36987271336736e-06 0.00231573214461066
1 0 1.06582271219157e-05 0.00920236271653064 8.30019449793335e-06 0.00957339934836834
1 1 7.33143607851817e-05 0.00802311871215162 7.1133599460434e-05 0.00786587996953107
1 1 1.47970856828221e-05 0.00387364760801873 1.28946031751406e-05 0.00359506070467301
1 1 1.76840218115921e-05 0.00366631753242373 3.26768452554401e-06 0.00350644250124065
0 0 9.57471417836282e-06 0.00374387915415203 1.28185496319368e-05 0.00376610765315051
1 0 4.25932471293384e-05 0.0103661181872361 4.02125644323815e-05 0.0106442404290495
0 0 1.81266682021088e-05 0.00742152391662401 1.93460721907329e-05 0.00797210324856848
1 0 0.000147739815851745 0.0139670139587641 0.000125675714141104 0.0140760929559959
0 1 4.85386567129312e-05 0.00919564080794941 5.60811888990278e-05 0.00900406272816656
1 0 7.02330077203239e-05 0.00731784463641972 6.11024815281901e-05 0.00735066571693496
0 1 6.0949427167859e-06 0.00292567985028796 7.01572376229469e-06 0.00271854848711798
0 1 1.59974236887781e-06 0.0032131815417347 1.75707002032503e-06 0.00320979291832153
1 1 0.000129288401969708 0.00553701405123109 0.000127273454520987 0.00545213014012893
0 1 2.03485621459683e-05 0.00561075404589393 2.51686117513595e-05 0.00556861010310464
0 1 1.48855005494506e-05 0.00795242786179528 2.41988382292984e-05 0.00715612971604357
1 1 5.06366749979152e-05 0.00559318147777178 3.64894941121019e-05 0.00539583634299447
1 0 0.000102693313303952 0.00632215969625991 4.62646615045071e-05 0.00639495520895618
0 1 5.49265722940566e-05 0.00412480411526638 6.20031318582074e-05 0.00396854930385893
1 0 3.04376684978455e-05 0.00238462685330314 2.01923700623104e-05 0.00252969531005634
0 0 1.51360709327513e-05 0.00607117884387787 1.9888526784051e-05 0.00648213070968282
0 0 1.12683497596849e-05 0.00471096892978136 1.17032660222391e-05 0.0050599134406211
1 1 5.35967021519144e-06 0.0013060180968787 2.51596523832668e-06 0.00118134473817908
1 1 9.03868629990804e-05 0.00804394979073243 6.61296029022474e-05 0.00772926247107484
1 1 4.89035860411988e-06 0.0148972575817027 4.58368543052703e-06 0.0145318529670765
0 0 4.8266528481343e-05 0.00325367184878783 6.02025359330772e-05 0.00332047607403854
0 0 1.312132925105e-05 0.00364443758899506 1.48843931876839e-05 0.00364849195654124
1 0 0.000109083743338933 0.00880720186659184 9.64601709161373e-05 0.0093854228374841
0 1 0.000187468763858742 0.0138929930505435 0.000190212747152149 0.0133498818429479
0 0 6.20565507751091e-06 0.00425997739024661 8.29812103057013e-06 0.0049974334577352
0 1 6.44259144477295e-05 0.00759679792824674 7.49683411060277e-05 0.00629594247270117
1 0 0.000148066001431156 0.0152601052621312 0.000139857851936597 0.0156240476411838
1 0 0.000136093671819715 0.00824161961844974 0.000126776454541996 0.00872280976781319
1 1 3.78505699117426e-05 0.00416985430487716 2.59180052628388e-05 0.00416544687541346
0 0 0.000191966667145674 0.0119867807172288 0.000206706450377545 0.0140190801319744
1 1 4.17104871196323e-05 0.00592729802211342 3.73290197220758e-05 0.00524796249273478
0 1 1.14284025968898e-06 0.00263465074995455 1.94527049462189e-06 0.00239206421442622
0 1 4.05010678229421e-05 0.00941625574229594 4.8334169827757e-05 0.00748457480820685
1 1 5.16536067356938e-05 0.00777884672088767 3.96262819433571e-05 0.00723149395548371
1 1 5.14522465965613e-05 0.0155656473654544 4.38135324537895e-05 0.0152941209145582
0 0 2.61617467969818e-05 0.00525783154413826 2.85261283614758e-05 0.00586655290100228
1 0 5.68107872794637e-06 0.00616939898444472 5.1589781155771e-06 0.00675772491747021
1 1 2.11406765227721e-05 0.00245767214041533 1.85445277359147e-05 0.00208737677156912
1 0 7.72402046794096e-05 0.00344117074219119 7.64813965788293e-05 0.00402179791923146
0 1 3.01156641964061e-05 0.00949364487700287 3.04061453836933e-05 0.00916408937033325
1 1 1.18160584515765e-05 0.00146486847413385 8.31265331082697e-06 0.0012333548583975
0 0 0.000187571090249468 0.0194794285315499 0.000190780126072049 0.0195394153298093
1 1 3.60086569386077e-05 0.00934895319094714 3.56898962133811e-05 0.0084069998674256
0 0 1.15282805336271e-05 0.00469248299823558 2.53399980554319e-05 0.00492202357385699
0 1 2.91207859729492e-05 0.00243582028431994 4.03035316733187e-05 0.00230947091270605
0 1 5.87908104075736e-06 0.00132145899537536 6.65794499410303e-06 0.00123451181478881
1 0 5.45549103343755e-06 0.00505591575118291 5.43290247040352e-06 0.00509513353376505
0 1 7.87128093227877e-06 0.00233078828429801 1.39467162116558e-05 0.00196858296971118
1 1 5.40783087209904e-06 0.00567817694075943 5.03270232888904e-06 0.00481258452804865
1 1 4.36665402793454e-06 0.00128264185948469 2.90677074471525e-06 0.00111387136542006
1 0 0.000101059080957057 0.00779334008920997 7.57629026341539e-05 0.00819090624363881
0 1 1.86985503267003e-05 0.00979583310903345 2.00415702597609e-05 0.00925490349038467
1 0 4.56284072354929e-05 0.0128402776904527 4.04428587128894e-05 0.01332954292541
1 0 4.31102618475867e-06 0.000888333348760132 2.30963330894981e-06 0.000994724916290242
0 0 8.75382088258075e-06 0.00179610009822927 1.00714791585029e-05 0.00210592563725434
0 1 3.28235265282766e-05 0.0150227905508826 3.97838824537717e-05 0.0148266860192575
1 0 5.07329092326738e-05 0.00683747970832469 3.87476816348458e-05 0.00713130953073052
1 1 0.000188086373062431 0.015373896587277 0.000179336498659309 0.0150432539652872
0 1 3.47153761062214e-05 0.0147836302598168 3.91086766889155e-05 0.0144783453821909
0 0 4.44066708178814e-05 0.0088988390403401 5.68528552936105e-05 0.00915330868651914
1 1 2.489315241226e-05 0.0033271282383186 2.14486730845191e-05 0.00285228621200915
0 0 0.000152349423902451 0.018399928143464 0.000156285467842445 0.0185860681739876
1 1 1.82223530320938e-05 0.00953260265405433 1.81626138461903e-05 0.00854945228521809
0 0 2.82890674092891e-06 0.00223761528284989 7.32701465283905e-06 0.00236563694382181
0 1 1.41202014823135e-05 0.0133908858305167 1.58543608363162e-05 0.0125196621452655
1 1 0.000129274863226185 0.00707616989708364 0.000121929409299573 0.0069305799433104
0 0 4.41348697828677e-05 0.0102196537236486 4.58769066881419e-05 0.0113155517665594
1 1 9.00071131894175e-05 0.0111777106624993 4.98461181882124e-05 0.0111317319270499
0 1 4.67095320904537e-05 0.00609969341004001 4.70381750689166e-05 0.00492947784909209
0 0 3.23457586104825e-06 0.00723106905293035 5.14968219845314e-06 0.00772678159287126
0 1 1.82634572547607e-05 0.00178465465453731 2.20263769385405e-05 0.00177531717499141
1 1 1.19117860207468e-05 0.00412436987254739 5.86264824517493e-06 0.00411564692739875
0 1 1.09708774478996e-05 0.00809409525422768 1.11820861360967e-05 0.0075156493438174
0 0 9.39596822206234e-05 0.0159469662497013 0.000102760436545657 0.0160826725142159
0 1 1.27234168575111e-05 0.00465159394743093 1.57277206589492e-05 0.004288390176445
0 1 5.48067569446323e-05 0.00959602170046206 8.44620406025831e-05 0.00887872602004871
1 1 0.000225527288431469 0.018641406734822 0.000217104497361304 0.0172165626991269
0 1 0.000123874234738595 0.0131201474299201 0.00013031782398641 0.0130326397102461
1 1 2.06892523315371e-05 0.00766140142472197 1.13312595444081e-05 0.00729131116613386
1 1 1.49058531573419e-05 0.00478940277164912 9.99116697586255e-06 0.00454119309639094
1 1 3.68797980333133e-06 0.00136849926256487 3.48156043978528e-06 0.00111946646804112
1 1 8.9667621723838e-05 0.0071997675967488 5.36873853114524e-05 0.00655051659533681
1 1 3.63503985503185e-05 0.00438854453133564 3.20437719275539e-05 0.00427743839648137
0 0 7.74565657138542e-06 0.00681025877622322 1.10935606042023e-05 0.00734371216003778
0 1 0.000136327104511877 0.0160242886906616 0.000157435406525524 0.0145505167901765
1 1 3.71082169790655e-05 0.00771135894383656 2.74693489610711e-05 0.00721565614948061
1 0 0.000168630474352234 0.00933451177196743 0.000158733261541916 0.00972979304225986
0 0 1.47847579659964e-06 0.00623161469883502 5.46167419375251e-06 0.00651474185641094
1 0 1.90594825125006e-05 0.00417037170847722 1.36430280554991e-05 0.00445223820628278
1 0 8.50387574639615e-06 0.00412346279775274 7.87018038917663e-06 0.00536556737310879
0 1 4.37205360264555e-05 0.00859484790768799 4.92657772363383e-05 0.00823221379805993
0 0 0.000106235381429808 0.00885577717626699 0.000115759804477087 0.00890137989322009
0 1 4.02021092670144e-06 0.00104448638680766 4.64549832369275e-06 0.0010385171387175
0 0 1.48813235830207e-05 0.00372617620441832 2.11147606154872e-05 0.00386543772268777
1 0 1.78575443082562e-05 0.0061355722279429 1.69931523240722e-05 0.00618344009805055
0 0 5.20130577426311e-06 0.00950658757093197 5.74488536595228e-06 0.0105072564560071
1 1 4.75254458348955e-05 0.00723923750010752 4.28075668494592e-05 0.00679927858684107
1 1 2.97714940938111e-06 0.00347716964177564 2.41392517830179e-06 0.00275693978747761
1 0 9.21401123333783e-05 0.00391202327465469 7.65468787302657e-05 0.00466921655832199
1 1 7.06178162235546e-05 0.00807036302362529 6.22277415520768e-05 0.00760445044837048
0 1 8.97594120255914e-06 0.00325103259289656 9.53960268297363e-06 0.00309781755448148
0 0 6.00047315115448e-05 0.00673568439744768 7.66213457108175e-05 0.00762218628677948
0 1 1.26709348943581e-05 0.00403472650447751 2.33576164877628e-05 0.00297885567649564
1 1 9.58737503496293e-05 0.00814233505253191 8.3447021323368e-05 0.0074621877158645
0 1 8.68312170514668e-05 0.0093273304202926 0.000107420692034511 0.00918041274221289
0 1 1.11232413288256e-05 0.0084392958504036 1.2213104125486e-05 0.0078995482764742
1 1 2.82738066222892e-05 0.00488887048539793 2.69182137055053e-05 0.00424061585843288
1 1 2.76876565578843e-05 0.00530553814955759 2.50248224850488e-05 0.00475914837923953
0 0 4.09751920862837e-05 0.00908084110252983 4.48909271529027e-05 0.00908412284042482
0 0 1.21541876227059e-05 0.00247651795745435 1.30501001006416e-05 0.00252350494640891
1 1 2.2503365449333e-05 0.0067840106630809 1.14933918688046e-05 0.0060361572667564
0 0 5.59060939436669e-07 0.00127450986826581 1.93912846290942e-06 0.00129762157373083
0 1 5.92428573734608e-05 0.00737788653458151 7.25090000916912e-05 0.00709199342433036
1 1 2.72255278505458e-05 0.00443476070973885 1.91230011730988e-05 0.00366170091978664
1 1 6.23362376630454e-06 0.00410831368401704 2.5793201830495e-06 0.00342693967636159
0 0 1.36194084026362e-05 0.00204004093620859 1.87612613093304e-05 0.00214337010942085
1 0 3.44413050510661e-05 0.00580260248585233 3.38649926364679e-05 0.00657871309487835
1 1 7.57713691322161e-05 0.00955058966637681 6.79725556302997e-05 0.0095233669033028
1 1 5.12455388700348e-05 0.00750690333984767 5.11759963401405e-05 0.00694770905235677
0 0 5.10316524661282e-05 0.00696001492671629 5.18497672141876e-05 0.00704734609133102
1 1 4.38896592615968e-05 0.00712295500055288 4.09488540837811e-05 0.00683960143261695
1 1 6.56983460560478e-06 0.00744416322829714 4.90415928079189e-06 0.00676357252746528
0 0 8.00789355204202e-06 0.0118243845639677 8.38492471277412e-06 0.0146852760089526
1 0 1.45621582001803e-05 0.00346175879562906 7.57312852869809e-06 0.00385717594416422
1 0 0.000114957519332911 0.00598726549435076 0.000106942310653381 0.00608902526120517
1 1 1.02193244144843e-05 0.00503144564994676 9.80858342253644e-06 0.00473133045657518
1 1 9.88731776778284e-08 0.000862391223839842 7.41824053298912e-08 0.00076499736141629
0 1 3.1054224449914e-05 0.0072252808221835 4.33899000928258e-05 0.00678299715088928
0 1 0.000189235967054295 0.0103826483992506 0.000208314308901183 0.0100853312996995
1 0 1.24085815848252e-05 0.0043396457640454 9.44911223330206e-06 0.00435194042606935
0 1 1.00120598884525e-05 0.0083138831281254 1.78160456087955e-05 0.00797542004629055
1 1 2.24064483110676e-05 0.00199550920091817 1.52164995403823e-05 0.0013717108216918
0 0 2.5279936431403e-05 0.00807567296550074 2.73794081126544e-05 0.00918144378676656
1 1 4.76617337119103e-06 0.00134154294523285 1.17821252964659e-06 0.00120851345194318
1 0 8.75247547778154e-05 0.00326897450539368 7.52274886741196e-05 0.00383068962499041
0 1 2.45715763610086e-05 0.00590362039791453 2.66714527942388e-05 0.00565565969778396
0 1 9.36702512007185e-05 0.0196333367555872 9.5475642558375e-05 0.0191466159286772
1 0 0.000146064931990065 0.00988600803886892 0.000141182104509037 0.0102274945665895
0 0 1.20964357766769e-05 0.00250127628110174 3.33089949452179e-05 0.00265229105483269
0 0 4.46047861173927e-05 0.00454625124627761 5.00215113867212e-05 0.00468598153648252
1 1 4.51555957506957e-05 0.00415672486872083 3.19590622379533e-05 0.00327433842059673
0 0 0.000120129960305211 0.0115549970996275 0.00012033245127861 0.0125360838833027
0 0 5.46121087284197e-06 0.00450609861934219 7.5990121498474e-06 0.00564559738009525
0 0 8.7274428004945e-05 0.014090319530406 9.14395675822027e-05 0.0143733032547867
1 1 5.07704672338014e-06 0.000964509713257709 3.14109886045906e-06 0.000894699035356178
0 0 2.90808946777459e-05 0.00730850560158044 2.98406580409515e-05 0.00748812171771798
0 0 2.99100831461053e-05 0.0196139113649098 3.53190820752739e-05 0.01985594100707
0 0 1.92985285730834e-05 0.00381762788478852 2.79086318071774e-05 0.00395240490613332
1 1 2.15944896992776e-05 0.00775063523279462 2.03126979436015e-05 0.00768848310375137
1 1 1.1863193520058e-05 0.0031899584556921 8.45921248127563e-06 0.00298750523092535
1 1 2.39057027266643e-05 0.00272848690264939 1.82176727119502e-05 0.00249872763851996
1 1 8.13918706865389e-05 0.00422289999917993 5.52007072391678e-05 0.00400678708730847
0 0 0.000191249167809294 0.012144889862415 0.000210433836986625 0.0124656205626677
1 0 1.12124325863425e-05 0.00356420758278879 8.37578176523409e-06 0.00358833165079889
0 1 7.48256056340158e-05 0.00740465624852218 7.95953465050784e-05 0.00737198504154632
1 1 9.66665423043919e-06 0.00314957852763209 8.52248359859252e-06 0.00303507686438901
0 0 2.03819885773585e-05 0.00752980283012771 2.49267138686251e-05 0.00844978469989233
1 0 0.000124159965797105 0.00607174999164419 9.1293642228251e-05 0.00627182859595088
1 1 1.34856431758144e-05 0.00968872641584272 1.34333783939154e-05 0.00928248436014499
1 1 0.000168040003154499 0.00964777164849255 0.000152311976644076 0.00963770449287683
0 1 1.34604434858678e-05 0.0072183465583961 3.57730023241763e-05 0.00713856560188076
1 1 2.38516024385945e-05 0.00538292124701278 2.06534150400272e-05 0.00518653529195374
1 0 1.55206100597178e-05 0.00536662910536694 1.27103186442573e-05 0.00545866989040309
1 0 6.04268472273271e-05 0.017856992205318 5.13107436569326e-05 0.0181319752352647
1 0 4.41977083055772e-05 0.0052498226557489 2.372229280389e-05 0.00539555463237178
0 0 6.54137498419746e-06 0.00409450970910854 7.31606054883254e-06 0.00542060494207897
1 0 1.71421704289986e-05 0.00294628474811035 1.12826313331876e-05 0.00317896942266854
1 1 4.09370234709901e-05 0.00360996029951498 2.36035000601964e-05 0.00265048998930233
0 0 2.22837000803218e-05 0.00823799794397116 2.55548247077806e-05 0.00829267910724748
0 1 1.5458171911433e-05 0.00836814459452196 1.64987083576684e-05 0.00593985958133881
1 0 1.15579900362281e-05 0.00167928165635407 1.03872037811652e-05 0.00174713567268842
1 0 0.000136108828044764 0.00614362211794862 0.000111256106491726 0.00711458121394234
0 1 1.33616542822385e-06 0.00581811784718467 1.60880853190448e-06 0.00456413988441615
1 0 1.77026798568857e-06 0.00122845022348146 6.87436048045588e-07 0.00160275953420844
1 1 9.03494605801073e-06 0.00591012208446902 6.55190000500292e-06 0.0057511716012334
1 1 1.99808393290103e-05 0.00788921181782939 1.72821196804405e-05 0.00742851329556857
0 1 2.1054659238589e-05 0.00847735441854218 2.49939054366704e-05 0.0077251874154452
0 0 2.08944068339697e-05 0.00473232578213099 3.23567155703247e-05 0.00475562361130908
0 0 2.07278978067831e-05 0.0138032610350037 2.13647952068208e-05 0.0151102527222417
1 1 2.1396952219737e-05 0.00301607794233954 1.18119585776493e-05 0.00284526588085672
1 1 8.56709207780547e-05 0.0070896041368344 6.25712131357688e-05 0.00666282696656001
0 1 3.18909771135577e-05 0.00567459573558181 3.19133047012466e-05 0.00556524218780777
1 1 0.000264141245664315 0.0184894087481804 0.000260551496181209 0.0183414428905819
0 0 1.5390352991241e-05 0.00599993455723595 1.95919379291643e-05 0.00727130924168042
1 0 5.87401738958826e-05 0.00771717944906962 3.16067250659289e-05 0.00855119652575998
0 1 1.36723953566242e-05 0.00666736202559287 2.08814754929856e-05 0.00624111217517055
1 0 6.72335969958378e-05 0.00763471391274605 5.23725183688045e-05 0.00887102004268836
0 0 1.83373821475241e-06 0.0012949884528355 1.92829147920437e-06 0.00138267424365253
1 0 4.77646126710147e-05 0.00823120180207765 3.20176349281143e-05 0.00834890885675512
0 0 2.36155773623078e-05 0.0105557520980224 3.25396736757635e-05 0.0107291218215741
1 1 9.80652340309436e-07 0.00244675230673883 8.97516769558572e-07 0.00182152673861523
0 1 1.98373800444277e-05 0.00522161403170702 3.62327584088768e-05 0.00474677584352263
0 0 4.44179414524764e-06 0.000847203760466723 1.23772965264673e-05 0.00103317208942026
1 1 9.40582096263583e-05 0.0141923662029841 6.64160466990674e-05 0.0141569242151764
0 0 5.89964087353288e-05 0.00620662504646429 7.64777764068518e-05 0.00651139996161421
0 1 8.87667355636731e-05 0.0101988343132822 0.00013064641586381 0.00960851588809043
0 1 1.12807097391009e-05 0.00349860513666512 1.21666435152944e-05 0.00313315593419233
1 1 5.21474712173163e-05 0.0056617274832732 3.84957515703997e-05 0.00558579935979418
0 1 0.000178266067889061 0.0114592039687044 0.000182649824828672 0.0106680396292166
0 0 1.70200296008024e-05 0.0112589333072511 2.08863410332296e-05 0.0117048736911478
1 0 8.29529519204381e-06 0.00255335718332587 1.09192551976307e-06 0.00268338152727399
1 1 1.23508362458611e-05 0.0072796758133476 1.02906024052407e-05 0.00701872366380652
1 1 1.1543514922846e-05 0.00124770373064348 3.68403131899371e-06 0.00101142106419776
0 0 2.11968456409551e-05 0.00761300879907757 2.60608791014446e-05 0.00865555573952575
0 0 9.45073077433868e-06 0.00195913743126047 1.02854895366414e-05 0.00196387414410916
1 1 4.55578240983727e-05 0.0103598527456785 3.08274719823486e-05 0.0101140985507621
1 1 2.16634543639279e-05 0.00921342691519529 2.08325185151277e-05 0.00849457712678361
1 0 1.06142996112995e-05 0.00224952320551774 7.98539436160573e-06 0.00248946275247312
0 1 3.26214482140799e-05 0.00705062566620919 3.35103213764248e-05 0.00656759707232909
1 1 5.07471007897951e-05 0.00671913451761112 4.686164555297e-05 0.00638569764428377
0 0 1.16789143528381e-05 0.00995585029281068 1.25879757914868e-05 0.0104743281743114
0 1 1.49123236786353e-05 0.00543024635765089 1.73205284744049e-05 0.00498586603857277
0 0 0.000107705240512651 0.00767710215909761 0.000120868792110589 0.00801573194093412
0 1 2.51816862615811e-06 0.0023964894900667 4.82642965975586e-06 0.0022860493428056
0 0 1.25382973576121e-05 0.00491193268284876 1.43714181787029e-05 0.00619091610458473
0 1 4.93604598299328e-05 0.0100347746366251 6.68271984538319e-05 0.00972211397956559
0 0 4.43413546197163e-06 0.00526779854595172 7.33075995423638e-06 0.00569784393544747
1 1 1.91980504651052e-06 0.0024460722879632 6.00282195917417e-07 0.00233835796835572
1 1 1.40298828746667e-05 0.00751073909315247 1.10704252420728e-05 0.00745617558819316
1 0 0.000194218086665391 0.00682151366176761 0.000161887037312131 0.00772464716046571
0 0 3.31157078793366e-05 0.0101195956185737 3.36573788883083e-05 0.0104809992271872
0 1 2.1492959766523e-05 0.00794222432451242 2.73732074481267e-05 0.00790906318941573
0 1 2.51986504456012e-05 0.00595408283104151 2.78268972790223e-05 0.0053341683254038
0 0 0.000101937768930526 0.00743199913573061 0.000105922223841701 0.00748769170953317
0 1 2.42221702947429e-05 0.00961905269869479 2.99977584009704e-05 0.00895194315800151
0 0 9.59491602786834e-05 0.00774628939970588 0.000102935368911655 0.00803793078534687
1 1 0.000646366596224423 0.0186943635663505 0.000569304124997823 0.0175313022204519
1 1 9.21617938500142e-06 0.00960563029827395 8.29440147267009e-06 0.00760699693830546
1 1 2.56159366409016e-05 0.00361160734891641 2.30083603380959e-05 0.00343640378340686
0 0 1.93049775057537e-05 0.00396750700866853 2.57115160810166e-05 0.00409725614566325
1 0 5.72241860767961e-05 0.00939284672591028 3.93589963348378e-05 0.00965571842593939
1 0 8.37320494814203e-06 0.00329633394487629 7.59389365187433e-06 0.00338786468398655
0 0 1.9146740450868e-05 0.0082642591394419 4.13821366639581e-05 0.00842508739836291
0 1 0.000167136679379156 0.011538144302647 0.000188630662275909 0.0113899072998893
1 0 6.59006442558595e-05 0.0204379681864757 6.2217036853909e-05 0.0209494277207486
1 0 9.72214944456115e-05 0.0134126222355315 8.28763669089915e-05 0.0136607579983722
0 0 1.36501379540527e-05 0.00507609200782331 1.376477666627e-05 0.00582171827670921
0 1 4.03136742077117e-05 0.0105806738115211 4.3765121028495e-05 0.00888620126122623
1 1 4.3416970475544e-05 0.00380006755787795 3.28654550755784e-05 0.00356154920965906
0 0 1.73374649130004e-06 0.00168715566145848 2.97062764237957e-06 0.00179515588831192
1 1 0.00013960443433874 0.012765014658429 0.000122922008045141 0.0122924294063601
0 1 0.000174875312612117 0.0171411007205834 0.000175146983439247 0.0164248507150491
1 1 0.00015532256795501 0.0119909096182923 0.000143715155065204 0.0113262104604309
1 0 0.000101509194987272 0.0076025112126741 7.31963749792061e-05 0.00878119765517445
1 0 4.95462197311291e-05 0.00580433464879023 4.04902690705465e-05 0.00745127527953302
1 0 3.53688845311865e-05 0.00399306779648359 2.71612007093315e-05 0.00440840488026244
0 1 2.8354054770851e-05 0.00301336284168549 3.86406940068732e-05 0.00294367989973976
0 1 7.15632559381989e-05 0.015189945687523 7.7452349989963e-05 0.0129946953901724
1 0 3.61161030873795e-05 0.00496861266044403 3.14093002711887e-05 0.00501605957520745
0 0 3.51504715894705e-05 0.00556201023175968 3.58625645858269e-05 0.0058778034096363
0 0 3.52536245258364e-06 0.0111812308238975 8.25662811195901e-06 0.0118107549574871
1 1 2.36625849357709e-05 0.00298669604635499 2.33582025477358e-05 0.00277409152257314
0 1 1.4865162221413e-05 0.00266135878271826 1.83518747977978e-05 0.00244631652230369
0 1 2.11397277636425e-06 0.00196185414214142 4.20768144461995e-06 0.00194368065344109
1 1 3.20505065748379e-05 0.01627802493571 2.9298776808796e-05 0.0151704464220079
0 0 1.79383920905513e-05 0.00471960947332471 2.64565471414518e-05 0.00472489358308545
1 0 1.90979412474302e-05 0.00983388437798725 1.44092051505696e-05 0.0104422646624693
0 0 7.99815158490499e-06 0.0026594304492412 1.68313200653002e-05 0.00308227147252413
1 0 2.20507937475218e-05 0.00392958347904297 2.04972021038165e-05 0.00430636125676267
1 0 1.319893908416e-05 0.00358269415675326 1.10252375768027e-05 0.00449401113134804
1 1 0.000192384499862643 0.0128288157556317 0.000175907235533388 0.0114640276064632
0 0 1.61485019072206e-05 0.00238737331812682 1.63248015056124e-05 0.00269525229707297
1 1 6.4557505009401e-06 0.00133152946888095 6.42580408300637e-06 0.00111812365890139
1 1 3.33776899480851e-05 0.00946613900158694 2.50614208748046e-05 0.00785996809195859
1 1 1.00658233445537e-05 0.00435474442928554 7.59585413040417e-06 0.00402011918992899
1 1 1.01045392748412e-05 0.00372152373788298 9.45380770883016e-06 0.00353140617320426
1 1 6.69201522764279e-05 0.00437141197096707 5.85454457870432e-05 0.00433508769850646
0 0 2.14831054591327e-05 0.0055058610791094 2.23671282943512e-05 0.00635767815469851
1 1 2.67117788292755e-05 0.006335471934997 1.92446025755266e-05 0.00629545707220912
0 1 3.42542461962715e-05 0.0142320902013939 3.92511964778407e-05 0.0139458481614232
1 0 2.05384869276183e-05 0.00715800035396702 1.85992957805073e-05 0.00728946699166567
1 0 1.215203790324e-06 0.000257550424196015 1.15469434785932e-06 0.000291983226390789
0 0 9.02802403976578e-05 0.0090058616278149 0.000105160250557941 0.00962168917357207
0 1 7.09536449592918e-06 0.00252146459466201 7.21456483274691e-06 0.00221633371002278
1 1 4.30504129726102e-06 0.00495379672508546 3.97798536773311e-06 0.00460004389208319
1 1 4.69728350542586e-06 0.0014608685161559 5.68782776003674e-07 0.00119665481221593
1 0 6.83721767992549e-06 0.00702515653553174 5.66389426410122e-06 0.00729231595159806
1 1 7.65554681374481e-05 0.0133682984533117 6.93497120887683e-05 0.0114312039999442
0 1 8.08666686369439e-07 0.000695359564047463 9.39144532590179e-07 0.000643852301035321
1 1 0.00018707976613556 0.0101827635046891 0.00017977035010684 0.0100475789762501
1 0 8.83439680921237e-06 0.00264397366249088 5.62301060845923e-06 0.00324817009722376
0 1 8.10148286453948e-06 0.00366608989465462 1.13130652715909e-05 0.00344302252738892
1 0 8.01714338164226e-05 0.00959887485240642 7.87574635604255e-05 0.00990374031633018
0 1 0.00012154397625426 0.00849980884015521 0.000127948553556885 0.00808418981574566
1 0 9.38279278866068e-05 0.0119054393399955 7.36783679483774e-05 0.0128180688432089
1 1 9.7273389823609e-06 0.00701311483380587 4.36501613487571e-06 0.00659566995623105
0 0 6.06635568069949e-06 0.00535381237810929 6.51639558815968e-06 0.00570816292965738
0 1 2.31744831835771e-05 0.0174040793148357 2.80212859802687e-05 0.015501519417263
1 0 4.69794268004535e-06 0.00396826443428172 4.33970664715589e-06 0.00413378466368697
0 0 3.97705853680562e-06 0.00219631566021743 1.66467264414886e-05 0.00256447338860112
1 1 4.53515237897808e-05 0.0102326809342271 3.80984299205904e-05 0.0100169234495818
1 1 2.47981459524806e-05 0.00526591042859088 1.69844649624337e-05 0.0047243898061878
1 0 1.13695986699398e-06 0.000498002677611547 8.3025790554168e-07 0.000511465813531457
0 0 7.98808781214718e-05 0.0109153491843871 0.000104736923664983 0.0133118628391427
1 0 2.44206253888254e-05 0.00176805499157246 1.00809485081542e-05 0.00178879155399069
1 1 2.1095279951137e-05 0.00169416492301287 1.92088071581762e-05 0.00144723371633867
0 0 4.55336078325505e-06 0.00113635404109729 5.35898896950611e-06 0.00118465095321704
0 0 3.66537268835961e-06 0.00230181872460041 7.89525706420313e-06 0.00260672607337013
1 0 2.34249243752944e-05 0.0026197117131908 1.54384527940714e-05 0.00301281900396896
0 0 2.59867585161209e-05 0.00250903150691337 2.92410088814889e-05 0.00250965162948849
1 0 1.52929462325885e-05 0.0016601400822073 1.29322644667552e-05 0.00197667900230149
1 0 5.113272117166e-05 0.00553960091724665 5.02870673202076e-05 0.00661477062965418
1 1 6.25375902302175e-06 0.00825661646684963 3.79028265770582e-06 0.00721912577524782
1 0 7.43635371297007e-05 0.00882127363228875 6.72717249690974e-05 0.00936875275567067
0 0 3.29280921615982e-05 0.00938085829308308 3.30039281882233e-05 0.00989586215865455
1 0 1.77262363089024e-05 0.00512451478706016 1.61629166724489e-05 0.00529241575535315
1 0 4.26630905664048e-05 0.00843637370897885 3.39999868145733e-05 0.00887885245018017
1 0 1.52806192357686e-05 0.00257021923131998 1.51128913566601e-05 0.00268472546460953
0 0 1.2752940359483e-05 0.00396775351146004 1.32112224313524e-05 0.00467519309328164
1 1 2.02596164704672e-06 0.00303148539767727 3.13598104233819e-07 0.00285145418324325
0 0 4.3311800523461e-06 0.00136798885212943 8.35609116493534e-06 0.00161007013082117
0 0 8.24702909314902e-06 0.00573810841313042 1.09339331169798e-05 0.00578008751798133
1 1 6.47793353792806e-05 0.00997060668099549 4.66557194009343e-05 0.00915848342012422
0 1 2.7216116682289e-06 0.00473910904305151 5.50460836881624e-06 0.00401779913610856
1 0 2.70670553703051e-05 0.00832306683936946 2.50018892049515e-05 0.00849866460017468
0 1 3.70820582084043e-05 0.0100812119382154 3.8854421298598e-05 0.00927770636271073
0 0 7.19784295517178e-05 0.00960526152755138 7.63674156458054e-05 0.0100022932359607
1 1 7.25290889715807e-06 0.00337213485695839 6.29279524894437e-06 0.00328820639894053
0 1 4.64876792107654e-05 0.00478728949500146 4.94119176778097e-05 0.00440579119156628
0 0 3.48326216588025e-05 0.00554166522701799 5.31731718076205e-05 0.0056052157957097
1 1 6.70652557341559e-05 0.00739625824841066 5.40987585375296e-05 0.00727413497768163
0 0 1.58518736414049e-05 0.00255604601427087 1.78871448522275e-05 0.00275810083072485
0 0 1.3942292229193e-05 0.00554811207055836 1.47840789101123e-05 0.00558766797706817
0 1 5.49704578219928e-06 0.0042524887876106 5.62063455942135e-06 0.00414195410707442
0 0 1.3150148898211e-05 0.0057887367918296 1.73620890336001e-05 0.0062451794251796
1 1 8.74204747922009e-06 0.00103453972126874 5.94269768877811e-06 0.000906331046686548
0 0 8.349783377306e-06 0.00335033486490231 9.90379322520462e-06 0.00426607841142336
0 0 1.47956970449261e-05 0.00547528338665471 2.84780905743379e-05 0.00609763896287282
1 1 3.25892965742798e-05 0.0137320729921343 1.08315621210938e-05 0.012208007312493
0 0 7.83952394043013e-06 0.00392109706715844 8.43140480106421e-06 0.0042563592485733
1 0 3.37633628855623e-05 0.00916212783198598 2.40210041048881e-05 0.0102674490699693
0 1 4.9093377058504e-05 0.00906687326773421 5.24912835933478e-05 0.00797721637424571
1 0 3.57640094281341e-05 0.00891033089532932 3.42760788560445e-05 0.00917449625475247
1 1 2.49446782014256e-05 0.00213034648632186 2.34307859498204e-05 0.00195598641953143
0 0 8.03248246706733e-06 0.0048276270138037 9.07888791925885e-06 0.00581223071858759
0 1 0.000173706059507636 0.011333457598723 0.000227525965449958 0.0101056298598517
1 1 9.74565071825204e-06 0.00431529835341674 8.1770484175059e-06 0.00416938491853988
1 0 1.76993181904798e-05 0.00618331555355357 1.20699857916449e-05 0.00680587489779729
1 1 4.25600803322629e-05 0.00579985201476497 2.73355150218033e-05 0.00573163479682499
1 1 2.0764724129487e-05 0.00512249607548919 1.42768458452858e-05 0.00494664048772889
0 1 1.23611430906048e-05 0.00358578292233405 1.26524471825982e-05 0.0034592297514617
0 0 1.17530252644635e-05 0.00833331514789707 1.9501411692169e-05 0.00835967936099582
0 1 5.58657834370951e-05 0.00575356353845741 6.97519751136007e-05 0.00545541874963822
0 1 1.31775625402769e-05 0.00598138076939104 1.86311582118086e-05 0.0051548431262449
0 1 6.33225412983442e-05 0.00725848519238417 8.46860528584582e-05 0.00623900816051961
1 1 1.1554696744226e-05 0.00657862969360091 1.05355063140109e-05 0.00526750200427597
0 1 1.61691343941972e-05 0.00361655037263937 1.80271877388126e-05 0.00350237821243924
1 1 1.05807792611368e-05 0.00290402887848641 7.80740690361985e-06 0.00281012498825925
0 0 2.33311100588504e-05 0.00470800430684945 2.39109266567448e-05 0.00587870360898999
1 0 1.34977663623668e-05 0.00229121959427945 5.21145001691474e-06 0.00243764229390826
1 0 3.3249784179223e-05 0.00601651300854665 2.8699665646881e-05 0.00616292291128207
1 1 5.13616026095731e-06 0.00107569259371322 1.62506913234016e-06 0.00103670039849199
1 1 2.89753272868832e-05 0.00806118397571578 2.62347930931693e-05 0.00736551698962411
0 0 1.01618675840474e-05 0.00559180632775496 2.17674729739617e-05 0.00609707826586589
0 0 8.78557065369211e-06 0.00150240805460799 1.59612064153e-05 0.00181198596887153
1 0 1.38361475396433e-05 0.00162443527501222 1.21911908961693e-05 0.00168815356727305
1 1 2.13542241942661e-05 0.00325043580697849 1.08261731469741e-05 0.00292612329761725
0 0 3.99243089261233e-05 0.00423784919755577 4.72164138679445e-05 0.00431777498349206
1 1 0.000167432567453053 0.0122315649550954 0.000141939222986211 0.011676647911502
0 1 3.72579272990232e-05 0.00905661465271566 4.87567680471672e-05 0.00884324949569254
0 0 0.000116560142917308 0.0111998462594708 0.000122237434690351 0.0118965601790146
1 1 9.48475565213289e-06 0.00320246548589408 9.08629858585997e-06 0.00304948171771666
1 1 2.07029246691378e-06 0.00135352176611215 5.18794650176023e-07 0.00134221341676711
1 1 8.49406791432696e-06 0.00486804894147255 6.64028018837588e-06 0.00464521918155736
0 1 1.54896846045318e-05 0.00287996458588554 1.66640110153739e-05 0.00257176689161904
1 0 3.51343127953456e-05 0.00363025734729725 2.62001910682963e-05 0.00367286806621151
0 1 2.74214244960487e-05 0.00487118555743235 2.78030475311521e-05 0.00285506385357919
0 0 1.95997109385231e-05 0.00465952734967629 3.38189548127171e-05 0.00579300773491249
1 0 5.61851154264703e-05 0.00407431047356035 4.60213178714393e-05 0.00410425303565193
0 0 5.40159759420007e-06 0.00218635489405441 6.68921527649313e-06 0.00269168601324507
0 0 9.40282148818416e-06 0.00246149205241283 9.72222736604222e-06 0.00251478015694887
1 0 3.2908794654429e-05 0.0072647948320612 3.22483225642987e-05 0.00816679945446051
1 1 2.19806602119052e-05 0.00577475685268165 5.95898129818709e-06 0.00574629282181279
1 0 4.51031524655895e-06 0.00204419441932694 4.14971211559511e-06 0.00215056407693068
0 1 2.66668072381092e-05 0.00952148983585154 3.33075983809473e-05 0.00765185149481988
1 0 1.76681214767607e-06 0.00133803947401178 8.72030593617304e-07 0.00194929267857469
0 1 7.3818915048935e-05 0.0067691604014204 7.71285007511496e-05 0.00675764699598793
0 1 0.00010980416470284 0.0108208292281954 0.000120357874469601 0.0102920602934596
1 1 0.000119366405970729 0.00850141601529894 9.59295952838188e-05 0.00749399236907609
1 0 1.6663328290032e-05 0.0100887937484619 1.62519572566481e-05 0.0119220768821476
1 0 7.53370462327751e-06 0.00276983285292316 4.83393945399949e-06 0.00306900875328983
0 1 2.64573187393501e-05 0.00468201741252605 2.91774354061301e-05 0.00399375996564802
0 0 4.61989203078859e-05 0.0119102663805781 4.65782504356994e-05 0.0126340525918163
0 0 3.28032645244586e-05 0.0148355525594774 4.26532234917924e-05 0.0160123322349744
1 0 6.17341228847778e-05 0.00773622783730004 4.72311187952202e-05 0.00984258946553967
1 1 3.8922560849354e-05 0.0078940988621623 3.78046792216546e-05 0.00718553759496578
0 1 2.82754809756018e-05 0.0136572929235434 3.93638627599988e-05 0.0121674339092308
1 0 0.000101675050980983 0.0059825969820896 9.11447995062296e-05 0.00715032872379597
