linear.pvalue quadratic.pvalue linear.boost.stat quadratic.boost.stat linear.true.stat quadratic.true.stat
0 1 1.58342616751544e-05 0.0109973060778406 2.58893695120596e-05 0.00922325412488519
1 1 1.65706479158638e-05 0.00343712622150918 8.02417226534711e-06 0.0026834853392848
1 1 1.02104898766907e-06 0.000526120865051531 3.21410962723511e-07 0.000460996426786795
1 1 8.77102241338728e-07 0.000962459967088323 5.5642859153772e-07 0.000805766473153277
1 1 8.67511310430778e-06 0.00130854938909512 7.02708678191223e-06 0.00129977934621145
0 0 7.74583848913e-06 0.00174768378577829 8.3803872853687e-06 0.00178473674801494
0 0 9.2157737466306e-05 0.00856337625482334 0.000111934436137291 0.010008497825473
0 0 4.55918805768864e-05 0.00851456675888092 6.3444109082682e-05 0.00854340240388844
1 0 2.85641884607475e-05 0.0085489818196343 2.49484002104119e-05 0.00907178537984811
0 1 9.80484623024337e-06 0.00237939178438605 9.84737358962014e-06 0.0022864728950545
0 0 8.91170227495498e-06 0.00542210340755402 9.3793746296252e-06 0.00542800546430649
1 0 2.14221238986621e-05 0.00703578138988716 1.61569149881659e-05 0.00722853839204862
1 0 2.51767507420965e-05 0.00192204068856093 1.85478305566964e-05 0.00244088666529397
0 1 1.52267012883793e-05 0.00507822050674249 1.9700611969343e-05 0.00466544503604472
0 0 5.04891196392641e-05 0.00615533856618987 5.48714271881703e-05 0.00716758859679851
0 0 1.58607933113797e-05 0.0061677781820825 1.9319850438189e-05 0.00634424368045971
1 1 1.74433356518504e-05 0.00405041989448189 1.04807692501212e-05 0.00395757086349329
1 0 7.47927724653319e-06 0.00110492514091652 5.54569941369386e-06 0.00120631824139743
1 1 8.19127802036965e-07 0.000602546275379406 4.39335133637951e-07 0.000461161076274343
1 1 4.19167852113175e-05 0.0111554942088388 2.93850358957422e-05 0.0096440414805433
1 1 5.39309490997719e-05 0.00573909721276568 3.67010610620137e-05 0.0056672135990314
1 1 6.04064155638587e-05 0.00456895170529526 5.55297149922576e-05 0.00391801097797702
1 1 5.98929987788631e-06 0.00120084188976624 4.89569274890088e-06 0.000979310864404043
0 1 1.2242283815566e-05 0.00320434648128402 1.67859078071466e-05 0.00258457348146477
1 0 2.66721114321075e-05 0.00567331825761603 2.12701637246226e-05 0.00734885403757322
0 0 2.64359022846385e-06 0.000754101813227023 4.00170406189148e-06 0.000873121537535342
1 0 0.000199543287505726 0.0159988494160061 0.000158018462998861 0.0163675168332694
1 1 3.63818038996133e-05 0.00449424833185585 3.28506662501436e-05 0.0041069032053986
0 1 1.14387763653742e-05 0.00159260114186435 1.27754355936416e-05 0.00152555971389598
1 0 5.98840220292598e-05 0.00235768519342365 5.21428548594674e-05 0.00253562167743603
0 1 1.23144836396821e-05 0.00346089915622263 1.61264799276126e-05 0.00311935767820181
1 1 3.7841451241023e-05 0.00340014340218371 3.54943485660626e-05 0.00319276312720585
1 0 3.83511596783419e-06 0.00108528669346231 2.53031800317833e-06 0.00149993496146325
1 0 6.45837774699285e-06 0.000406951910776672 5.05440852970038e-06 0.000418149786396826
0 1 1.84647003056413e-05 0.00173652327833415 1.84666607722621e-05 0.00167407144094085
0 0 1.04631810799872e-06 0.00165427296354567 1.45962452468349e-06 0.00174628002947751
0 0 1.17172139082035e-06 0.000480620368385292 2.28014217114047e-06 0.000515452460595147
0 0 6.51657576027146e-06 0.000836441791821229 9.01712156341207e-06 0.000923531073963169
1 1 7.83893800287808e-07 0.000304232892401178 5.20572362437069e-07 0.000281883929442599
1 1 8.72489619760626e-05 0.00610305053905463 7.39991591696701e-05 0.00593030223980207
0 1 3.56925427391889e-06 0.001596909013518 6.619222692686e-06 0.00134110808609362
0 0 4.07121183567305e-05 0.00817592535410882 4.08401395607466e-05 0.00924937255273179
1 1 8.3876846304752e-07 0.00044187379097119 5.22002185634059e-07 0.000292022484609299
1 1 1.74242045672614e-05 0.00340006897816237 1.72785236095599e-05 0.00327550232798638
0 1 9.76645301093948e-06 0.0020880469180276 1.08958169632623e-05 0.00178818157517979
1 1 3.47673808663363e-05 0.00219371182752168 3.356795345495e-05 0.00217644934462028
0 1 1.62238512920077e-05 0.00317311906790798 1.72450749335839e-05 0.00254983033716531
1 0 5.22179218449033e-06 0.0014839226203894 4.45360977734828e-06 0.00216985208223242
0 0 3.72517588167008e-06 0.00238144004096183 5.19015767181994e-06 0.00290843064812512
1 1 4.40885113928015e-05 0.00589813034276363 3.75360470531313e-05 0.00568804571248671
1 0 5.97427303895467e-05 0.0045820449386075 5.41216104264777e-05 0.0049741134133082
1 1 2.03526601385879e-05 0.00509387966152449 1.93597735740126e-05 0.00479394416534675
1 1 3.62799161028962e-05 0.0108557711046207 2.63275291129888e-05 0.00859860040860352
1 0 0.000107525325764987 0.00759879377319702 9.80998330015142e-05 0.00893097403311404
1 1 2.93446402228331e-05 0.00621047327740633 1.95325452561493e-05 0.00516276522866533
0 0 6.14021857817372e-05 0.00312653236286651 6.26700663207189e-05 0.0038482904121066
1 1 1.25210660627863e-05 0.00123800621294138 1.0020003567674e-05 0.0011820283548777
0 1 3.75073829781263e-06 0.000719448444420177 3.82405507963963e-06 0.000655985432285657
0 1 8.59019948303682e-06 0.00170737306929215 1.08696662189188e-05 0.00130845854891351
0 1 9.68751338903048e-07 0.000200136906459016 1.03809883866201e-06 0.000184945426240149
1 0 1.76664241358832e-05 0.0036593434468247 1.47320682225571e-05 0.00372951747986748
1 1 3.2853254531097e-05 0.00839550254224492 2.78063730187637e-05 0.0078445471056842
1 0 3.45322107059386e-05 0.00312577034014472 3.28784067528852e-05 0.00338935984100079
1 1 5.8316523891683e-06 0.000614969651938117 2.58652553864589e-06 0.000484714382535893
0 0 1.13499674983708e-05 0.00145132023760533 1.48005281414415e-05 0.00171541477085216
1 0 5.03920870401998e-05 0.00403038002308239 4.746995869883e-05 0.00460476948893911
0 1 2.59938611608066e-05 0.00678665214271787 3.14682123202806e-05 0.00625860450483798
0 0 4.55446482988227e-05 0.0115357112383082 5.06705126329863e-05 0.0120651231268274
1 0 5.2324758617671e-05 0.00464197687507863 4.57119072292205e-05 0.00468919429925614
1 0 7.29810144989767e-07 0.000749491751019748 6.17190662055656e-07 0.000883083140621434
0 0 0.00011228078101918 0.00782873234771517 0.000131638904120135 0.00834674295580989
0 1 1.27004783089855e-05 0.00413802836238462 1.49135323303252e-05 0.00351435186343809
1 0 3.44439050254062e-05 0.00346421217317633 3.14765457426395e-05 0.00408724854508081
1 0 6.85022353295228e-05 0.00281390135955353 5.2398182217317e-05 0.00321602131988296
0 1 0.000121646113949531 0.00742143263407922 0.000155883022383076 0.00722581863539292
1 1 3.57192839512804e-06 0.000893235287114445 1.62972643803641e-06 0.000759523736457106
0 0 1.5312288721955e-06 0.00134864277403258 2.42727300161161e-06 0.00148675269528532
1 0 2.21808108258784e-05 0.0085899066250701 1.61311580725896e-05 0.0091224590645077
1 0 1.61640829730188e-05 0.0103743449082283 1.11899054376754e-05 0.0104638958810792
0 0 8.11218382053979e-06 0.00177046691445924 1.15704662661247e-05 0.0018461096279331
0 0 7.19934086459336e-05 0.0118685884335442 8.27844336608328e-05 0.013243743302703
1 1 5.71985931491776e-06 0.0011485693163842 3.60692920266056e-06 0.00110691306756181
0 0 1.5444382512475e-05 0.0039678653006843 1.5774332060121e-05 0.00398893118835753
0 0 3.45237779319547e-06 0.00091174737205474 4.26091538842412e-06 0.00102551867928952
0 0 2.75816070785234e-06 0.00154637292827481 3.73122059111707e-06 0.00166848580043025
0 0 3.73002224400535e-05 0.00294330232404205 4.18140021526961e-05 0.00330686850738207
1 0 8.22721373028292e-06 0.00240585586713611 7.45369611821136e-06 0.00278936654678925
1 0 3.70900870739019e-06 0.000665939781529765 1.53073868734527e-06 0.000699146360146803
1 1 9.33044825015549e-06 0.000985020486970092 6.45006928162519e-06 0.000925323533819952
1 1 1.91740409507404e-05 0.000765052100056824 9.4352414519509e-06 0.000642633690929754
0 0 2.97970635188791e-06 0.0018729304337558 4.64159294194394e-06 0.00189944360810684
1 1 4.71980012931235e-06 0.00203646265449387 4.30363716395758e-06 0.00176551348325023
0 1 8.05818898872413e-05 0.00522260719836279 8.36506012878637e-05 0.00460944483194079
0 0 1.47910369781851e-06 0.000881189920217214 2.27558924243643e-06 0.0010746747616845
0 1 0.000112381757984078 0.0161183055530176 0.000112493215115764 0.0137317792707686
0 0 3.94984866364206e-06 0.000669896821200623 5.31683930272223e-06 0.000760092640483311
1 0 2.58718932454577e-06 0.00300532925190315 2.14766095631612e-06 0.00329284501131806
1 1 4.01960952975883e-05 0.00437784272986934 3.94561589348863e-05 0.00345287387807303
1 1 1.15182025424856e-06 0.000984778085462642 5.79352037190336e-07 0.000840630237887177
1 0 0.000132994726843104 0.00412087490817986 0.000108924863298447 0.00470802115188851
1 0 8.22106431643958e-05 0.00277873074050912 5.09656860432678e-05 0.00373058735924731
1 1 2.27555253511263e-05 0.00407505003873888 2.10074684585537e-05 0.00273571997165486
0 1 9.99815064887524e-05 0.00734296588368885 0.000108683358542162 0.00676163924029674
1 0 3.46004568236878e-05 0.00976764942384508 2.22976320886316e-05 0.010377686018089
0 0 5.33511024488137e-06 0.00118103326228855 7.97480951283198e-06 0.00127475240880592
0 1 6.78863568564113e-07 0.00195380592279926 7.39004180918819e-07 0.00187132630628813
0 0 5.83290864597229e-05 0.008446353983236 6.55932785784334e-05 0.00923299179788029
1 0 0.000260442369308473 0.0108721630887263 0.000214436074623957 0.0118512163523669
1 1 1.46670180896684e-05 0.00146223863924748 1.0955941034507e-05 0.00144727022406833
1 0 7.90233399043735e-05 0.00585786623516432 7.12432231678415e-05 0.00684196812052576
1 1 3.46132957545834e-07 0.000797909808458297 2.67617601585003e-07 0.000753041183618887
0 0 3.39766727852938e-06 0.00184922064649224 4.7148451315536e-06 0.00212022198073202
0 0 0.000275191351249506 0.0130742512221191 0.000317492942500379 0.0131510658684996
0 1 1.22226268477008e-05 0.00221711438032503 1.83969380643656e-05 0.00193447724226223
1 0 1.90360587546088e-05 0.0115212449605003 1.85012627319582e-05 0.0116999798467623
1 0 5.80487656620047e-05 0.00595274325949883 5.50487968085247e-05 0.00610818074587389
1 1 1.78146546127711e-07 0.000461311302195104 7.64360033653629e-08 0.000420940147573861
1 1 1.87637482044923e-05 0.00191031077058249 1.47476282860868e-05 0.00152483747985759
1 0 6.12917202743667e-05 0.00474865803276527 5.7057895521879e-05 0.0047794906258268
0 0 3.22629860005766e-06 0.000347612606574144 3.73128012682485e-06 0.000347694629818695
0 0 7.19798940847782e-07 0.00042172219408003 1.17506293143141e-06 0.000539687661815566
1 1 1.2988207943921e-05 0.00247286867848378 9.19065602994806e-06 0.00213680813338587
1 1 3.44343345424328e-07 0.000382358028678751 1.00896497511895e-07 0.000266925544262754
0 1 0.000116556067862316 0.0121562955935413 0.000125176141619403 0.010702349292744
1 1 2.13653022826041e-06 0.000507381456418796 1.92324992956512e-06 0.000366276325440582
1 1 7.07469854909495e-06 0.000912035875547678 4.07689660467507e-06 0.000809051915705528
1 0 1.23825050514386e-05 0.000944976451458644 6.71516303802634e-06 0.000950814309073256
1 1 1.2429553515451e-05 0.00318386838618748 9.99432170986837e-06 0.00302970999562659
0 0 3.26007797602091e-06 0.00506160091746797 7.64338150362758e-06 0.00531258490399945
1 0 2.23922690106617e-05 0.00866699845776893 1.4636578665509e-05 0.00951270491065898
1 0 6.13278671224554e-05 0.0112289104386138 5.70320659948885e-05 0.0120270477050076
1 1 0.000157846071502644 0.00484855182878921 0.000157294215429863 0.00416589202317641
1 0 5.08374216968681e-06 0.000861849110091447 4.24455764695454e-06 0.000864050857990066
1 0 5.38009746607287e-05 0.00488204132827736 4.69482853086087e-05 0.0052114588305698
0 0 4.99384123629292e-06 0.00243463189327338 5.45575999137646e-06 0.00253081469999504
0 1 5.92149096104215e-05 0.0117749942138607 6.20417796071843e-05 0.0116533805631892
0 1 4.80560164925144e-05 0.00546655571808208 6.18465008946753e-05 0.00535005450186275
1 0 1.0063560137229e-05 0.00370106210162512 9.92046448598923e-06 0.00400724356528103
0 0 6.86078587546588e-05 0.00746884580709795 8.16481712204115e-05 0.00891576904388344
0 1 5.7111736390629e-05 0.00889898938380144 7.29895212084648e-05 0.00745116484564818
0 1 1.11729504168122e-05 0.00103910213340054 1.46499222276602e-05 0.00100431434527258
1 1 1.83079371474473e-05 0.00260401343098306 1.30022194540203e-05 0.00235785081881347
1 0 2.57237904056536e-06 0.00050017263806136 2.18638809454832e-06 0.000587984733448146
0 1 6.12649355216205e-06 0.002207651413486 9.10946622797158e-06 0.00178977139403727
1 0 3.41440386017483e-05 0.00226327357045415 3.09022728048548e-05 0.00251920388120442
1 0 6.21024182722382e-05 0.00319292134283381 5.41053911456694e-05 0.00381486373186503
1 1 8.18610166028643e-05 0.00779078627987269 7.94279228761011e-05 0.00713103055930248
0 0 9.59586390545483e-06 0.00109615871923248 1.05380204515668e-05 0.00120226895833926
0 0 4.10455975636407e-05 0.00601094135621292 4.17328175766367e-05 0.00605268142600295
0 1 6.9005030663697e-06 0.00112151981694643 1.38678069742697e-05 0.000990872895353957
0 0 1.02596524384435e-05 0.00491190067813329 1.38166012772055e-05 0.00501753573567324
1 0 2.14888248974302e-05 0.0013195871996082 1.88772316178543e-05 0.00134759235600054
0 0 6.03904759465612e-06 0.00119034588697049 6.54382645162074e-06 0.00128749288455815
1 1 9.22114318048948e-07 0.000863832102774148 8.49757359941242e-07 0.000718245574104679
0 1 4.20384450757445e-05 0.00580273485559123 4.34561794295286e-05 0.0055766726681687
1 1 7.21393441791501e-05 0.00374597549397903 3.20147110338718e-05 0.00326378203156298
1 1 3.31321840175211e-05 0.00294163244907227 3.21747681123429e-05 0.00275288419820389
0 1 3.39638747835352e-05 0.00705872197912948 3.6443413525949e-05 0.00676122679625769
1 0 2.20375306779233e-05 0.00321426635420684 1.43339384200366e-05 0.00377813213649221
1 1 1.13619353012603e-05 0.000972552113626433 1.00800896867387e-05 0.000853185640789211
1 1 8.29408917979395e-06 0.00270319734352467 5.27860898224523e-06 0.00220587484179543
1 1 1.19328692628022e-05 0.0129063726697465 9.57490835561697e-06 0.0125091112007634
0 1 1.73368069878777e-06 0.000702550433083841 2.93285977122894e-06 0.000547490545033771
1 1 3.16911851171876e-05 0.00280285798200728 1.93246692410933e-05 0.00278424481613647
1 0 1.81685695577132e-05 0.000476607401363826 7.4509758328305e-06 0.000724329823344023
1 0 3.05376500240989e-05 0.00325157391700919 1.8319702419991e-05 0.00328293352071124
0 0 6.44381412375956e-06 0.000570825632194825 8.22406473005068e-06 0.000636107494068186
1 1 1.994783600691e-05 0.00568162570886814 1.3372302880385e-05 0.00559011560537405
1 1 5.24010762623986e-06 0.00143724753118775 5.16471668300869e-06 0.00140234807818164
0 1 1.74731719014406e-05 0.00667854109789179 2.01208851201429e-05 0.00544497405666603
0 0 1.62940359661259e-05 0.00451117746360563 2.12687562732343e-05 0.00507192030889155
1 1 3.74743889108877e-05 0.00668174963874495 3.06896504392293e-05 0.00453940132307825
1 0 3.18215911637462e-05 0.00343290022757833 3.17445819594763e-05 0.00384901998075845
1 0 3.11876013745865e-05 0.00955585662829647 2.6070152088823e-05 0.00973880478090213
1 0 3.32298228530527e-05 0.00785346980404093 3.20476907565439e-05 0.00858750018902027
1 1 4.4287101902474e-05 0.00400389151894029 4.1273973211965e-05 0.00348514572037424
0 1 2.32641944978027e-06 0.00140706054125621 3.18995756955297e-06 0.00123748912590035
1 1 6.46958983136511e-05 0.0080690221031219 6.3264210905119e-05 0.00774949715455004
1 0 7.24936404589301e-06 0.00295879766152361 6.43834662629323e-06 0.0030657115293801
0 0 1.7884608247453e-05 0.00848748295803709 2.21026150924103e-05 0.00940917950171781
1 1 8.25739644057579e-06 0.00137811056805297 6.53465113038423e-06 0.00106422449346369
0 0 4.04594269950968e-06 0.000603862601118156 5.17851474700021e-06 0.000639954989041292
1 1 5.87137529683692e-06 0.000427251443476306 3.05349197580457e-06 0.000408506448921627
0 0 1.21801277650914e-06 0.000861569094341625 1.48149479423576e-06 0.00091295418971109
0 0 3.78072478917213e-05 0.00779466509484542 4.00899756052986e-05 0.00855428020350524
1 1 1.4575135819629e-05 0.00170517357194795 9.82568864515193e-06 0.00152154539839723
1 1 2.14349067827699e-06 0.0010154636738614 1.72469245899307e-06 0.000921418216410729
0 1 1.44943756518228e-05 0.00629817771758436 2.2441058543939e-05 0.00390668217671586
0 1 0.00016928507091399 0.0124330100256528 0.000179075726026915 0.0105801042603053
1 1 2.77471137415155e-05 0.00245384654989478 2.53836687039756e-05 0.00216491414719687
1 0 3.39993811872831e-06 0.000512355074629759 2.90136807995348e-06 0.00087525909965302
0 1 2.6513672314293e-05 0.00564587839068681 2.81101832708986e-05 0.00521420112172923
0 0 7.14960251150011e-06 0.000732112283998037 9.30879336892745e-06 0.000798658520089278
0 1 0.000108961127029599 0.010924832732217 0.000118697405926658 0.010693888328554
1 1 4.0805419805831e-06 0.00104976021086401 2.06382147455442e-06 0.000999516955958889
1 1 1.31233440876089e-05 0.0103762851108144 1.11370465256847e-05 0.0103426326565251
1 1 4.95761858322707e-05 0.0119414263653641 4.26686686562214e-05 0.0116199179112681
1 1 4.1328409968218e-06 0.0014102157363967 3.56876854408647e-06 0.000924342032442067
0 1 2.63689958328992e-05 0.00676821208686249 3.23776056564559e-05 0.00504018087653946
1 1 4.22518274533069e-05 0.002387736160865 2.7266124682095e-05 0.00213321243107943
1 1 6.03692016611581e-07 0.000410710653245485 6.0327747884748e-07 0.000366313260913926
0 1 4.47928542796951e-05 0.00922440437512252 5.87239401663859e-05 0.0088160874549901
0 1 4.23641383888793e-05 0.00818525801189952 5.77567018518236e-05 0.00785663352602548
0 1 3.68467969982581e-05 0.00916365238319184 4.14581946580679e-05 0.00900379579950196
1 1 5.04574301689806e-05 0.0127623247794187 4.77233232407438e-05 0.0112800868037349
0 0 4.82681565654191e-07 0.000532646652559467 5.66083314021211e-07 0.000643649480980407
0 0 3.18107780793425e-05 0.0110147177780831 3.42725573186439e-05 0.0111923799913702
0 0 1.81745643963854e-05 0.00619882219457342 2.1674367370932e-05 0.006815736382125
0 1 2.72677821560671e-05 0.0022633389893217 2.74584893331244e-05 0.00183818812607342
0 1 2.96716264858115e-06 0.000794951185542655 4.4798109388042e-06 0.000750271806271612
0 1 4.70368289151021e-05 0.00613053507625895 5.61375578891659e-05 0.00549111630497654
0 1 6.7474231608812e-05 0.00667591289333233 8.55468492345893e-05 0.00606941416876069
0 1 8.49858319506942e-05 0.00840978965204018 9.89046235248946e-05 0.00787545530465131
0 1 3.2285863581937e-05 0.00987536277583302 3.73221215680659e-05 0.00767865067782519
0 1 1.36814929729844e-05 0.001849724359582 1.62920041046609e-05 0.00140445272179484
1 1 2.27219888955588e-06 0.00035452295492965 1.13519301399935e-06 0.000321050154689341
1 0 0.000112802718636697 0.0103365348644663 9.85270116781019e-05 0.0118087287521502
1 1 1.71665824305242e-06 0.000369369609958017 1.03406649697544e-06 0.000311501687676469
1 1 7.01073590177478e-05 0.00934593757744678 6.88690179406373e-05 0.00930284509504305
1 1 2.0987018607587e-05 0.00728126468976685 1.79319510602272e-05 0.00594214049117128
0 1 3.08860081940796e-05 0.006438508527562 3.47425411221003e-05 0.0059558011892847
0 1 5.32446204324965e-06 0.00174348924881019 5.83605619731959e-06 0.00172198599062959
1 0 4.38671904593161e-05 0.00296913101792517 4.22117445752771e-05 0.0031564891002437
0 1 3.45633336781863e-05 0.0100537124392327 6.75294553703589e-05 0.00885049113555336
1 1 9.04956902596662e-05 0.0108374850064445 7.56238432411145e-05 0.0102772315303869
1 1 8.50629964024215e-06 0.00169078609005457 8.26359489693213e-06 0.00155881301995047
1 1 7.15270562810205e-05 0.0108549965909961 6.5326222859837e-05 0.0107232181833091
0 0 1.80948466808857e-05 0.00411578351881069 1.85907797141535e-05 0.00427937126402306
1 0 8.14503064439395e-05 0.00622137017893771 6.85977168021059e-05 0.00665193148892416
1 0 3.59952708010506e-05 0.00171524865882228 3.40155379142823e-05 0.00207576454173664
1 1 2.52879872102902e-05 0.00699289934550046 1.80156153587927e-05 0.0058202047056865
0 0 2.58465113666797e-06 0.000675750533242313 2.59364945527436e-06 0.000823335380409743
0 0 1.99710170709499e-06 0.0071325393800595 4.66479324904483e-06 0.00746360744205737
1 0 2.96998920726943e-05 0.0109607389957954 2.73587988486641e-05 0.0122100199848202
0 0 1.18478455983304e-05 0.00571936748047428 1.21487285659114e-05 0.00635375806253109
1 1 8.41722332629781e-05 0.00814300107814392 6.92224927055192e-05 0.00805647358816309
1 1 9.64717280727472e-06 0.00135444832108299 9.56507909283486e-06 0.00128128606243691
0 1 0.000113000987848576 0.011628770976019 0.00012137259751486 0.0113602335232026
1 1 2.37157658253859e-05 0.00298612749799036 2.22489943927327e-05 0.00257145408237642
1 1 2.84276480083282e-05 0.00235793516303554 2.38178159620879e-05 0.00218471262759073
0 1 2.80965966606232e-06 0.00113808582023658 5.1209271723775e-06 0.000946172221429768
1 1 2.97824989953498e-05 0.00315053659347806 2.34086328394543e-05 0.00286023335914666
0 1 1.56060120296024e-05 0.00206128699994664 2.33848619546288e-05 0.00156389662994776
0 1 2.33077171549688e-06 0.00123213237374345 2.85852206397221e-06 0.00123010368529338
1 0 9.04068578776024e-05 0.00989514603637677 8.33473366229338e-05 0.0106096101779662
0 1 3.54850198726994e-05 0.00690097159647945 3.68664549203645e-05 0.00587887693964028
1 1 9.28923280026286e-06 0.00129488100994041 6.52088206719863e-06 0.00127655057098696
1 1 3.86503671744214e-05 0.00690920466734582 3.62560227078479e-05 0.00639464230300188
0 0 1.78884869650684e-05 0.00530297578498167 1.97045693265538e-05 0.00560115468861754
1 1 7.67329319729599e-07 0.000769908855961075 3.70185223555236e-07 0.000591382626640072
0 0 6.40463961656914e-05 0.00595435632112218 9.85046181743184e-05 0.00620117197064447
1 1 5.1690746812136e-06 0.0008713115140962 4.98281013083659e-06 0.000754298952865281
1 0 5.13108712489905e-05 0.00586282527034773 5.06244820794834e-05 0.00641553798824741
1 1 4.33303769532052e-06 0.00178434912419766 2.30911240596193e-06 0.0016538409250865
1 0 9.3102009842906e-06 0.00272273722359674 7.20766955591769e-06 0.00330287382916871
1 0 6.8103427016014e-06 0.00211106786005997 5.85937442559015e-06 0.00272549069627309
1 1 4.09864025051749e-06 0.000511450236084163 2.62184736758613e-06 0.000344472954111694
0 1 2.97749094239283e-06 0.00306711604150056 1.24536062382495e-05 0.00198810242142889
0 0 8.72271118129793e-06 0.00222636556967578 9.19815229072543e-06 0.00263909727846102
1 1 7.24743651889153e-06 0.00626241406695453 2.76760251801028e-06 0.00570137358297814
0 0 2.68515494220366e-05 0.00214250156150094 3.03980386974642e-05 0.00216703261041255
1 0 8.29402646611847e-05 0.00467956772530424 6.49367616825301e-05 0.00486195884150454
1 1 3.50140448941246e-06 0.00076717262210668 3.17872806159867e-06 0.000581619329507622
0 1 2.3969774840133e-06 0.00238651251499274 2.62021282752594e-06 0.00237601865318708
0 0 1.15105366172797e-05 0.0019724151669185 1.34444534207217e-05 0.00206448868174981
0 0 2.76251435123597e-05 0.00354048602223144 3.06571875031702e-05 0.00466100773116874
1 0 3.3968254880312e-05 0.0108799230092514 2.79863981315758e-05 0.0109629769883516
1 0 4.15403271732531e-05 0.0130251169100022 3.99515999038656e-05 0.0130503447626436
1 1 4.47056329525514e-06 0.00170272684320794 2.31769099489371e-06 0.00130791468815346
0 1 2.70868135303685e-06 0.00183141944566087 4.17415456234914e-06 0.00172157819149568
1 1 4.29006304592663e-05 0.0038729629992769 4.04380504408446e-05 0.00329571582702997
0 0 1.40756345331488e-06 0.000303109045096559 1.52182220621643e-06 0.000376452425620903
0 1 2.41213816518662e-05 0.0131310848933912 2.99522560873948e-05 0.0116034162454684
1 0 1.15116151227978e-05 0.000968247803616433 8.31769874058705e-06 0.000990776616846202
0 0 2.002481782927e-05 0.00384956998532164 2.90888395916876e-05 0.00450180751623052
0 1 5.83799285491409e-05 0.00509538911602595 6.04620442292069e-05 0.00473030751936837
0 1 5.36658605733592e-07 0.000966896208679422 7.90232167765638e-07 0.000736231946179305
1 0 3.59979108629568e-06 0.000442892312952992 2.92380103042287e-06 0.00052843996573396
0 1 5.56684345223811e-05 0.00958227132348019 5.89660309815204e-05 0.00828961991039403
1 1 1.41562997104399e-05 0.000984691436272447 1.39633047199992e-05 0.000855838232369364
1 1 2.50893261373643e-06 0.000698959881298171 1.78700866816132e-06 0.000675293931805377
0 0 1.94169015089683e-05 0.00290949369264246 2.32365979080706e-05 0.00294154212151848
1 0 2.33553915212961e-05 0.003064217258985 1.99683085072534e-05 0.00327588635168809
0 0 2.29392529509635e-05 0.00642639357785849 2.62215464703493e-05 0.0065070810489485
1 1 2.44837548218998e-05 0.00699677388682526 1.66498455415712e-05 0.00553727880896067
0 1 6.47797791312906e-06 0.00492664224898429 6.97554914999721e-06 0.00461131798468114
0 1 8.99813918677835e-06 0.00203968924565103 1.03827989721967e-05 0.00183180579738636
0 0 1.3462976213346e-05 0.00138396217741093 1.86788525814126e-05 0.00160786040506454
1 1 2.17024582624781e-05 0.005773317364588 1.36917068207841e-05 0.00389814459206644
1 0 0.000151156945237763 0.00709490579772053 0.000137728109053144 0.00746602209735992
0 1 3.79459915145434e-05 0.0119908395618427 4.11546475447704e-05 0.0105292985440532
0 1 1.1220578779876e-05 0.00127847474722316 1.89524845041347e-05 0.00110344599415717
0 0 1.5839567359791e-05 0.00660188905541286 2.01066268206776e-05 0.00736651515463303
1 0 3.40586587566692e-06 0.000519425182104875 2.37379600446758e-06 0.000630398968582908
0 1 6.67820517749749e-06 0.00177029136735707 8.56198801935621e-06 0.001626021536926
0 1 8.78272845730694e-06 0.00248194725711355 9.47823910225711e-06 0.00193335585120744
0 0 3.08177624019761e-05 0.0040298201196329 3.3985755662444e-05 0.00568199176767781
0 0 3.02751844128157e-05 0.00174457187561235 4.09749424061846e-05 0.00283290256113222
1 0 3.35031154888347e-05 0.0058310773405943 3.34655506826124e-05 0.00662744193904096
1 1 5.83454465389295e-05 0.00527152893919007 4.94142806573865e-05 0.00473979666402661
0 0 1.73581365984978e-05 0.00562101537801884 2.12678548016899e-05 0.0057181992827463
1 0 3.60356753856997e-05 0.0047221803624082 3.13581601720715e-05 0.00503953353885106
0 1 3.87419134356765e-06 0.00214117053781302 4.42694337752615e-06 0.00214005234627758
0 0 3.1834837625183e-05 0.00532714146336223 3.6443197431427e-05 0.00747970152309768
0 0 2.70036995817618e-05 0.00217396703588024 3.4931501307226e-05 0.00263106211251618
0 1 6.99105319494402e-06 0.00065742279314226 8.30224088724345e-06 0.000649573157358691
0 0 2.07141415817405e-05 0.00148976872549107 2.23054063817306e-05 0.00152233275103787
0 1 6.69679135471552e-05 0.00899949977350778 8.07940560117759e-05 0.00746974583418639
1 1 2.26752226268897e-05 0.00309924392054403 1.64026232050633e-05 0.00304987482526655
0 1 3.30809787023046e-05 0.0128791242907805 3.6681415330213e-05 0.0116211332153369
1 1 5.45499149180918e-05 0.00560652620685291 5.26202047429535e-05 0.00560075860311217
1 1 6.61160501959323e-05 0.00764053747539868 4.41166596457303e-05 0.00710286499894092
1 0 1.65328576456145e-05 0.0012689444431046 8.8389482089788e-06 0.00135999122927075
0 0 3.6148339694521e-06 0.00165711213865328 4.65957947160334e-06 0.00181297817622366
1 0 1.15347960162079e-05 0.00175552926331634 8.99078388019296e-06 0.00278277965680661
1 1 9.26915318197587e-06 0.00178611841811597 5.74724411760528e-06 0.00149833737053847
1 1 2.93990362607493e-05 0.00156059932079138 1.60191144252856e-05 0.00145804387016296
1 1 5.59433835246956e-05 0.00321488231845941 4.30064956735362e-05 0.00306769891346423
0 1 3.97973755088478e-05 0.00577527261259963 4.39830978689984e-05 0.00538342895338298
0 0 7.74551078325807e-06 0.00123614620685419 1.00770735149093e-05 0.00145294571853818
1 0 2.17799623363726e-05 0.000908359786325443 1.71787465852448e-05 0.00129420387267837
1 0 7.22240339985814e-06 0.000738223825685815 3.94651776226574e-06 0.00080081176729593
0 0 4.82183990175748e-06 0.00085577972521021 5.78952217806089e-06 0.00108027672704819
1 0 6.67298814412173e-06 0.00080775483024669 6.0013329922806e-06 0.000938479169952943
1 0 9.72587289843977e-06 0.00102261734775184 7.3143550242736e-06 0.0014953823512929
1 1 0.000100872985423783 0.00465887817225416 8.444783707991e-05 0.00394491693427231
1 0 9.20770053499987e-06 0.000810686853912831 6.7050303794468e-06 0.000960464011666611
0 1 5.56408665473096e-06 0.00093910420602082 7.87423082496658e-06 0.000855894283692997
0 0 3.35074164138771e-07 0.000637532921295762 6.16721746985819e-07 0.000707553368642653
0 1 4.30875471431171e-05 0.0114381238351887 5.45328058803906e-05 0.00970917322290311
1 0 1.90589188968363e-06 0.000149515311117498 9.94286097238561e-07 0.000224517768365324
1 0 5.99723326877733e-06 0.00112290624448848 4.31343753621672e-06 0.00116835915545504
1 0 4.85231434484623e-06 0.000464375028234265 8.32874797025787e-07 0.000929199694384417
1 1 3.45264612499818e-05 0.00667031128401599 2.76308372818553e-05 0.00666899520678688
0 1 7.10479148761037e-05 0.013152250956079 7.26607431932049e-05 0.0101933222406347
1 1 3.61247638140674e-05 0.0044938578344471 3.08990456918534e-05 0.00367970602126408
1 0 6.05476510818896e-05 0.00362253605895568 3.64175267941523e-05 0.00367287751865086
1 0 4.68739098273307e-05 0.00253610625629448 4.53835278121562e-05 0.00285427689407214
0 0 5.96683048617384e-06 0.00247230962256288 9.11515514202451e-06 0.0025774128645637
0 1 5.25425310204102e-06 0.00135337433391965 6.11001106354165e-06 0.00130775127812003
0 0 7.52458992880349e-05 0.00605794805683468 8.323111063758e-05 0.00728345920574363
1 0 7.92612862754798e-07 0.000314716769531704 6.67751038392628e-07 0.000337202689179682
1 1 4.54028321937191e-05 0.010314678067322 4.38604502670401e-05 0.00983365133582978
0 0 4.54772138137462e-06 0.000472566147156615 4.62997695324248e-06 0.000572515327453391
1 1 3.35806951058688e-05 0.00646536651693978 3.17513853745881e-05 0.00546470458038921
1 1 0.000156400903064708 0.00968488656592199 0.000148296334632495 0.00906144193973416
0 1 3.10273699059805e-05 0.0115569622142755 3.56721867479999e-05 0.0106344586023871
1 1 1.60142183250607e-05 0.00342359048898136 1.55613104097496e-05 0.00279509782072374
0 0 1.66184427303152e-05 0.00298369347494812 2.17921815773396e-05 0.00332306901121095
1 1 7.66740568600949e-05 0.00370180002369161 7.44355448022045e-05 0.00326438722215845
1 0 3.23871893174826e-05 0.00291329348464532 2.52574917205165e-05 0.00311541548411216
1 1 3.40500272184921e-05 0.00329565510857965 2.21062286960739e-05 0.00308167030369913
1 1 4.68041641467368e-06 0.0042307672898646 4.34713864537306e-06 0.00408335021058188
0 0 5.31224138630624e-07 0.000549084626539541 6.70766240715633e-07 0.000621800785163502
1 0 9.98625188333275e-05 0.0106933211518477 8.13065934806427e-05 0.0113239506930025
1 1 2.69467088498098e-05 0.00213193288586385 1.97076555800867e-05 0.00190598533132456
1 1 7.83951661467616e-05 0.00892625147161971 7.32669565380277e-05 0.00786077613260679
1 0 5.37274031512229e-06 0.00029496898054676 2.22589626340039e-06 0.000412679995183293
0 1 1.94372186669913e-05 0.00358090782435628 2.18759073124533e-05 0.00312234445657276
0 1 1.8598574114299e-06 0.00144763433921603 2.2053812649022e-06 0.00133671418850881
1 1 3.4115568170419e-05 0.00617538886570779 2.95628676463491e-05 0.00555067627324699
1 1 5.46742341137467e-05 0.0104387375293952 5.06478090778664e-05 0.00980325834537719
1 1 2.6053368264219e-06 0.00202171335044503 2.10062090362978e-06 0.00195465847398467
0 0 2.72732987569941e-06 0.00130203295838662 3.96572108252418e-06 0.0014749633185886
1 0 0.000126469386093314 0.0116713111970271 8.93525690158203e-05 0.0127798478422779
0 1 1.9484947100236e-05 0.00205242829580552 2.06949199725308e-05 0.00178971275386376
1 0 1.29732638879216e-05 0.000717612457909335 1.09088051887499e-05 0.000971681802638866
0 0 1.18623106509118e-05 0.00135051295346213 1.23032121383207e-05 0.00146317739307421
0 0 1.06493799554282e-05 0.00229380813145452 1.27994085335801e-05 0.00260311433727551
1 1 5.18242976011664e-05 0.00557699188784266 4.79128524542621e-05 0.00518270974122841
0 0 7.71725866180252e-06 0.000617864467322673 1.00933424826092e-05 0.000758540315987525
0 1 1.04558411250745e-05 0.0102058641271407 1.16756888557394e-05 0.00996375834578056
0 1 1.39338124117983e-05 0.00291405569929315 1.82416016514185e-05 0.00277083979866214
0 0 4.29017944521652e-05 0.00224755245488417 4.43650144833775e-05 0.00244254838530589
0 1 5.28713067045239e-06 0.00131132255816144 8.44038962843886e-06 0.00121087017931932
0 0 3.59547101948343e-06 0.00131073022305386 4.34456517000851e-06 0.00134878031911735
0 0 1.83453152773407e-05 0.00160024275666084 2.14466090141624e-05 0.00225940664778988
1 1 0.000123892895253748 0.0101986076664299 0.000117869475446163 0.00798181240011542
1 0 1.64658971742076e-05 0.000434061332812049 9.27537736810536e-06 0.000824417622030188
1 0 0.000141124953294938 0.0091149865662206 0.000131439388760287 0.0102821554856303
0 1 3.79293668078453e-05 0.0101982530973163 7.54420387206096e-05 0.00895115902417872
1 0 1.33367218012423e-05 0.00181249186364618 1.1879802882761e-05 0.00270657846136021
1 1 1.0596011477507e-06 0.00291741026244975 6.6682959071775e-07 0.00202067252696923
1 1 6.95896003701892e-06 0.00343511178023672 3.97336960738403e-06 0.00241700430713671
0 0 3.6034253390469e-05 0.00616583656658419 3.88325171644529e-05 0.00617059786454718
1 0 0.000110471979002644 0.00578763343145562 9.58550212888549e-05 0.00676113321155599
1 1 1.16254404586651e-05 0.000764282359275003 5.74986059631753e-06 0.000485862320824564
1 0 1.38356010641565e-05 0.00292344182109554 1.28171249709768e-05 0.00323019317599843
0 1 7.14229016553693e-05 0.010864314361266 0.000115856669771577 0.00950548679312137
1 0 1.67577002553215e-05 0.00064748980828839 7.48858427486444e-06 0.000729814680889999
1 0 1.80022238700628e-06 0.000338387956081672 8.94853533308252e-07 0.000427490244208977
0 0 2.1529004083235e-06 0.000373482184453416 2.98705688357325e-06 0.000429557810743247
1 1 2.85891246543903e-05 0.00427514806287439 2.226468501457e-05 0.00333866221904896
1 0 7.43911415109532e-06 0.00151391033755402 5.78451029930472e-06 0.00188906098615805
1 0 1.88206098943946e-05 0.00244365748070273 1.84822892536524e-05 0.00246563972801274
0 0 1.86815858894861e-06 0.00107463641933335 2.3794075065258e-06 0.00112998090531201
1 1 2.88700074594588e-06 0.000604707783844027 2.73708294543787e-06 0.000513330963110847
1 1 8.25980251591104e-06 0.000747230051050612 6.86197094849851e-06 0.000612207705928154
0 1 0.000127301607406697 0.0133289217470919 0.000129046942059588 0.0131036355347241
0 1 0.000129376296461376 0.00888333412099059 0.000141746198229766 0.00768971927576441
1 0 7.67862027725069e-05 0.00563935077863147 6.20023704265773e-05 0.00581731431816649
1 1 6.79223411283043e-06 0.00103322223552581 3.28791331589082e-06 0.0010132541343295
0 0 6.88232941122652e-06 0.00557360119746679 9.81633052454036e-06 0.00609019814752769
1 1 8.90356300149514e-05 0.00438207913512376 8.31918614136884e-05 0.00423907280440721
0 1 1.51474682879527e-06 0.00108258022592013 2.24907241427526e-06 0.000948033134962108
0 0 5.83075402293828e-06 0.00107537707986104 7.55246871462083e-06 0.00112226544050749
0 1 6.66873060976122e-05 0.00810159946953024 6.83831669910977e-05 0.00792986305466995
0 0 5.24746002640539e-05 0.00752513260649216 6.29699411978781e-05 0.00778519703836957
0 0 8.07575387459997e-06 0.00171558653209851 8.32096160680456e-06 0.00213298943441905
0 0 1.80862283069108e-05 0.00121393281942305 1.81573915626613e-05 0.00192552006385752
1 1 0.000119469564122184 0.0107429643606305 0.000117898751864402 0.00927378502521051
0 1 2.20616140376213e-05 0.00470439477802791 2.3534961561324e-05 0.00456611348285907
1 0 3.07144531220002e-05 0.00400604776442843 1.9801238159278e-05 0.00420821731431824
0 0 7.45438846179852e-05 0.00497761640890607 0.000115926246655569 0.00539838454335054
0 0 3.20268005903897e-05 0.00305821415741928 3.89260061181982e-05 0.00328445871295776
1 1 9.31447773863367e-05 0.00903397553830986 6.61134654667637e-05 0.00879294951155698
0 1 2.64051565028868e-06 0.00270445060264017 2.76123757898038e-06 0.00265732535785074
0 0 1.9733254800036e-05 0.00250238082486232 3.54158892878519e-05 0.00272251665668439
0 1 6.57324260628469e-06 0.0126237315727833 9.68911824929699e-06 0.0106225236825167
0 0 2.15651834230745e-05 0.00207557136014796 2.96421209349534e-05 0.00215138926353166
0 0 7.29292535274304e-06 0.000909911384996418 9.09390611096434e-06 0.00115966848835384
0 0 1.78557330025498e-06 0.000321499015782838 2.23150216590183e-06 0.000442785095790425
1 1 1.25829785364818e-05 0.0103284326901035 1.10983794932264e-05 0.00965230688233366
0 1 3.28611374576063e-06 0.00100139834239691 4.02206752578206e-06 0.000986846444075342
1 0 4.14743641881755e-06 0.000810762498098823 2.04091449720989e-06 0.000814164990851442
1 0 3.0958698479953e-05 0.005498773974484 2.51170689306525e-05 0.00676165536953521
1 0 7.86413211753694e-06 0.000934181833854155 7.62010529841278e-06 0.000977812183405273
0 0 2.13804244398363e-06 0.000937049169860305 2.64102008229823e-06 0.000966954241234214
0 0 6.42822721129606e-06 0.00435078432471586 6.55866076882272e-06 0.0045053614934513
1 1 1.45170564352611e-05 0.00335676024299066 1.43196614624697e-05 0.00290335398332887
0 0 1.73833264220335e-06 0.00181229880678859 1.89659439555479e-06 0.00181831122062739
0 1 1.4422599518328e-06 0.000900734558330899 1.87797841504639e-06 0.000686193230778112
0 1 3.21172991243972e-06 0.00122263708436888 3.86715320902971e-06 0.00118939218836747
1 1 1.49723398703402e-05 0.00345128060306146 8.42016118356882e-06 0.00282556758474678
0 1 3.4793717668235e-06 0.00151674868827571 4.32590084046653e-06 0.00117438588991651
1 0 1.00526356833595e-05 0.0013879970690835 7.52464581149135e-06 0.00152634162962326
1 1 4.04079425591479e-06 0.000777062891541576 3.90046922745873e-06 0.000667145907474203
0 1 1.26533980403974e-05 0.00400761935330257 1.6224761048385e-05 0.00329305593601633
1 1 2.28643412426506e-05 0.00753018389448264 2.12495037686876e-05 0.0061012209400508
1 0 1.20511295373418e-07 0.000210010088335999 1.03184713605007e-07 0.00026395048367199
1 0 6.00808707203662e-05 0.00268589714946953 4.11881749148038e-05 0.00271107463916987
1 1 7.32942803499083e-06 0.000834546724724937 7.15337385681666e-06 0.000760561105175545
0 0 1.2243638438676e-05 0.00255289947642401 1.47420046980674e-05 0.00267633485757906
0 1 4.34126712399913e-06 0.00117421327687388 5.12555858316273e-06 0.00107300379119569
0 0 5.39031212241798e-05 0.00997960381565616 5.53076504814067e-05 0.0108275965841479
1 0 4.0283192024397e-06 0.00619733495092254 3.75286179351023e-06 0.0062349645406536
1 0 6.81213915361775e-05 0.00527346734923527 6.00948056876681e-05 0.00555973312581084
0 1 1.10568436807341e-05 0.00163320898534897 1.51574880751206e-05 0.00145880255622483
1 0 8.09389538451638e-07 0.000430135791043369 4.42117805995953e-07 0.000433478127650107
1 0 1.1696814583445e-05 0.00387069130489618 1.01443885092722e-05 0.00491914914365529
0 1 2.26403493210025e-06 0.00153220893347778 2.50298604062795e-06 0.00114439014019722
1 1 9.42733395120683e-06 0.000517467746214719 2.94328827153228e-06 0.000371333030744144
1 0 9.77382029542051e-06 0.00308950184537936 6.96904076228365e-06 0.00404137497788532
0 0 0.000226644830919396 0.0115774755700859 0.000234893237724681 0.011660639277567
1 1 3.74209588010142e-05 0.00967592147379343 2.82084423590699e-05 0.00937216175630623
1 0 5.93517295642479e-07 0.00123370057597951 4.91328262331388e-07 0.00150647770824639
1 1 7.23753462548918e-05 0.00932268028222542 4.93767566315091e-05 0.00858693691554265
1 1 1.59499529410859e-06 0.000298237407579268 1.10554092802805e-06 0.000273368506877683
1 1 1.6396428066941e-05 0.00957178696745722 1.6070644166891e-05 0.00914639863221592
0 1 7.22394147037454e-05 0.00299667870459807 8.71728899133322e-05 0.00256794757012963
1 1 2.42797665625002e-05 0.00454887223622576 2.07582810824818e-05 0.0044241907743349
0 1 3.08621737284312e-05 0.00280347065926836 3.76172067572063e-05 0.00271956864850621
1 1 2.13735019437188e-06 0.000681902774782759 2.13238601625353e-06 0.000557158225812412
1 1 6.8355706277721e-06 0.000319229320411002 4.72835137732761e-06 0.000232003915201956
0 1 2.47201034161091e-05 0.00438340781797122 2.95677619234764e-05 0.00360333951977666
1 0 2.8455099014627e-05 0.00390741234127539 2.5916266219766e-05 0.00473432402223652
0 0 3.23122956132511e-05 0.00502617698129995 3.35163046525594e-05 0.0050282402344807
1 1 9.8363390607168e-05 0.00681587907884398 8.49813192396203e-05 0.00680151739847517
1 0 5.56051520219704e-05 0.00579448413148225 5.37638952539371e-05 0.0064437489101762
1 1 4.12765504891314e-05 0.00409451344321171 4.06338901262643e-05 0.00396047194371921
1 0 4.67032766058722e-05 0.00405779539310227 3.18217036653137e-05 0.00432374670814257
0 1 3.07557565917392e-06 0.00064964411198151 4.02789594365815e-06 0.000581106818722708
1 0 1.87811678479496e-05 0.0024008718518154 1.44591625045075e-05 0.0024552421736895
0 1 7.16170350530809e-06 0.00117537830074759 8.72187448675572e-06 0.000953830025891644
0 0 5.92033908733009e-06 0.00112722644092219 6.55799450933431e-06 0.00113439968123689
0 0 3.31150894433548e-05 0.00528096000739077 4.3890118117454e-05 0.00592220137589507
0 0 1.83587406717325e-05 0.00427676981024366 2.1567783815452e-05 0.00447351834407133
0 0 8.54127137820223e-06 0.00703823589406554 1.22379803741723e-05 0.00768442921835623
1 0 1.55794013536535e-05 0.00149669211451063 1.03639567075827e-05 0.00191673151787853
0 1 5.89832755196076e-05 0.009344388330408 8.51225735213153e-05 0.00884957109397493
1 0 5.09853030268844e-06 0.00189209677470166 4.13207595147672e-06 0.00202721105933252
0 0 2.12108429556704e-05 0.00239300137800287 2.52227392789708e-05 0.00328418576339473
1 1 9.58161235037469e-06 0.0045929039695258 4.51732561695963e-06 0.00456520308285487
1 1 0.000122279091123355 0.0103253755919423 0.000119800786733103 0.0093725657856997
0 0 8.5105808681834e-06 0.00100990018438571 1.09920048783537e-05 0.00177822775084453
0 1 3.36556615165002e-06 0.00120683964444118 3.89369152028763e-06 0.00118377391547822
1 0 3.19262487289783e-05 0.00410843094235519 2.72581284511877e-05 0.00482184226291694
1 1 6.91548612499889e-05 0.0041948096299114 6.83411049697375e-05 0.00342953683884149
1 0 5.50892766246947e-05 0.00697869270024645 5.46085876272063e-05 0.00712019299512325
1 0 2.90048528414374e-06 0.00307924142506253 1.0748747717435e-06 0.00363147916791703
0 1 2.74548104259455e-06 0.00761467631903958 3.43015150193475e-06 0.00702657717584736
1 1 1.88290636855035e-05 0.00148609144650564 1.32449175304378e-05 0.00139862148410408
1 1 4.05801920535345e-05 0.0089816850523857 3.29865048793062e-05 0.00696041464017858
1 1 0.00012222933733823 0.0159052885862056 0.000103440755335332 0.0146206660294999
1 1 0.000202391953743639 0.0140524194842852 0.000166412016134783 0.0136546015772216
1 1 1.85572372255664e-05 0.0022437516123776 1.55007325185322e-05 0.00186777963301066
1 1 0.000120090951909826 0.0108970369056918 0.000108027430949799 0.00930033948286623
1 1 1.24653425729756e-05 0.00142339389284398 7.93972326292891e-06 0.00118675404324155
1 1 9.19681939698411e-05 0.00490064671991818 8.75610466688964e-05 0.00446453641561255
1 1 2.86551680956373e-05 0.00264745871154406 2.36948341484538e-05 0.00191360173589436
1 0 1.03033099427713e-05 0.00186506320260217 6.37960811825062e-06 0.00210220977664949
1 0 5.81103160042113e-05 0.00407050251598951 4.81464119693907e-05 0.0043807435931422
1 0 2.32054365269313e-06 0.000633689240051021 1.28981812796795e-06 0.000697466593510055
0 1 8.48822195964025e-05 0.0124577783772761 9.45102651118113e-05 0.0117744576162232
1 1 6.83767427870497e-05 0.00597879830263761 5.66358573826702e-05 0.00570310190976801
0 0 8.16922317194858e-06 0.00289066590818095 8.18899078597245e-06 0.00291056231828451
0 1 9.20856294854296e-06 0.00174188163380134 9.74447976565283e-06 0.00167676616190603
0 0 5.10313114912391e-05 0.00499413814871734 5.66516506515988e-05 0.00636632452863382
0 1 1.10064403864407e-05 0.00683967796219684 2.04324329411682e-05 0.00613775864244887
1 1 8.20125313240054e-05 0.00790311707648185 4.54709279019355e-05 0.00735337110254857
1 0 2.47564439776537e-05 0.000686406275579286 1.80399478567976e-05 0.000915871547533976
0 1 1.7334278620629e-05 0.00306880786997761 1.82779578550233e-05 0.00298884903098933
1 0 2.43921126388727e-05 0.00159602019705744 1.77660863663444e-05 0.00168389522605088
0 1 3.80150000997094e-06 0.00226434946315132 3.92742975901218e-06 0.00199904079191056
1 1 4.42798775919506e-05 0.00515992203209126 3.34021089175501e-05 0.00414850297050871
0 0 4.03206863802148e-06 0.00155527276243617 5.68284262277943e-06 0.00162475642458108
1 1 6.07390085338882e-07 0.000408679792537232 5.12810065893862e-07 0.000306382343640344
1 1 2.97309036395254e-05 0.00590424881148605 2.88446132459289e-05 0.00439939531566159
0 1 3.25650541410873e-06 0.00129134038175025 3.74732136056726e-06 0.000755924490316408
0 1 3.63900628657147e-05 0.00661400620659764 4.45777705458273e-05 0.0061535844654504
0 0 6.08224329625095e-05 0.00690735420475552 7.76552239030335e-05 0.00722123772126043
1 0 8.53697169366568e-05 0.00628219047905324 6.2146280662026e-05 0.0069170426688337
1 1 7.20056321865394e-05 0.00672616295929897 5.83401465968472e-05 0.00543511161635798
1 1 9.26943864972446e-07 0.00103660246178338 6.6587025674163e-07 0.000861805072176265
0 0 1.29480841865498e-05 0.00369001531834154 1.48403304421421e-05 0.00458733112783916
1 1 5.75913969998104e-05 0.00420524421405112 4.97102696896877e-05 0.00346401519540513
1 0 4.31960872420026e-05 0.00661592276532196 4.01487814225446e-05 0.00759069681625732
1 1 1.52111096749396e-05 0.00457676687981525 1.38915838693555e-05 0.00384125077651527
1 1 9.51584336358075e-06 0.00150039502824852 5.75174346897896e-06 0.00140036697954292
0 0 1.11946652162299e-06 0.000823948944113785 3.37993176462312e-06 0.000859445491817798
1 0 1.26345542322177e-05 0.0028657697467135 1.13621629139168e-05 0.00320512283779787
1 1 3.98165493099371e-06 0.000954296402605105 3.45955616832602e-06 0.000939429475578295
1 1 5.28286502421573e-06 0.0133259433353377 2.9541092531617e-06 0.00997411492877957
1 1 2.40076892516917e-06 0.000891727727316225 2.08429797608711e-06 0.000689941255672453
0 1 8.36859563678686e-05 0.00959206299896008 9.36148037404521e-05 0.00898470319587737
1 1 3.92674667121768e-06 0.00111038266720179 2.54185772496604e-06 0.000981610130996036
1 0 1.58087537360526e-05 0.00224610333975435 1.27167651410704e-05 0.00294860258284141
1 0 5.10606589116194e-05 0.00490342223335554 4.09415252000881e-05 0.00517100344810158
0 1 2.33692772561473e-05 0.00282463105226101 2.79691229768682e-05 0.00244020173208562
1 0 0.000112311610233856 0.00368909424185999 9.07368393621598e-05 0.00415771975205884
0 1 5.83470530721899e-05 0.00394449282381204 6.56371113422111e-05 0.00313693374245464
0 0 1.89403433012559e-05 0.00192324631882318 2.57153773102614e-05 0.00219871619814952
0 0 3.12802057100996e-05 0.00678607766171743 3.51202473455111e-05 0.00762734431211629
0 1 1.76043465834937e-05 0.00539976309007791 1.82750138070762e-05 0.00353256686969639
0 1 3.98622121227149e-05 0.0123054077643293 4.53204162807723e-05 0.00988389369780528
1 0 4.09317116708779e-05 0.00243656173234601 2.46563211788363e-05 0.00248598467136207
1 1 3.94245492337467e-06 0.000997551816338049 2.95552690926814e-06 0.000961511780474904
1 1 3.07856566267601e-06 0.000568522924431665 2.01398868481561e-06 0.00055785335874174
1 1 3.39849454932441e-05 0.00952766320661619 2.85018035374021e-05 0.00823024540024043
0 0 0.000101978552446124 0.0105870725252459 0.000102826811983467 0.0114546042431692
1 1 3.08978678048955e-06 0.00544044225303689 1.17492685830684e-06 0.00437029405621798
1 1 6.31929026522773e-06 0.00150162174133755 4.85233037557302e-06 0.00141158568701919
1 0 4.74497376686975e-05 0.00839456023896597 3.71899413759155e-05 0.00988969787773546
0 0 3.82081200261558e-05 0.00485422694749734 4.07111092638762e-05 0.0054104899727318
0 0 1.17166073650735e-05 0.00151740844973882 1.20653862681423e-05 0.00152454470248988
0 1 1.2904823700606e-05 0.00294371036622947 1.65690598539755e-05 0.00285586612727168
1 1 5.54507496087741e-05 0.00647029290129799 5.00317318698371e-05 0.00569910084847835
1 1 5.69130372918447e-05 0.00357691331366328 4.29127359679535e-05 0.003311889328829
0 0 8.01898735176878e-05 0.00708886842916165 8.55470821252945e-05 0.00813351503164631
1 1 5.96297163542134e-05 0.0140649336588491 5.77008775722706e-05 0.0135790619625123
0 0 3.78190069073642e-05 0.00313831337462016 4.08049192402302e-05 0.00322963296876469
0 0 1.77174126100137e-05 0.00297994770357617 2.1007529142065e-05 0.00393713727563969
0 1 4.43006006030027e-05 0.00279533848406674 4.60779341546954e-05 0.0024706766632094
1 1 4.05538222174662e-05 0.00622066174686386 3.49043931404899e-05 0.00557517348858351
1 1 3.16366933390238e-05 0.00552635843051077 3.02629248465403e-05 0.00519638286691532
1 1 4.90369727145946e-05 0.00771999424983455 3.71779753365111e-05 0.00768476393181976
0 1 1.53233480341182e-05 0.0031917076889412 1.87758236123185e-05 0.00304161858616704
1 1 2.91771501556671e-05 0.00542557834275518 2.6663331238334e-05 0.00512853566070575
0 1 1.54958216000407e-05 0.00314841854146873 1.5908795322359e-05 0.00251485806096198
0 1 7.65146404743418e-06 0.00399187790249437 7.78225583225709e-06 0.00384561180215376
0 0 2.08706072959894e-05 0.00316382948755002 2.70342095744534e-05 0.00322752139232446
0 0 4.72563429743704e-05 0.00836831503670468 5.65047829304926e-05 0.00927329033284347
0 1 6.47193268275551e-06 0.00155957607639971 9.59392120594667e-06 0.00143748786397368
1 0 2.3717101674828e-05 0.00290574703404909 1.69439720855141e-05 0.00332227079488723
1 0 1.70821037911538e-06 0.00033972247829408 6.97567142203672e-07 0.000369474597578772
0 0 3.58355689140751e-06 0.000767681494919829 7.05073610278371e-06 0.000930104903487407
1 0 5.02497166608531e-05 0.00168465726782265 3.70406038154882e-05 0.00222968917072558
1 1 2.6119240244228e-06 0.00175590003305997 2.23302081901405e-06 0.00172076637130045
1 1 3.93153936266558e-06 0.000690689135924795 3.88556683459011e-06 0.000497815560394818
1 0 5.20509577216817e-05 0.00442159065604924 4.69956507572934e-05 0.00520685622337034
0 1 1.09573137834883e-06 0.000603362906359959 1.45638283455781e-06 0.000560625955484399
0 1 1.60185543559823e-05 0.00316316092800961 1.86400630133967e-05 0.00296943253978928
0 0 2.52251730072913e-06 0.00040679244108942 2.79732973185322e-06 0.000488831824371115
0 1 2.74367461193934e-05 0.00387015997914676 3.13787458034673e-05 0.0038359244082409
1 0 3.6002286636092e-07 0.000292074981296512 2.6287409676553e-07 0.000324363381479293
0 1 1.58155432200063e-05 0.00197820063913443 2.59311700327158e-05 0.00159868911119362
1 1 4.83966059950236e-05 0.00558166068359043 4.17546382166685e-05 0.0046446714845808
1 0 2.73007713210966e-06 0.00119096094553211 2.71661001695915e-06 0.00125814060122137
0 0 3.51743409532847e-05 0.00588190845239577 4.2720898746243e-05 0.00605636756927659
1 0 1.42410723584614e-05 0.00341196525502596 1.19126391160707e-05 0.00399949405972471
1 1 3.78790967243817e-06 0.00117956671531581 2.77901701881557e-06 0.00104424851931512
1 0 4.08738632002429e-05 0.00256769737407526 3.45416814027798e-05 0.00265847558035075
1 1 2.83922001643373e-05 0.0156644507549363 2.5483073954595e-05 0.0149554090291519
0 0 1.18768380962552e-05 0.00253760346860815 1.39614773015946e-05 0.00266757123457281
1 0 2.02946700302209e-05 0.00150209953785065 1.71410703659827e-05 0.00170236849994057
0 1 8.08220230619823e-06 0.00303891210878308 8.98770396657803e-06 0.00291419203467879
0 1 2.86504561513546e-05 0.00316342900690704 2.89163453838457e-05 0.00304849304519592
1 1 8.90829764430033e-06 0.00062965149934525 6.84356996562567e-06 0.000618530210834785
0 1 1.77385405173508e-05 0.00484928397580594 2.18911566039253e-05 0.00471749879555611
1 1 0.000101618297802138 0.0133830645118199 7.67693923513684e-05 0.0112612434728259
0 0 1.98270557558856e-05 0.00590565121955868 2.77067519919254e-05 0.0061390326028312
1 1 0.000126702187859562 0.010260856452371 0.000118629111503945 0.0100150109642276
0 1 4.31652575274562e-05 0.00439949486140572 5.33181136475276e-05 0.00403663877806126
0 1 9.13018279203669e-06 0.00343524849511587 9.74864294088416e-06 0.00325374025380419
0 0 7.97103953133956e-06 0.00186684166660076 8.10620486030043e-06 0.00266568383938057
1 0 5.49101528171122e-06 0.00110872954604746 4.24483650098297e-06 0.00113144318449209
1 1 2.07071281396511e-06 0.000623879577719701 6.84304855869187e-07 0.000492519051444602
1 0 2.49337466289623e-05 0.00116258337778987 1.3050964759118e-05 0.0012322405197411
1 0 1.0539629153271e-06 0.000281532870304476 1.04221204515832e-06 0.000344410882199204
1 1 1.36918867935986e-05 0.00451577721794994 1.34072728068816e-05 0.00439487139044426
1 1 4.17015625000951e-05 0.00878526663059156 3.58257307725992e-05 0.00844573385037305
0 0 2.07917470266215e-05 0.00450139584414887 2.21574608411966e-05 0.00555248577378262
1 1 3.136001775777e-05 0.0132014909968695 2.81757185053933e-05 0.0131270730624026
0 1 4.08651101412348e-05 0.00576272895763021 4.51153893194361e-05 0.00525647623579177
1 0 1.11996110444275e-05 0.00327560138196136 1.05685097458481e-05 0.00346013099131489
1 0 7.01186490040083e-07 0.000282095849230806 3.67876581620609e-07 0.000294582778629015
1 0 6.80238071769594e-05 0.00598871942693096 6.02722049788637e-05 0.00741323538149179
0 1 2.32898322121344e-05 0.00868236620694561 3.45990176900975e-05 0.00597693848879905
1 1 6.29910977522276e-05 0.00722350511485514 5.76066409854569e-05 0.00675538975354933
1 0 2.5630747230173e-05 0.00149592247481359 1.2630520196595e-05 0.00156220281578339
1 1 1.25317634175759e-05 0.00201570041723202 1.06331398434367e-05 0.00167407986816921
1 0 8.44814400139362e-05 0.0065558983642793 7.06124947501453e-05 0.00715358267469627
1 1 0.000130747607781996 0.0114203388720751 0.00011420882208568 0.00986015413780589
1 0 1.05158049771578e-05 0.00173710518181252 9.74597898693056e-06 0.00224800466573312
1 0 1.52351395335055e-05 0.00158464847368321 1.21604292912165e-05 0.00171430508040867
1 1 3.90239408309798e-05 0.0034725487149704 3.019371251469e-05 0.00285590543411194
1 0 5.55641312217608e-06 0.000686053150478139 2.85433994753082e-06 0.000832282233099745
0 1 2.02922930520121e-06 0.00130306109981219 2.8778039617887e-06 0.00128886139360817
1 0 1.05890045512664e-05 0.00118308700415626 1.04809132562211e-05 0.00118407200059945
1 0 4.16002383419592e-05 0.012937328546719 3.91908801155912e-05 0.013165860084497
0 0 1.33790734395357e-05 0.00521715042058976 1.90786739689995e-05 0.00609531567994401
1 1 4.43750138708874e-06 0.00349819771801918 2.79682852346082e-06 0.00301670004791031
1 0 6.02590599236217e-06 0.00138416903218527 5.61372620122311e-06 0.00161408629814683
1 1 2.15198127758534e-06 0.00111236858061474 1.71906819460365e-06 0.00101346993227386
0 0 3.57492618104575e-05 0.00475333291247314 3.79068170550638e-05 0.00476961951507079
0 0 4.30053107649404e-05 0.00362025211274417 4.85214441204821e-05 0.00415449171079739
0 0 5.28353472033855e-05 0.00914296027715401 5.35504922425313e-05 0.00932300688432565
1 1 0.000111696095533692 0.0118048616257694 7.56779630051446e-05 0.00971393281119907
0 1 6.7107575964267e-05 0.00753633099632024 8.76880152477688e-05 0.00682608913580026
0 1 6.52472962255217e-06 0.0020461052003231 8.51272212325527e-06 0.00179157067897223
0 0 3.82144847887318e-05 0.00414419215418205 4.25399590458828e-05 0.00481411388116935
0 0 8.82816203565312e-06 0.00151145456853793 1.05552434768457e-05 0.00154401339508273
1 0 2.06077677630336e-05 0.00357168078284475 8.96687086469571e-06 0.00398213409896347
1 0 1.78652931302162e-05 0.00861549784415493 1.70937706461129e-05 0.00887610411840394
0 0 5.99532988220165e-06 0.0035770967347507 1.14124767374083e-05 0.00387574602504364
1 0 2.64496478206724e-06 0.00741985827420606 2.02244685703907e-06 0.00782342379091199
0 1 1.72502753884094e-05 0.00470578779944205 2.2563000724991e-05 0.00449644151082189
1 1 7.97352835461939e-06 0.00589803180967646 5.23291022825836e-06 0.00454170602802912
1 0 1.22748348773003e-05 0.00332534276551866 1.05304752810972e-05 0.00337803335230641
1 1 3.47485849701757e-06 0.000726391770811239 1.78403118166586e-06 0.000654191361947788
1 0 3.74524317564422e-05 0.00597878999922158 3.01879854422333e-05 0.00651611044362446
0 0 4.6191211003266e-06 0.00487827274355526 4.91468565778778e-06 0.00522752044962761
1 0 1.13207160914332e-06 0.000305138509243186 6.1489440716526e-07 0.000460985019162235
1 1 2.00427700408242e-05 0.00246982385649868 1.16324035339879e-05 0.00204207851592907
1 1 2.49284875265382e-05 0.00383419442804872 1.15306784977702e-05 0.00328342376009408
1 0 1.4222905279199e-05 0.00166406438918486 1.35592284744577e-05 0.00176814927604893
0 1 0.000152854576404553 0.0121372270886659 0.000162021109849019 0.0113714041326026
1 1 4.69333145945891e-05 0.00409561156611214 4.31258222132504e-05 0.00365582103151516
1 1 2.34552560010381e-05 0.00246827280561012 2.26757069152021e-05 0.00216926942092813
1 1 3.81877155856102e-06 0.000788238447796322 3.62606150625369e-06 0.000769738796955427
0 0 5.23241048847249e-05 0.00566890071440666 6.41006763215347e-05 0.00729478840471633
1 1 2.81797421006839e-05 0.00442829868625246 2.63428577917449e-05 0.00402794165922983
0 1 2.17324720087937e-06 0.0010624722606533 5.1297182889229e-06 0.00100148695002589
0 0 1.97821709054556e-05 0.00361601464130214 2.49855649489385e-05 0.003672029614728
1 1 1.00617630079697e-05 0.00120073155128815 6.47352400301584e-06 0.000902044331375091
1 1 5.03552279365031e-06 0.000622220281300345 2.30455203238286e-06 0.000512860780289805
1 1 7.01190994389321e-06 0.00212810414973413 5.33894405955771e-06 0.00191697479016738
0 1 5.96365348846804e-08 0.000541511203543792 4.46353010175029e-07 0.000395234348499193
0 1 8.75933376650986e-05 0.00856944492112987 0.000105115480987281 0.00777190319619463
0 1 7.06284422152952e-06 0.00207568494625938 9.74096939743261e-06 0.00182059676147163
1 1 4.3925651877858e-06 0.0022679693893271 3.3760535005648e-06 0.00172251915106597
1 1 7.72617514876623e-05 0.00999196080975063 6.35694343448311e-05 0.00870085386364885
0 1 3.75395912128093e-06 0.00185258995060505 5.90989197913553e-06 0.00156749071246
1 0 3.57589310312417e-06 0.00134698420165655 2.57844977235976e-06 0.00137942666630198
1 1 6.58520306232192e-05 0.011262649127007 5.42638213642605e-05 0.0111850651941023
1 0 3.86510007509708e-05 0.00643931599203166 2.55756811767922e-05 0.00683895777841378
1 0 1.16136304623827e-05 0.00139819089617998 1.02928368354058e-05 0.00148308379606549
0 1 2.47351530813247e-05 0.00206137226940028 2.54611105305706e-05 0.00197544817506863
1 1 2.55849326832908e-06 0.000590152861289266 9.80337529182873e-07 0.00058160674260841
1 1 0.000184294000222644 0.00687186236863817 0.000180776199161607 0.00642540638780986
0 0 2.29320814536959e-07 0.00026509463548481 3.25985975732568e-07 0.000302162887188799
1 1 6.64799528122575e-06 0.000678899270984262 1.86325970699637e-06 0.000634846356224994
1 1 4.51110301737212e-05 0.00893238982012282 4.4070734884284e-05 0.00863663281065202
0 0 0.000325590001063217 0.0112541102598579 0.000336423956904247 0.0114124159297986
0 1 3.36884727276151e-06 0.000553344441609923 7.13324900487149e-06 0.000487663607550948
1 1 1.81011295066344e-05 0.0017964391627893 1.24473137686802e-05 0.00148316101344046
1 1 2.04177580408846e-06 0.000943816426502438 1.75245022465375e-06 0.000894545246227534
1 0 1.73790715454436e-06 0.000183537262011222 9.97672538824181e-07 0.000195358405623936
0 0 1.51199691742274e-05 0.00142945088552834 1.71244114172963e-05 0.00166542502956412
1 0 0.000250686391147304 0.00883113825185513 0.000229566361532129 0.00986974203173034
0 1 2.05965594788007e-06 0.00204582071182309 4.57651164837864e-06 0.00200135808794671
1 0 2.53912951602885e-06 0.000868614183926548 2.1838205786578e-06 0.00109404845303565
0 1 3.76823316871675e-07 0.000931411678415647 6.076043647537e-07 0.000589913100238253
0 1 1.75484851665363e-05 0.00812188735452999 2.01658233669243e-05 0.006498942849198
1 1 6.19309143905439e-06 0.00872999721155797 5.85606525725847e-06 0.00758392614290627
0 0 4.81508278307871e-06 0.00132512871205877 5.39894132251869e-06 0.00160512975529819
0 1 1.47834399168502e-05 0.00284498743843346 1.55500736796164e-05 0.00266801421859939
0 0 5.94023760222254e-06 0.000151352412541746 6.56682864867407e-06 0.000165119383159367
0 1 8.33434387380163e-05 0.0102184326416145 9.36829439068047e-05 0.0102107136497854
0 1 0.000144586787241988 0.0129482533479661 0.000206513317937168 0.0101841323614385
0 1 8.09221254215023e-05 0.00454339068054705 8.77306330812847e-05 0.00451572720778332
0 0 1.67060318963053e-05 0.00268422202499232 2.30246690153566e-05 0.00269209943066967
1 0 1.98407800705875e-05 0.00392379595972659 1.74525775060661e-05 0.00407250706276025
0 0 8.98419309017099e-05 0.00747812503452568 0.000105197502717506 0.00798769320697759
1 0 3.78782652743163e-05 0.00436507058077073 3.19915984796241e-05 0.00466444541407882
1 0 9.40550388975034e-06 0.00719703717534528 8.76486821754465e-06 0.00808687856486421
0 1 4.33991418065113e-05 0.0105049744869514 5.62561562842742e-05 0.00977356015571657
0 0 1.87559866246547e-05 0.00220079101070168 1.93660832749507e-05 0.00231506936597099
1 1 5.44246738362082e-05 0.00488378527433441 4.37901021677289e-05 0.0047973761600904
1 0 1.13710513436878e-05 0.000830676195961919 8.56495289308778e-06 0.00087773744579547
1 1 4.6058661234028e-05 0.00629500161895009 3.69980980996686e-05 0.00622256564419916
1 0 3.33570528370088e-05 0.00113579339988805 1.19069893560782e-05 0.00141311360680127
1 1 7.78385802236059e-06 0.00131540179612222 5.63071180460985e-06 0.00119100479660291
1 1 2.10547875766078e-06 0.000457858668480913 1.59524745130208e-06 0.000356223532002381
0 1 5.47694285843233e-08 0.000311818582289703 8.59008231813221e-08 0.000269181780241969
1 1 2.07107389832584e-05 0.00145719962830321 1.61088478527741e-05 0.00124243549680528
0 1 1.11220757999109e-05 0.0032127559155439 1.96949177709383e-05 0.00312892809890206
1 1 1.1993390554326e-05 0.00217428681184325 5.56629273727752e-06 0.00132965224063511
0 0 6.06179844356227e-05 0.00432759115833874 6.40138174299808e-05 0.00494020832245226
1 1 0.000138932135550499 0.00628809398429951 0.000121999277673494 0.0057893765931235
1 1 1.47747045627577e-05 0.0028856771186209 1.43885470425495e-05 0.00257830253219747
1 0 2.40796889686766e-05 0.00213714555473666 1.53016575998459e-05 0.00237048910350102
0 1 4.18518207744769e-06 0.00208248996999096 4.39337465956499e-06 0.00205113451793297
1 1 3.16977182591291e-05 0.00322873959383705 1.36723351878852e-05 0.00250430877206462
0 0 0.000141734520831788 0.00778771513082969 0.000163979896855635 0.00879723759329965
0 0 8.28404201507844e-05 0.00490347928150433 9.20887192945509e-05 0.00545050297691914
1 1 7.32571564355791e-06 0.0013948021617931 3.98915471680379e-06 0.00129248174245539
1 0 1.95252978848337e-05 0.00301796353727152 1.55761720837569e-05 0.0031445490728623
1 1 3.90850124984378e-05 0.010231200300107 2.35116702801938e-05 0.00858649543487288
0 1 2.94718446088237e-06 0.000271709139300081 3.45762875121039e-06 0.000215352420790449
1 1 0.000199642176318695 0.0116926802862703 0.000195750541671718 0.0107059535509244
1 0 0.000105479313516353 0.00726526974146311 9.29829207319019e-05 0.00802676188612865
1 1 8.29034845118637e-06 0.00184939340578741 6.41989037527424e-06 0.00179018429860053
0 0 4.11170252524513e-06 0.000940669637310744 5.95779351031332e-06 0.000988622973541256
0 1 6.30626280453714e-06 0.000851450766759297 6.44910935252791e-06 0.000830851988329272
1 1 1.45544147027339e-05 0.00331915766768468 4.94111092168705e-06 0.00329556459990202
1 0 0.000120153999556053 0.00743274498086643 9.03876972463865e-05 0.00744928157324942
0 0 1.07129696157325e-05 0.00116578527565582 1.69322947844775e-05 0.00128408083541721
0 1 2.67801968889611e-07 0.00554930173989386 8.10281146163553e-07 0.00510688556448926
0 1 5.79043943825896e-07 0.00143329113880467 1.05329040339821e-06 0.00139693299599233
1 0 1.00407169676577e-05 0.00604706685437836 9.80302942017783e-06 0.00709293098384863
0 1 5.93307183427165e-06 0.00170678857631219 6.82371294634264e-06 0.00163960298673
0 1 0.000123087354475275 0.013805837853152 0.000130186214922151 0.0105856341252795
0 0 7.18728068242662e-07 0.00145654417526917 7.31712448296026e-07 0.00162941318134531
1 1 9.07191591942498e-05 0.0077747758205648 8.26258533424443e-05 0.0070058956217441
0 1 2.2159465063451e-05 0.00342422213679665 2.48530584313972e-05 0.00284508945880483
0 1 0.000111937321819385 0.0114617066989128 0.000155892250833175 0.0112567096570005
0 0 2.19595025224913e-06 0.00156583605821894 3.08540765124868e-06 0.00157504879643941
1 1 1.03711486572319e-06 0.00139005189520598 9.36654975998897e-07 0.00114464891161214
0 1 5.28188177692665e-06 0.000678079004645466 5.60381186089407e-06 0.000667469136093477
0 0 1.75931412980951e-06 0.00284085977409782 2.28335760349917e-06 0.00289025113300957
1 1 4.29114868268207e-05 0.0023914739326835 3.11299937981302e-05 0.00202141000760566
1 0 2.96716557684167e-05 0.00378347694693695 2.64669686328157e-05 0.00420687498564279
0 0 1.81730390185305e-05 0.00200714285197799 2.15011372897352e-05 0.00236376522344984
0 1 8.97734412250798e-06 0.00141011653313073 1.02091810798691e-05 0.0013278887541848
1 1 4.45794416456675e-05 0.00531350661860891 3.76924240141562e-05 0.00523828046462699
1 0 5.70678792063365e-06 0.00437703569219136 2.53628965557827e-06 0.00492694197267314
0 0 2.15410811833186e-05 0.00261531275209307 2.43067799271822e-05 0.00262613084019284
1 1 0.000165208215906192 0.0152353468543404 0.000150386998124686 0.0132733962742129
0 1 9.290273941901e-05 0.0106508452309756 0.000100654272505186 0.0097437484775689
0 0 1.5853497532306e-05 0.00434983777777775 1.8793397815434e-05 0.00444779283038994
1 0 7.10597144979668e-06 0.000594664269047458 5.92745037973955e-06 0.000688340060058985
0 0 0.000135449856722105 0.00715000011348713 0.000135811324670453 0.00740484519905513
1 0 5.57914688780141e-06 0.00119728782962436 4.06219325900863e-06 0.00126054036913452
1 1 8.67264660214694e-06 0.00202211924024034 8.44771116602458e-06 0.00192494452325469
1 1 6.21755198316825e-06 0.000866990160689168 5.5945276523556e-06 0.000694484282389229
0 1 2.37376368922341e-06 0.00128626213919792 2.68444522126791e-06 0.00120309267022044
0 1 9.85924333165679e-07 0.000771718564474369 2.89530020026925e-06 0.000699880373415354
1 1 4.38411595102719e-05 0.00576970830068898 3.64095991461465e-05 0.00556711215213291
0 1 0.000149794816293798 0.0158962166157838 0.00015808232918842 0.0148204046604474
1 1 2.18102883690271e-05 0.0112987195609113 1.84854555456064e-05 0.0109005770707397
1 0 3.55594789036802e-06 0.000563278970854257 3.34101998098593e-06 0.000632448924159462
0 1 2.20987765932085e-05 0.00654997729598621 2.23541061648784e-05 0.00610926446675681
0 0 5.13821154237493e-06 0.00115390930020976 9.57733457962549e-06 0.00115552758640939
0 0 1.12902052270733e-05 0.00220561905359041 1.16103803005125e-05 0.00305208531469669
1 0 0.000196720322497646 0.0109239825903216 0.000184022354628544 0.0112667222864919
1 1 4.4865727688719e-05 0.00913791956782883 4.29783371118781e-05 0.00730068878867476
0 1 3.55164458343525e-05 0.0058568934122035 3.70209324230483e-05 0.00494394126117286
1 1 1.45652668926786e-06 0.000526761504330742 1.17550592845596e-06 0.00043806962483953
0 1 0.00017465320275017 0.00814308051864067 0.000176798668168983 0.00629984901493445
1 1 7.42078776053584e-07 0.000386534917318524 3.25858942533559e-07 0.000267394601823988
0 1 6.67511483954001e-05 0.00778057595777763 6.86814240656667e-05 0.00732481463071208
0 0 6.32314233975645e-05 0.00784397717903801 6.93365482360362e-05 0.00807447252675956
1 1 3.81516989050658e-05 0.0117999853943194 2.42610204773575e-05 0.0115624857988668
1 0 9.33932806377908e-06 0.00669319331750045 9.27977079600893e-06 0.00812129177228319
0 1 2.26716827040287e-06 0.00115296301015381 3.16175052714825e-06 0.00110954382766332
1 0 5.60413889316531e-06 0.00166725782159039 4.42162982544443e-06 0.00172202073065907
0 1 5.09175313042259e-05 0.012675703799848 5.68536798311575e-05 0.01158923100349
0 1 8.33210912115403e-06 0.000986003227682868 1.08865871843647e-05 0.000875301648344872
1 1 3.41694461442336e-05 0.0029663967922555 3.31502767354746e-05 0.00269193012545036
1 1 3.43308337307459e-05 0.00531096495252171 2.85873204467008e-05 0.0047890227086393
1 1 5.90982158252534e-05 0.00439540535493629 5.26225444564412e-05 0.0041755608091837
1 1 8.12036980523103e-05 0.0139364195365107 6.35165037537694e-05 0.0101219329781628
0 0 1.34682302918592e-05 0.00140612157331866 1.76224941014336e-05 0.00200860349980502
0 1 6.26299646165228e-06 0.00464965392635896 1.16439310939399e-05 0.0042020599473601
0 1 2.81910542826902e-05 0.00545178783962997 3.82463779376374e-05 0.00498227022460332
1 1 2.67492856942057e-05 0.00463768768432096 2.65236088873194e-05 0.00358769493771833
1 0 1.39759331856497e-06 0.000465044688508567 1.16716357495371e-06 0.000598939078135871
0 0 6.87756657632169e-06 0.00280536147595416 1.12807782523109e-05 0.00311015510791043
1 0 6.80149486867361e-05 0.0105992002040995 5.42321350419614e-05 0.0130315154147195
0 1 4.71437472417004e-07 0.000655521336225498 1.05126914871449e-06 0.000498989521126656
0 0 1.93500546911828e-06 0.000585697379611947 2.87541312459881e-06 0.000587837671335067
0 0 2.42529769021134e-06 0.00115332329535119 3.78259201947945e-06 0.00121519497618557
1 0 9.55181008687389e-05 0.00674421040630365 8.79615249233025e-05 0.00801300143712381
1 1 4.10822936922558e-06 0.000897512073087084 2.24319664705199e-06 0.000615456519475413
0 1 2.19926948409159e-06 0.00052915920095348 2.80840825418935e-06 0.000386304927289331
0 1 7.43239434299096e-05 0.00914679499551029 7.82301756532608e-05 0.00813618130946949
1 1 0.000172685325981002 0.011360130975357 0.000162825892322827 0.0104581375504879
1 0 1.53351064202057e-05 0.00125860649005702 1.03511514200129e-05 0.0016264093651353
0 1 1.21926521622401e-05 0.00154677551409836 1.53192130899578e-05 0.00104829197666232
1 1 1.73354272454002e-05 0.0065070177538014 1.18138072619579e-05 0.00455725795634884
1 1 8.44607219656324e-06 0.00776763260059 6.52391038687707e-06 0.00638937532251357
0 1 9.35228818271243e-06 0.00186617666354314 9.98475571094922e-06 0.00161633961129701
1 1 3.87177483797562e-05 0.00297562917925443 3.12872678555746e-05 0.00294017198445403
0 0 5.06802017208576e-06 0.000644865826017055 5.90911797193915e-06 0.000792235709645955
1 1 4.54114569373117e-05 0.0135340598551115 4.25024559744211e-05 0.0110122439624107
1 1 9.20803884560276e-06 0.00300574767860771 6.68161098775095e-06 0.00240446138770989
0 1 8.84305726424368e-06 0.00157426452058917 9.98866635810461e-06 0.00156278113724359
1 0 1.00922312531341e-05 0.00103887304919148 9.7016808246258e-06 0.00120111786365358
1 1 7.44451976650357e-05 0.00750569538437905 5.32654569686688e-05 0.00692131157316992
1 0 9.64849140394684e-06 0.000873380438028755 4.89762213475361e-06 0.00120711860351227
0 0 4.07935780582857e-06 0.00167506509985108 4.39724500959106e-06 0.001977038887958
1 0 1.09606022032459e-05 0.00285560875703002 9.73294210475917e-06 0.00298083901816227
1 1 4.49217339014694e-05 0.00340274398497686 3.52512028794673e-05 0.00311384102675823
0 0 8.24215349700545e-05 0.00949694885630715 9.00364319835429e-05 0.00956939446152602
1 1 4.82176654537622e-05 0.00966794042644746 4.21773839958249e-05 0.00913673269268495
0 0 2.71123312080994e-05 0.00253114962691611 3.34863278044555e-05 0.00307194996638923
1 1 3.14184668440563e-05 0.00280787509538404 1.79346734819402e-05 0.00240362751257386
1 0 8.38932061016715e-06 0.000907672359038722 5.76496435638331e-06 0.000989390187933722
1 1 2.15285654648737e-05 0.00276645955197357 1.83799581816339e-05 0.00257020355622714
0 0 1.54472987867414e-05 0.00455030311401996 1.68181265669279e-05 0.00461811221896437
0 1 2.33869224915077e-05 0.00753353726452134 3.05812149970168e-05 0.00564135520562019
1 1 3.41729761379813e-06 0.000684310428981967 2.17856902539866e-06 0.000657389729318155
1 1 3.37995841502639e-05 0.0146414441736297 3.30317698629774e-05 0.0135418269391257
1 0 3.67538232635694e-05 0.00540867131903095 3.19426345052251e-05 0.00601931277740868
1 1 1.01486955340381e-05 0.00185613115674842 6.93711007387639e-06 0.00178599608519635
0 0 1.13628744321163e-05 0.00973361552871198 1.25007241984195e-05 0.00981847196311281
0 1 3.47027538972266e-07 0.000177240430924669 5.49681831099562e-07 0.000175669688792929
1 0 1.97479504969443e-05 0.00891542309984756 1.78684064336182e-05 0.009636512177847
0 0 2.6816448133014e-05 0.00949326237577825 2.71397714574669e-05 0.0102908614826677
0 0 5.25114542697002e-06 0.00331468490868581 5.32646866167583e-06 0.00337835410451652
1 1 1.50008883922883e-05 0.0116014452066348 1.41388512374498e-05 0.0103361230826841
0 0 1.88909361854614e-05 0.00403292703680817 2.01653273519985e-05 0.0040344865959325
1 1 0.000138808266051563 0.0069852814503721 0.000124858455462188 0.00552105268034966
1 0 1.11737823227075e-06 0.000470389254852502 8.80871973133288e-07 0.00049050780256047
1 1 1.40635063076723e-06 0.000413371336789467 4.28945522445615e-07 0.00040684089906025
0 0 3.55480926830634e-06 0.000958284502431937 3.57558835655918e-06 0.000964216830268189
1 1 5.86911608454028e-06 0.00118273021983726 3.16841606006801e-06 0.00115552707955658
0 1 4.91884944304598e-06 0.00150289642479101 5.63981934154807e-06 0.00132911872362892
0 1 6.09865065693324e-06 0.00109902225169177 7.46178901167818e-06 0.000795849974459932
0 0 1.26467782195287e-05 0.00188969799310191 1.36655502308533e-05 0.00195277649075499
1 1 9.09972738595278e-06 0.00178027940996787 7.48531869836036e-06 0.00159107053470159
1 0 3.42609414530859e-05 0.00475790207939689 3.29640497312953e-05 0.00584218615941025
1 0 2.73416804004151e-05 0.00328006868456435 2.05293426646615e-05 0.00375809501244448
1 1 0.000130635986607784 0.014673255357522 0.000129736522093069 0.0145381169764368
1 0 2.48630392994968e-05 0.00331083024610224 1.85833099445724e-05 0.00371709406661441
1 1 0.000133915980187394 0.0148871809117536 0.000121383564448271 0.0115939966609053
0 1 4.24455095503364e-05 0.00846999086274309 5.07035601048839e-05 0.00817531006403062
1 1 1.77212751027698e-05 0.00114396927425791 1.32165044943593e-05 0.0010932218731973
1 0 0.00012176128430719 0.0101131855552384 0.0001184743056396 0.0103057189122634
1 0 2.94016623871545e-05 0.00526441694237338 2.42726208773363e-05 0.00529699837302089
1 1 3.9233503272993e-05 0.00342820921284514 3.80302507468665e-05 0.00334694304305399
1 1 6.0884263683966e-05 0.00618757325118523 5.89748084139668e-05 0.00579855998770588
1 1 5.40869061459172e-06 0.00206000709080302 4.58530045217501e-06 0.00195243939933404
0 0 5.68470202367357e-06 0.00183775074812685 5.80447052438778e-06 0.00188788888257355
1 1 2.06044970424505e-05 0.00583332742531948 1.58974537046909e-05 0.00537391168059709
1 1 3.41318835301619e-05 0.00867429254011271 3.3409558227135e-05 0.0070435916924085
0 0 4.76922935761482e-05 0.010126513541664 5.29074533138176e-05 0.010747175041229
1 0 0.000100034996995255 0.00999452743186153 9.47417827026046e-05 0.0101062775280655
1 1 5.7098013065716e-06 0.00176018371724461 4.83764693439124e-06 0.00170697171722261
0 0 9.92869769329144e-06 0.0111659573480432 1.10897601384306e-05 0.0118775169578405
1 1 1.40577337372302e-05 0.0018977662057796 1.40418009053953e-05 0.00178644132491734
0 1 1.23910833279638e-06 0.0015857333346522 2.17505852059016e-06 0.00135994254113336
0 0 2.67956575922019e-05 0.00564247781533058 2.93283739928415e-05 0.00617635021080926
1 1 8.51631948132066e-06 0.00428466177601266 6.50412793213422e-06 0.00387671452403373
0 1 7.15588295035817e-06 0.00441930223230048 7.22189878692555e-06 0.00411319060449178
1 0 8.44063070530967e-05 0.00486499296373158 7.4171004012541e-05 0.00621805063931485
1 1 3.80173701512696e-06 0.00156882895661748 3.28927685118296e-06 0.00153960651888534
0 1 1.17628455373373e-05 0.00296788340349727 1.33051787907326e-05 0.00241909908916319
1 1 2.50043692690197e-05 0.0121454052231551 2.37532759966759e-05 0.0102601247412226
1 1 1.66270518258381e-05 0.0116613756269643 1.43846234699235e-05 0.010642820267514
0 0 1.11589147725585e-05 0.000753081839539209 1.28453389800544e-05 0.0008448304070555
1 1 7.97119126979033e-06 0.00903631872967444 7.48661245268717e-06 0.00809554286338618
1 1 9.76767315586346e-05 0.0073951463495077 9.07402297773598e-05 0.00724866019169051
1 1 1.12191533235973e-05 0.00250036539653492 1.0902485240453e-05 0.00228716817094296
1 0 0.000183368097972945 0.00699035564872398 0.000112913008719425 0.00732463865767938
1 0 0.000141776376032379 0.0107311815723963 0.00013490910334737 0.0113543190714497
1 1 3.47971742062156e-06 0.000972432209298141 1.91440362934929e-06 0.000931901021975781
1 1 4.23359646636528e-07 0.000339791569494184 1.36373522768097e-07 0.000290730847496517
1 1 1.60980953248193e-05 0.00228743032651288 1.18808082845714e-05 0.00203681783481505
0 0 9.62914920182778e-05 0.00985230698099282 0.000124997594062278 0.0112210397582939
0 0 3.92381662849982e-06 0.000769634458466548 4.23093859466973e-06 0.00079977441807295
0 1 0.00016191282476902 0.011793100084818 0.000163300045128029 0.0112646589816521
0 1 0.000130322387948416 0.0149302203347746 0.000135284521794426 0.0147331536494807
1 1 7.62393702844841e-06 0.000809008260295137 5.40719416637404e-06 0.000732128350199257
0 0 7.17499348868977e-06 0.00261644654680913 1.87290127134571e-05 0.00458301125644353
1 1 3.76646882276911e-05 0.00413456896933484 3.2706696392722e-05 0.00372188492584516
0 0 4.46551536202489e-06 0.0017621122730957 5.28254253509991e-06 0.00198049861786775
0 0 2.50029617100321e-05 0.00246674810714181 2.91366637725582e-05 0.0026822343724675
1 0 1.68775423407549e-06 0.00350311700616339 1.55174880451103e-06 0.00354818244772203
0 0 3.2247685897157e-06 0.00107392953754029 4.15626446240904e-06 0.0013244410752529
1 0 1.4058433229366e-06 0.0015589444386145 1.22925043503319e-06 0.00173134049632649
1 0 5.58568141384334e-05 0.00707243872795983 5.51395678735765e-05 0.00739360319857229
1 1 1.26142217641399e-05 0.00970741553947857 7.67497030809797e-06 0.00891092726266365
0 0 2.12036854494056e-05 0.00174106142948949 2.67707338971453e-05 0.00208241063327367
1 1 7.84148536330846e-06 0.00191008179013961 7.21439488955078e-06 0.00138132960434973
1 0 3.01858821090743e-05 0.00776612861101767 2.59644739568009e-05 0.00800198577495051
0 0 4.85258373969603e-05 0.00429706922487827 5.32644973827478e-05 0.00508097282915978
1 1 1.70063511036259e-05 0.000595064440235067 9.46762759364295e-06 0.000594738447109666
1 0 6.71226640299038e-05 0.00713422150424497 6.28767172475573e-05 0.0079514520021456
0 1 6.11123087421185e-06 0.00289787190971699 7.25141979571681e-06 0.00251209473826691
0 0 4.41712000610503e-05 0.00752587533640066 4.84898833423261e-05 0.0103375067537678
1 1 0.000101090190826152 0.00873168591646808 9.82652711103061e-05 0.00829354555505221
1 1 1.83955491699561e-05 0.00504836137015795 1.67485297179068e-05 0.00470452759908024
1 0 5.79660139851242e-06 0.00123720805886091 3.05720178914717e-06 0.00131784241839306
1 1 2.20377292695161e-05 0.00297452066478889 1.929700923226e-05 0.00263797787291083
0 1 1.50033850532625e-05 0.00375955574018754 1.53042091740356e-05 0.00307057908615541
1 1 2.42540547979612e-05 0.00989277738027821 2.18646749410853e-05 0.0090687026582087
1 0 4.14686880129262e-06 0.000850589672252488 1.65761507643741e-06 0.000995573722184374
0 0 1.58110146512704e-05 0.00348051410243704 2.51156931034899e-05 0.00394619564359179
0 0 2.9030010133772e-05 0.0024669598133702 3.79600713628606e-05 0.00272855341942197
1 1 8.30757622547281e-05 0.00961478505095611 7.5510531521779e-05 0.00879004282595882
0 0 2.18638993403599e-06 0.00101713849730723 3.13229851354541e-06 0.00108639734776455
0 0 5.1636974200679e-06 0.00175224148100287 5.54724999693981e-06 0.00189327773194036
1 1 2.02703988697101e-05 0.00676717613536208 1.32957799520579e-05 0.00598956995117916
1 1 6.35430394350896e-06 0.00181185260922627 2.85070699398991e-06 0.00180121488935747
1 1 7.36433142327347e-06 0.00297525948136112 6.77084915635806e-06 0.00231185649520143
0 1 2.87885688891406e-05 0.00733355274365087 3.02604264826566e-05 0.00669593990303435
1 1 8.27152130717577e-05 0.00957533063457172 7.58840030131737e-05 0.00846891627063845
0 1 2.12882091689454e-05 0.00597745225550288 2.44725897695009e-05 0.00546618974431025
0 0 1.74826570680011e-05 0.000715527365608591 1.78363477037708e-05 0.000801610657074412
1 0 3.24103095123893e-05 0.00230898754593696 2.68650070636379e-05 0.00271096819026734
1 0 6.87547139668297e-05 0.00285807396077975 5.56578078192028e-05 0.00324234296787269
1 0 1.37527338694688e-05 0.000997995427145619 8.42608412123552e-06 0.00108439616978323
1 1 6.88211434107123e-06 0.00668039962884543 4.95906467816495e-06 0.00635158698174875
1 1 7.6917143080837e-05 0.00571854741744306 6.14826620966402e-05 0.00564836819410046
1 1 8.80235755701024e-06 0.00156366290948151 7.92184010728653e-06 0.00146652349727909
0 1 1.56664986605905e-06 0.00104422216619705 1.62503894055812e-06 0.000815445273370008
0 0 7.39153527243972e-05 0.0109793292575791 9.44149773370933e-05 0.0119480421994423
1 0 9.63189009138385e-05 0.00884715534670759 7.98241521102809e-05 0.0089796574370239
1 1 1.97679631581672e-06 0.00081445828728746 1.60579014131847e-06 0.000751279884232324
1 0 2.71200238009879e-05 0.00202151447850121 1.94816825834015e-05 0.00260579017107098
1 1 3.01731357788389e-05 0.00279901552395725 2.13337992677451e-05 0.00249005918141491
1 0 0.000109806778270428 0.00556733833105375 9.04958602150093e-05 0.00620157408450723
0 1 1.49956646423526e-05 0.00364881088946604 1.80538553810973e-05 0.00196400264379325
1 1 0.000148163090319056 0.0080655362049043 0.000140196875292328 0.00763504252810008
0 1 3.20802882520579e-05 0.009203407693465 3.48502697158051e-05 0.00847328126006944
1 1 0.000136193922344661 0.0170033483178022 0.000113805863603385 0.0163836512584074
0 0 4.67556821785391e-05 0.00663523394970737 4.7100370927152e-05 0.00669214217141018
1 1 4.74205139363824e-05 0.00718635935593325 4.31053542863656e-05 0.00687279693401251
1 1 9.06745929119202e-06 0.00180512595165341 6.36476587313533e-06 0.00176274779788015
0 1 7.27823837294817e-06 0.000802784338800188 7.99394368653283e-06 0.000743451122416774
1 1 1.48395166273554e-05 0.00160516697978305 1.21333959538536e-05 0.00155230393314894
0 1 8.11052242062543e-05 0.00805421305694347 9.15160134576904e-05 0.00723324899315364
0 1 2.36986973194321e-05 0.00260890139489766 2.54737476300631e-05 0.00170544866909687
0 1 7.37943791979696e-07 0.000376549841173666 1.35692846023504e-06 0.000286665129524881
1 1 9.45210424169882e-06 0.00521195548350056 6.06141419844172e-06 0.00420029007776782
1 0 0.000103929491127451 0.0125601502277667 8.84020004216758e-05 0.0128109527769147
0 1 3.71170525079039e-06 0.00148027554021512 5.35879879655238e-06 0.00137020102765056
1 1 4.79608286568221e-06 0.00116338800141265 4.58460017886482e-06 0.000834514684871691
1 1 2.54954980076826e-05 0.00606462705766336 2.46110619259084e-05 0.00547662375955597
0 0 1.54036989207866e-06 0.00112053062519879 2.3800384433713e-06 0.00134929546005152
0 1 2.89755974843048e-05 0.00684407194826534 4.85484747444476e-05 0.00616250733939125
1 1 9.49599046654332e-06 0.00042297037910244 7.67050154514438e-06 0.000388771532229804
1 1 1.08279312219696e-05 0.00167972558084285 8.10663229214791e-06 0.00141731515435238
1 0 1.92938497325674e-05 0.00218179767636267 1.80648835655001e-05 0.00316608798869669
1 1 2.05365086995093e-05 0.00244986135579295 1.30381719265188e-05 0.00233566393618113
0 0 1.30371912013763e-05 0.00423306332699045 1.50084673233361e-05 0.00445255067580984
1 1 2.95822181219787e-05 0.00503540719490229 2.4927604112156e-05 0.00456346939392601
0 1 3.54321961501452e-05 0.00607301002448271 3.92159880669599e-05 0.00544070560265871
1 0 2.47534199460384e-05 0.00298193340632663 2.22896973176156e-05 0.00318515553270415
1 0 1.42704971858626e-05 0.00574548305533039 1.41828285709253e-05 0.00585321340320959
0 0 7.80548554546322e-05 0.00551871343928181 9.03376777756782e-05 0.00579544184820786
1 0 3.97084415723694e-06 0.000822277956864107 3.74276571566324e-06 0.00121283037949197
1 1 7.60110641403373e-06 0.00329186436469317 6.58934857919305e-06 0.00272021702495626
1 0 1.10125893108997e-05 0.00162383557626265 1.04309659706665e-05 0.00211004318497318
0 0 2.87512831840964e-06 0.00174822241071478 4.20269095737095e-06 0.00203009479467294
0 0 3.14533472783803e-06 0.00184724770541948 3.9918737358195e-06 0.00197329998862562
1 1 5.21280079253815e-05 0.014313535470902 4.5629649807699e-05 0.0118313152159408
0 1 2.64400357427024e-05 0.00718372770929399 3.20844420750326e-05 0.00564238938083313
0 0 3.65316822493166e-05 0.0103450807980921 4.77538155517782e-05 0.0116330532202092
0 1 4.03856814747838e-05 0.00332765066060131 4.09779677025284e-05 0.00283735784572073
1 1 1.73563603376402e-05 0.0030308019298152 1.59010298962034e-05 0.00279808881364536
0 0 1.5572870248806e-06 0.00145836566759135 2.51770266662737e-06 0.00175022292394846
1 1 8.38320443623286e-06 0.00381885403336903 7.97880237482259e-06 0.00336747514506558
0 1 1.46283686099231e-05 0.00208170502225289 1.70373826789851e-05 0.00193192255443764
1 0 1.69514810835074e-05 0.00194540394642276 1.59303211766848e-05 0.00214137276419959
0 1 2.74232802774432e-05 0.0117602683538109 2.8083669706744e-05 0.0115211106864855
0 1 5.73228151558429e-06 0.00179731281307518 9.13966659750725e-06 0.0014668571182943
0 1 2.69157719732579e-05 0.00318042988636703 2.88349798011548e-05 0.0030556708418426
0 1 7.31601561081686e-05 0.00883716479363677 7.49362537769044e-05 0.00829941416420786
0 1 6.4025836370929e-05 0.00827329374507603 8.44380687848038e-05 0.00814092327951483
1 1 1.67971706895482e-06 0.000690106748991714 1.05294647382937e-06 0.00047733637979682
1 0 6.98505483694538e-05 0.00430565743382392 6.31558009061192e-05 0.00545008012088883
0 1 5.97546038892533e-06 0.00294155697996194 7.1766991846582e-06 0.0025831173980773
1 1 2.16202047763189e-05 0.00732937183247254 1.54497690215126e-05 0.0050798388536933
1 1 6.41087220180677e-05 0.0168407948740587 6.13567547445409e-05 0.0123684400134791
0 0 5.64101134451482e-06 0.00168812937732003 7.51447531959944e-06 0.00205716830706128
0 1 1.24092891684309e-05 0.00215480447922898 1.32526503318864e-05 0.00197029053386173
1 1 4.10077637858666e-06 0.00125111215254826 3.80826495014472e-06 0.0012448417167713
