linear.pvalue quadratic.pvalue linear.boost.stat quadratic.boost.stat linear.true.stat quadratic.true.stat
1 1 0.000719135190391901 0.0175516388082528 0.000665705182631355 0.0171220782901397
1 1 0.000651947439247488 0.0338526220924963 0.000267081357700995 0.0320636535918781
0 1 0.00161592133634107 0.0543079819130329 0.00303829237422998 0.0423652009077714
1 0 7.38483351273739e-05 0.0110452178953188 4.59922782940254e-05 0.0118491817177891
1 1 0.0005754814400257 0.0187239304424984 0.000409243233933905 0.0185640592194697
1 1 0.000687898802590008 0.00539043850945509 0.000356208077805489 0.00518719631105445
1 1 0.000205872375557544 0.012879585196944 4.28055247056655e-05 0.0106998226494935
0 1 0.000166593750174475 0.00547846269581582 0.000278693548771892 0.00354143823250246
1 0 0.000130346968906846 0.00585800012611297 0.000122260767337216 0.00721947152893804
1 0 0.000198712943070002 0.016869613333851 0.000104694645492832 0.0176166134326055
1 0 0.000213317773415988 0.005364182371024 0.000177095275199117 0.00579504032863662
1 1 9.39137248568448e-05 0.0101878411104208 8.49192516502422e-05 0.00481737962588088
0 1 0.000137581122477007 0.0147461352020168 0.000197997260088534 0.0105718248057589
0 1 0.00222383148187131 0.0399850246347494 0.00292276523578067 0.0312014068294754
0 1 0.000378579305737943 0.0174490929410963 0.000398638593814088 0.0174408467933225
0 0 0.000610859814753253 0.0241251988352991 0.000889180049229061 0.0265040369614402
1 0 0.0023014949080049 0.0266649017379453 0.0015053112272384 0.0414318915272008
0 1 0.00240574114963055 0.0527914733160522 0.00242111383624239 0.0398162575178712
1 1 0.000158849656237742 0.0147433940742102 0.000140354735588951 0.0059776896622341
1 1 0.000608853525478897 0.0371468466659818 0.000307418517640259 0.0308323426194104
0 1 0.000107662134904205 0.0125425353145521 0.000128692130729029 0.0116406729048393
1 1 0.000223200501835946 0.0538857531395121 0.000200743368745615 0.0402353823482779
1 0 0.00265029969488441 0.0287770422213091 0.00161683086242253 0.0359166202577537
1 0 0.00205744703348019 0.0313941241210981 0.00127347254081595 0.0328100753157666
1 0 0.000200871241752861 0.0151604420379514 0.00016997700783035 0.0155437458785429
1 1 0.00039479804783971 0.0491193593632132 0.000287910601288184 0.0432161054231453
1 1 0.000919107529425053 0.0211250568704337 0.000567774986673747 0.0146281956733201
1 1 0.000812649878523184 0.0441535988562606 0.000793316268773992 0.0314409454257133
1 1 0.00125647782255045 0.0455617098237255 0.000985553494323628 0.0293100977125904
1 1 0.000826626230326732 0.0366415777363801 0.000733991460799399 0.0347525085305405
0 1 0.000677468609717685 0.036523859829697 0.000898082030962678 0.0264112888450811
0 0 0.00047622243950297 0.030601344112363 0.000492698837834948 0.0316567129020564
0 1 0.000164114692225014 0.00632811451048015 0.000503548153574756 0.00539797541227341
0 0 0.00115050950236644 0.0314846419512993 0.00132957629043916 0.037395593601847
1 1 0.000163743742043442 0.00893967539112068 8.92155729919351e-05 0.00661221017813958
0 1 0.00023015472666984 0.011485094203275 0.000325758506439564 0.00991242015593573
1 0 0.000988414537695274 0.0316303080374306 0.000871868140507895 0.0462867528506883
1 0 1.18633014742284e-05 0.00163248383179983 6.75049554373552e-06 0.00181693701856708
0 1 8.21874708364561e-05 0.00523270509135174 8.77404239096306e-05 0.0033892903479946
0 0 0.000139220501188928 0.0267392183006601 0.000142950571616858 0.0339915813048076
0 1 0.000286254217631157 0.0137168525264846 0.000454079129492896 0.0101742201591693
0 1 1.48845392290147e-05 0.00441524961664803 2.5760492613911e-05 0.00409441602135413
1 0 0.00166807652812482 0.0149531805575047 0.000774270795158359 0.0171296538518875
0 1 4.69524081622038e-05 0.0111118591709308 6.51740762236051e-05 0.00853875065401421
1 1 9.88864227000806e-05 0.0189912498788115 8.5640663482087e-05 0.018698747323656
0 1 0.000537602296863561 0.049645550008497 0.00079214876045108 0.045372958100091
1 1 0.000761590070365213 0.0206463239218831 0.000222735237325556 0.0128550658000098
1 0 0.000307551963969381 0.0121854872046041 0.000122639684547986 0.0133133740815089
1 0 0.000812637631011407 0.01775422772429 0.000697304210022611 0.0194625017384228
1 1 0.00032589668024063 0.00825656288966154 0.000252560955034844 0.00774376582889436
0 0 0.00150697237795091 0.0329996208023036 0.00158147772582341 0.0355806608890398
1 1 0.000791033959597744 0.0265774432336423 0.000660273353265346 0.0182212324593419
1 1 9.13389379933224e-05 0.0122256061954874 5.71461847095488e-05 0.0101787493799354
1 1 8.99483214813793e-06 0.0041459749773805 4.83168386376485e-06 0.00344239185362657
1 0 3.51877700605689e-05 0.00267100861991392 2.3312067966483e-05 0.00303666688144541
0 1 0.000521587645782625 0.0278131850857731 0.000566062710892675 0.0256958553604246
1 0 0.000145393220330425 0.00417614143923094 5.81476623099457e-05 0.00469928197443581
1 1 0.000190860975384803 0.00651474776904129 3.48119049070104e-05 0.00599672029704686
1 0 5.89618995612451e-05 0.00189928545056146 4.27055653312075e-05 0.00506818222747774
1 1 0.000457132349673483 0.0441969745901439 0.00029220905665139 0.0306623520705972
1 0 0.000870913227240813 0.0235094856612583 0.000773272280731291 0.0282181145466199
0 0 0.000784061639255034 0.0292376274629277 0.00133184001327661 0.0295268810368913
1 1 0.00144780117638582 0.0236657623318598 0.000877033121217965 0.022143629982244
1 1 0.000405632154210086 0.0271438253943496 0.000380656743154657 0.0259341853097005
1 1 0.000185384719068604 0.00837041707250391 7.73809511033318e-05 0.00592051036264162
0 1 1.66525335994938e-06 0.00419552412117721 1.41093939165332e-05 0.00210105709277805
0 1 0.000351806309145357 0.00860945247541087 0.000388563447866625 0.00753292712628543
1 0 0.00123413394560259 0.0239720837286308 0.00121065048049301 0.0265627594402307
1 0 0.000171669712926634 0.00664882494029122 7.12220037843052e-05 0.00696866311940144
0 1 9.56867879408775e-05 0.0470834951920775 0.000142974954694156 0.0371268693738695
1 1 0.000576038315699106 0.0234957661992625 0.000177679471603984 0.0199715476228749
0 0 5.02242471680724e-05 0.00471780142806954 5.26248040199406e-05 0.00482025223543119
0 1 0.000211481777451084 0.0505101062814087 0.000232101023784092 0.0296383109819489
1 1 0.000455628691328699 0.0335993482933045 0.000303014228714355 0.0319608561902986
0 0 0.000647610857790605 0.00649078859868018 0.000765746388983635 0.00819451102413913
0 1 0.000235211939823618 0.0457650173812709 0.000295675179038912 0.0331311131370213
1 0 0.000160440810626579 0.0106702208952757 9.75131525129455e-05 0.0143035794933848
1 1 0.00148709433310399 0.0235599483604861 0.00135203502712642 0.0219517300096768
0 1 5.51064515395707e-05 0.00932598805151276 0.000129780962295009 0.00891086857508274
0 1 0.00158832074588562 0.0385750172570263 0.00163304356447195 0.0332275424415565
1 1 3.96790496859654e-05 0.00403492441315111 2.89943442892372e-05 0.00307801271460473
0 1 0.000272575427954419 0.042255946647848 0.000512715081924012 0.0362352342544886
1 1 0.00100181190264318 0.00947141573824295 0.000634167480110381 0.00917110526924851
0 0 0.00110923404422899 0.0201528396494482 0.00119390104646374 0.0237910237326102
1 1 0.00104542791715026 0.0371918533378232 0.000819153133482027 0.0318169190581643
0 0 0.00153769720407459 0.0365196470342717 0.00168064195229681 0.0454910459301685
1 1 0.00101340531537946 0.0226563665371869 0.000895699552796234 0.0169402287371465
1 1 0.00146866171165292 0.0493831055056608 0.00139817552936697 0.0196776042403201
1 0 8.93571434969582e-05 0.0114954640604719 5.22718271432589e-05 0.0163007789677184
0 1 9.21194971431294e-05 0.0134202350035972 0.000111216409336398 0.0110915369630555
1 0 0.00496165837269181 0.0146727134104726 0.00301587032374143 0.016995204734693
1 1 5.53997669015023e-05 0.0123095896075857 3.87639996747239e-05 0.00736363869034405
1 0 2.76371155123127e-05 0.0024253812806252 1.57311188660332e-05 0.00453253367728892
0 0 2.9917145519457e-05 0.011948835144475 4.60054647034492e-05 0.0151988397999032
0 0 9.83300048692876e-05 0.0175430200550787 0.000130069536134321 0.0177327188752398
0 1 8.26723565872708e-05 0.0117083230674772 0.000111662400660992 0.00967141953221023
1 1 0.0004218318080635 0.017241991444808 0.000288263753387264 0.017106863609294
1 1 9.72577290035445e-05 0.0103312900214633 4.59708729524476e-05 0.00558790715992632
0 1 0.000569542282009316 0.0347292927753697 0.000714934230527381 0.0262136526405289
1 0 0.000447013431365715 0.0221419436953225 0.00024884226048523 0.0315858884743718
1 1 0.00174473124447629 0.021423370140185 0.000915907443543349 0.0152607803597714
1 1 0.000107212314432244 0.0725909299106347 8.05982919094863e-05 0.0505837640550409
0 0 2.39566904082278e-05 0.00404892612752454 0.000114431528795355 0.00492531109236708
1 1 0.00040671261407277 0.0124353560180985 0.000336574654891846 0.00831154737366386
0 1 0.00112855296094395 0.0394889707634083 0.00115529511360499 0.0319269450477588
1 1 0.0023313835995214 0.0623219427517524 0.00193408375820923 0.0612885187399646
0 1 0.000999969595459156 0.0472259078395867 0.00110834037996224 0.0400287321103841
1 0 0.000151862404587871 0.0105545916454994 0.000147184172602162 0.0108741571940727
0 1 0.000468341354123763 0.048382200509562 0.000551633869924457 0.0349411244682306
1 1 0.00207435038441467 0.0275882983499948 0.00164996179565762 0.0272527563262096
1 0 0.000160489631203858 0.00256648943558602 6.31429726642441e-05 0.00436080066639383
1 0 9.40467518111178e-05 0.00711792993270717 7.90974722618944e-05 0.00753126146902716
1 0 3.92810628422886e-05 0.00863465850254718 3.65316149196267e-05 0.00897670163733306
1 0 6.81307800172354e-05 0.00234101293130224 4.60936744033885e-05 0.00280672665848362
1 1 0.000912411106250595 0.0238878002323171 0.000613279505400412 0.0173937061798394
1 0 0.000255333667461946 0.0153021138421713 0.000195568279037255 0.0154881819075065
1 1 0.000118465231901186 0.00805966075275225 0.000104932195531423 0.00582537748467957
1 0 0.000121511557785279 0.00279174892781158 6.98180200996755e-05 0.00323932038954394
0 1 1.70783177685758e-05 0.00843355630328531 8.26306023853829e-05 0.0059449995290805
1 1 0.000204238526865452 0.00585559717237673 6.28908312439727e-05 0.00308812659652548
0 1 0.0021138448993254 0.0511560183503149 0.00226107556347331 0.0413854759735183
1 0 0.00021865687670787 0.00394517015503017 0.00011729928541963 0.0051979536884458
1 1 0.000385627550496045 0.0121013069101447 0.000171714512547236 0.00813125994973062
1 1 0.000126497872924165 0.0100364902281783 0.000108681052203635 0.00963347174944904
1 0 0.000475394256298865 0.00508719270511412 0.000331153428978089 0.00564747324091314
1 0 0.000177160991062972 0.00454810204760896 9.2727728361439e-05 0.00982181649746838
1 1 0.000451889556986514 0.0480301783681952 0.000389543165227513 0.0304905650462465
1 1 0.000872721245708909 0.0338598179008063 0.000658224376409534 0.0247465309933934
1 1 0.000115675477116847 0.00753549613757203 0.000103472501159709 0.0073996588764225
0 1 0.000912645328474569 0.037659227656822 0.00104437330666028 0.029889561782826
1 0 0.000569730449417825 0.00616219496947913 0.000159638257591823 0.0080055212927451
1 1 5.06562591832813e-05 0.0108480729463652 5.69039605575399e-06 0.00924585049009618
0 1 0.000809110456422484 0.0213283610758658 0.000829302228776445 0.0116688447488782
1 1 0.000179149069941019 0.00215118496569396 3.70976359066502e-05 0.00204107135702802
1 1 4.56368996765881e-05 0.0159472628952383 4.04741039656056e-05 0.014825853623717
1 1 0.00154694736687942 0.0371397719866257 0.00148157760229585 0.0250623984283484
0 0 7.79931388732211e-05 0.00599510876623019 0.000101211851338299 0.00599607569207801
1 1 0.00314034944448529 0.0211726929583086 0.00196092384072794 0.0182495115686848
0 0 5.50098816603254e-05 0.0137087524624245 0.000508374625736343 0.0174329703018636
0 1 6.6657766040945e-05 0.0124735985856987 9.38084277263447e-05 0.0114812785589643
1 0 0.000198652592455221 0.00499040086889238 7.72496024501807e-05 0.00554093480659775
1 1 1.19936883207901e-05 0.00298027385331827 3.97243645662182e-06 0.00259281890545977
0 1 3.65603641045298e-05 0.00576845743207865 4.34027347902809e-05 0.00395616422851828
0 0 0.000843631837873884 0.0329110065425142 0.00152462581532988 0.033153489308273
1 1 0.000156115418325264 0.0263740098217163 0.000130058689429116 0.0225061375934003
0 1 7.52479316673161e-05 0.0248445971132815 9.12268890638605e-05 0.0196750711096221
1 0 0.000201129802895045 0.00670371637602062 0.000152436096469466 0.00739325195827254
1 1 0.000483914490253675 0.00552162235844164 0.000119214636235718 0.0042230797820971
1 0 0.000327874506620573 0.0101881611092168 0.000239151645985212 0.0122444340808539
0 0 0.000417022609698754 0.0252027147057696 0.000599467711706703 0.027321801727194
1 0 0.000231735010421254 0.00372789260726177 0.000122866740626826 0.00739445373689699
1 1 0.00134373264736945 0.0592037227167425 0.00105565075888648 0.03446256522453
1 0 0.000175663927156312 0.0113738993408667 1.95553102020231e-05 0.0190681575667773
1 0 0.000479038456727154 0.00458208956055917 0.000302147742952956 0.0086122125772204
0 0 0.000146445675405585 0.00634843343357466 0.000198627815120764 0.00664313996694354
1 0 0.00106376692226359 0.0132694624750818 0.000746888966695218 0.0242806501445104
1 1 0.000629326855265085 0.0121005168956286 0.000372376631165256 0.0101596823466793
1 0 0.00111749865372516 0.0218017187919993 0.00103071866175556 0.0250183927656894
1 1 0.000248069998295235 0.013274702421384 0.000215292731870724 0.00826974594731041
0 1 0.000339938329536309 0.0407581200244804 0.000585293123247978 0.0363240462004586
1 0 0.000545154533707708 0.0100102533582158 0.000450251114290825 0.011496575394962
1 1 0.000263105491124114 0.0203520375640217 8.60920808524737e-05 0.0153975377038279
1 1 0.00047981144958871 0.0514645524621909 0.000323232045062302 0.0381601916435449
0 1 4.00857489089943e-05 0.00769005641572041 7.08573483775564e-05 0.00552394742663657
1 1 0.00187494233389752 0.0466037407271074 0.00176245819483271 0.0317603151197604
1 0 0.0016494228975906 0.0678640184791719 0.00131862698537541 0.0734045105964763
1 1 0.00126261623604085 0.0528440370299558 0.00100639888971576 0.0388309314812115
1 1 0.000726089846849093 0.0342125402710934 0.000575461816692398 0.0306519521484161
0 0 0.000585715386137893 0.0275710220704543 0.000645732897919391 0.0405562144763794
1 0 0.00246924008110891 0.0386440715202078 0.00236864222389673 0.0414945198557796
0 1 0.000405084458426821 0.00932738535909087 0.000538454613494369 0.00817765699761881
0 0 0.00034380937674271 0.00816714012610285 0.000480069825030047 0.00891364977940428
1 1 0.00321643390487938 0.0205095620631265 0.000684660857907435 0.0120580518208164
1 1 0.000105674606132923 0.00914101590484946 0.000101368952388999 0.00895716116494345
0 0 0.000105219165062028 0.00949728436295741 0.000129944830563716 0.00992544978055548
1 1 0.000125444810278749 0.00596245352754295 0.000104175869360386 0.00444333645195949
1 1 0.000629204661797599 0.0180445234687927 0.000312802309894513 0.0156268550569141
1 0 0.000107161486563902 0.00292144939880153 3.13986689632512e-05 0.00336122739520554
1 0 0.00097357005928294 0.0113946025738529 0.000555468609878437 0.0125682305459483
1 1 0.000299872993600176 0.00741967643672795 3.39390214843444e-05 0.0063656908139526
1 1 0.00195269181200609 0.0549972286968329 0.00162796973592995 0.0301293843162699
1 1 0.000676564932163363 0.0646700333531666 0.000534170894823512 0.0502420827096694
0 1 0.000491280884995939 0.0198986566393115 0.000799823454887101 0.0147918707210425
0 0 0.000141421728876208 0.0112964648429429 0.000284493596371047 0.0119354177584542
1 0 0.000155948647875426 0.00373316106682179 0.000104225117746146 0.0039327216092435
1 1 0.000349883768605069 0.0108748464369262 0.000253548028107563 0.0105685419965302
1 0 4.14093623920677e-05 0.00392430256041224 1.79531793097572e-05 0.00538522215588805
0 0 0.000108951779048046 0.00396414269665882 0.000121037193007809 0.00410773710726008
1 1 0.00060809596967314 0.0254854277758582 0.000344161438527701 0.0204664122743772
0 0 0.000137474255529495 0.00406491554726105 0.000148197521858156 0.0072546375046184
0 0 3.43708609023135e-05 0.00264540876149312 3.99383032596298e-05 0.00358777278139921
1 1 0.000102431069711854 0.00587092687134244 9.3268789092814e-05 0.0045357002695821
1 0 4.22548951933745e-05 0.0148403001180205 2.81514707192492e-05 0.0165951546359976
1 1 9.21910176428213e-05 0.0247944480364665 3.33027130720685e-05 0.0193954410340494
1 1 0.000822280145351983 0.0369882875918709 0.000652200528473565 0.0330830247038474
1 1 0.000140466624320018 0.0169578585359026 0.0001007793838319 0.0163521061332875
0 0 0.000140147671704657 0.00693019262902359 0.000153932696730208 0.00936451888262857
1 0 0.000163202034296719 0.019501391200503 0.000134278672658316 0.0223895891587939
1 1 0.000110677757022773 0.00229456477118616 6.59840101537062e-05 0.00204807207376362
1 1 0.00183782009877141 0.0367226636258669 0.00165484186330315 0.0295580690115361
1 0 0.00108704349450632 0.0200583922042018 0.000765799479071916 0.0221751270599563
0 0 5.6371360412002e-05 0.0112868025306615 9.25692844545194e-05 0.0117244597084896
1 1 0.000222026590993638 0.00768828744697334 0.000182670472822003 0.00648480438948237
1 0 0.000127258394996741 0.00480725291223543 9.69155298743903e-05 0.00518454250507475
1 0 0.000149021691987103 0.00340901263832894 6.02183662502435e-05 0.0040313405056035
1 0 0.000323918214476521 0.011006405988949 0.000283726522185498 0.0119036924549313
1 0 0.000802140335592785 0.0118525256388812 0.000358866479062953 0.0174217935130802
0 0 0.000857198199435662 0.0267112603422051 0.000940776485660013 0.0267427189054104
1 0 0.00126180189333538 0.0190409976414487 0.00107880489391742 0.0223809076135676
1 1 0.00152670358075269 0.03006163541592 0.00116534847468773 0.0246021793739899
1 1 0.000307217937524438 0.00612812390863674 0.000300912847655518 0.00432999534681706
0 1 0.000235237856726221 0.0190901196150291 0.000304740524513444 0.0124936764839473
1 0 0.0011493214713675 0.0763668079032041 0.000902017719719941 0.0870982433159792
0 1 7.97809349831845e-05 0.0109384909487656 9.97863412447128e-05 0.00717554129710506
0 0 1.98296320073055e-05 0.0130620329537471 3.63921733327597e-05 0.0151257614975489
1 0 8.30324575981852e-05 0.00581130235032149 7.9186666501315e-05 0.0117195558308298
1 0 0.00232821631678128 0.0394201068911222 0.00193612228799783 0.0430877937008391
0 1 0.000796280120906848 0.0407018077263773 0.000813378032904127 0.0234158804478435
0 0 0.00103236442612477 0.0101832357043281 0.00103606749542989 0.0108972724350287
1 1 0.00179426043037161 0.0432847144909277 0.00139791687598318 0.0388166050633276
1 1 1.39089985151559e-05 0.00326170059067149 1.37380169426379e-05 0.00247736358660747
1 1 0.00017470265183494 0.00802589506187024 0.000138879762503594 0.00759125468343688
1 1 0.000176801889969347 0.0246744940910569 0.000102301273278867 0.0193102031743031
0 0 5.51513864320945e-05 0.0077512518283455 6.52935962150475e-05 0.0111126447601393
0 1 0.000384488228815943 0.0579209090913795 0.00053473013613237 0.0434964957847785
1 1 0.000177771055196846 0.0102639300202182 0.000171866870770767 0.00687279533376819
1 1 0.00179306217199208 0.0403649156452132 0.00169727926898955 0.040339297948524
1 1 0.00326480146050419 0.0295356646884549 0.00250960256213398 0.0217351902613751
1 0 0.000210732330725463 0.010672408931813 0.000144023385811782 0.0123347419616776
0 1 7.72033001813698e-06 0.00582034723566777 3.23259502130799e-05 0.00565065233123324
0 0 0.000171778796337875 0.0160866399769352 0.00119219521727822 0.0191579168402767
0 1 0.000182353092390024 0.010623728066832 0.000322620451845568 0.0104548820928691
0 0 0.000478770530187697 0.025957093143575 0.000592016903549969 0.0351355964867963
1 1 0.000121993247537773 0.0107693823502972 8.48741826916417e-05 0.0054965172238206
1 1 0.000140816621673795 0.0102077768624861 5.52303372881391e-05 0.0099802908148078
1 0 0.00022776514404748 0.0048717155277132 0.000176952012176846 0.00508585894873683
1 0 0.00268621264479955 0.0514045982887391 0.0019749260800712 0.0547147518738887
0 0 0.000665441119717035 0.0199191783216456 0.000998792695544945 0.0211163733610683
1 1 0.000776896454228373 0.00975625694070616 0.000776853565052998 0.00721373303847372
1 1 6.80500412591514e-05 0.0117469292170561 4.82389719613159e-05 0.00812423210728521
1 0 0.00296424399164124 0.0185595488619155 0.00263953166983495 0.0204774988593232
0 1 0.000458320842990433 0.013901893169281 0.000578415574063438 0.0104578913455344
1 0 0.000162869747892459 0.00359843839384427 5.37909100175327e-05 0.00534753864849984
1 1 5.82015762841242e-05 0.0175655552631282 3.36374287069929e-05 0.0159802521874172
1 0 0.000191047928864833 0.0192435643036467 0.000127952757467352 0.0204816329425384
1 1 0.00128452321774683 0.0355852792931054 0.0009370331957283 0.0322557240550023
1 1 0.000200108369607322 0.0105460411643818 0.000100905479504094 0.00820766376991763
1 1 0.00081929847738187 0.0183746903040439 0.000593142757203525 0.0162470583686762
1 0 0.000419420303148775 0.00618184917934696 0.00017667619016665 0.00889002490777748
0 1 1.87586046334609e-05 0.00631322299808619 2.57705239021135e-05 0.00604451519511927
0 1 0.000314391896908341 0.0131548644792242 0.000446845851599026 0.010707793029305
0 1 0.000566706082598568 0.0248273111717807 0.000835019520320124 0.0245221051920141
0 1 3.42416959133593e-05 0.00675256929527479 3.78748360023275e-05 0.00487391449824933
0 1 0.000399858145879024 0.0307384965029956 0.000515862121533629 0.0257805215957482
0 1 0.000484026266421538 0.0265464800244739 0.000743524104597499 0.019335012871765
1 1 0.000177474829038274 0.0181071073322136 8.90860799012436e-05 0.0157272992392557
0 1 0.000180853098783007 0.00486088901025817 0.000246841853384132 0.00418860631462317
1 1 3.10987966711596e-06 0.00928283338569362 2.56449729836601e-06 0.00699963000623545
0 1 9.4135505514607e-05 0.00706588517692384 0.000108019374984113 0.0057624705202101
1 0 0.000720123378388241 0.0235620617878063 0.000328198616602712 0.0287250190400808
0 0 0.000480035312244495 0.00809892273912364 0.000488404753062709 0.00988434741709525
1 0 0.00163576429418602 0.0223164572904027 0.00152761225362737 0.0276387473044361
1 1 0.0018081599205082 0.0617394112024474 0.00149474252024116 0.0549030553486053
1 0 1.85345503368369e-05 0.0055741088193487 1.79878980841482e-05 0.00590366140306453
1 1 0.00279535509725352 0.0483332470831631 0.0020001573446679 0.0423412855193987
1 0 3.37541275714037e-05 0.000863131821682425 2.92662230569967e-05 0.00141749273415642
1 1 0.00019734089965725 0.0157370932540462 0.000138302549869844 0.0148908864554969
1 0 0.000241326813915432 0.0086210125330633 0.000233235024300648 0.00946245468585796
1 1 0.000752862221482394 0.0227837567744723 0.000436016418974107 0.0158390330594715
1 1 0.000316031980246871 0.0194154780484543 0.000208886980137771 0.0131809673785767
0 1 0.00025864975251173 0.0155203527908165 0.00027331486915266 0.0107855602978529
1 0 5.40404135259262e-05 0.00619289285109484 4.37744614108151e-05 0.00797628029190059
1 1 1.23494486607121e-05 0.0046844167365254 6.33592840017423e-06 0.00312949404478162
0 1 0.000430396732304867 0.0269434402450965 0.000630641771437807 0.0217032119812728
1 1 0.00284006238558211 0.0578840048890634 0.00190265260527642 0.0394999670675677
0 1 0.000567403187135469 0.0251629684342795 0.000813320780095081 0.0233091014616586
1 0 0.000585537424633001 0.0239719700119614 0.000483066195221066 0.0269960011211036
1 0 4.63339971431704e-05 0.00448118001079478 2.12208450982029e-05 0.00452242936218386
1 1 8.05016900854275e-05 0.00302760074140108 5.83948527190014e-05 0.00255829476341909
0 0 0.000145881167869766 0.0101390231726516 0.000262564183320215 0.0146264596855919
1 0 5.38084324979382e-05 0.00822852928079943 4.70855991435927e-05 0.00905657573128058
1 0 0.000359099043919639 0.00735187358337038 0.000213925928492555 0.00822248388507899
1 1 0.000456587560842057 0.0182677199008543 0.000228637282733208 0.0173541056988281
1 0 0.000263160322515102 0.00507256513040464 0.000211434368023027 0.00827313318537452
1 1 0.000111446467153713 0.00703421864894304 0.000110359325255424 0.00564395381811378
0 1 0.00242973283605464 0.0449233543996726 0.00247341571848786 0.0417210241712035
0 0 0.000213011536478046 0.0267855414796102 0.000254137721612907 0.0269929686732327
1 1 7.94304801538023e-05 0.0158252364754477 5.9764789895139e-05 0.0140553542845144
0 1 0.0010585789446465 0.0228763872630676 0.00123653638420241 0.0117614392903109
0 0 7.17899137292555e-05 0.00515280889752731 0.000169130735606534 0.00568552440281105
1 0 0.0007104189267785 0.0107247685846434 0.000656137692524072 0.0112633996516101
1 1 0.000466329319419253 0.0219266405108537 0.000376834081599082 0.0204083868670937
1 1 3.46566480942287e-05 0.0100128898435075 2.90719560844329e-05 0.00767290641478783
1 0 0.000429918277669307 0.0191027867349832 0.000257350076513788 0.0252969975469894
1 1 0.000146544278340995 0.00387663431696068 9.29688355491076e-05 0.00318322636792205
1 1 0.00134883549709396 0.0534007868511963 0.00128479725446607 0.0321319437134277
1 0 5.72566058184676e-05 0.0016919599483887 1.51435126815224e-05 0.00241481660049677
1 1 0.00020491734069616 0.00434172795734639 0.00011519200859028 0.0038682155442092
0 1 0.000454190058242838 0.0410500850935034 0.000532547221009273 0.0321555920879312
1 0 0.000738444692066971 0.0212889060780259 0.00061488047908154 0.021745535879347
1 0 0.000211198726985196 0.0045027219518314 7.39412188652086e-05 0.00589086306447998
1 1 5.55948754652994e-05 0.00621512909967619 5.17459183628078e-05 0.00561913365370425
1 1 4.45068662857337e-05 0.00304841786933992 2.37702132873776e-05 0.0019818506364099
1 1 0.00023256812638965 0.028905172052514 0.000217637135477872 0.0174878474959142
1 0 0.000534511012520985 0.0176269665056747 0.000402252466809131 0.0184153595581399
0 1 0.000276550307588675 0.0147294272317956 0.000282572351923139 0.0132398966522083
0 1 0.00202960712097554 0.0186089455896214 0.00206837869328745 0.0116777366282345
1 1 0.000537354557019123 0.0236961498433752 0.000305473483961533 0.01523005830025
1 0 9.4680860778157e-05 0.0150840350671328 8.66576956220041e-05 0.0186209333411345
1 1 0.00208181336934073 0.0136386858955847 0.00102538124923092 0.0129213863051574
0 1 0.000173508444553779 0.0108397936260235 0.00045506005923586 0.00980618696770976
1 1 0.000232762663210078 0.0233197188875864 0.000156732277576213 0.0228890823449065
1 0 0.000209954273888713 0.0117012632414722 0.000156914917824778 0.0125465279746729
0 1 0.000253971668833533 0.0280483354096554 0.000647182877409203 0.01813076991942
0 0 3.52463142728183e-05 0.0118591649632907 4.29065664799602e-05 0.0143151076302243
0 1 4.385928414431e-05 0.00593157901617763 5.01162007820614e-05 0.00392838003861264
0 0 0.000581338035249682 0.017330998455092 0.000609686439323649 0.0255361456202044
0 1 0.000285096078986012 0.0429208033806857 0.000335312999647605 0.0400075137358483
0 0 0.000427487578224133 0.0372819677818764 0.000690034581627738 0.044078072997355
0 1 5.1398317010727e-05 0.0148528208977015 6.7380634387678e-05 0.0133040767023078
0 0 0.000355778689594652 0.0257527161055217 0.000444594651454185 0.0375441662517389
0 1 0.000355951521806582 0.0336481253460765 0.000452309979537389 0.0244352360299117
1 1 0.000447799335018861 0.0115469184082674 0.000385165859933085 0.0104439431067816
0 1 4.08438266730771e-05 0.007986860988387 4.18936849903357e-05 0.0062663171255943
0 1 0.000935879644195728 0.0235017119778758 0.000998557190134838 0.022372370130399
1 1 2.49267562556705e-05 0.00495257567212884 1.55254233381744e-05 0.00477210234494727
0 0 0.00173611827150493 0.0237811322786854 0.00175340545238539 0.0254870922478702
0 1 0.000312456291722544 0.0307794302117536 0.000330975369606681 0.0233938089132026
0 0 0.000154079749264908 0.00456186554489557 0.000157930441313548 0.00476692976022447
1 1 3.47298350306576e-05 0.00885979742120116 2.24824042807423e-05 0.00369101252975373
1 0 0.000188812593353623 0.00838419250929887 2.17965360014601e-05 0.00997093909554893
0 1 0.000361762650483873 0.0180694687486847 0.00052595415524449 0.0177609544812453
1 0 0.000106547474256776 0.00579132270228515 3.50240127982227e-05 0.00691260738422132
0 1 9.40984890291775e-05 0.0297137470744724 0.000107175282561791 0.0233863908560769
1 1 0.00176510583449009 0.0334886039534857 0.00163580359109238 0.0332302037474338
0 1 9.11493859982101e-05 0.00373182817832993 0.00013878096889013 0.00298208633427178
1 0 0.00102041589736711 0.0111875903511484 0.000551169967948637 0.018084842962264
1 0 0.000324080726196876 0.0168929806864638 0.000225528051909933 0.0188756807222557
1 1 0.000270654366090685 0.0145847924281829 0.000109487341739345 0.0136425792908121
1 1 0.000377661037818002 0.0391106506296312 0.000233521054358595 0.0358859892147962
0 1 0.000169839084907583 0.0155629438468041 0.000435673665702772 0.0141632105664912
0 0 0.000362516666549958 0.0308769618470924 0.000861210118385307 0.0360988978091722
1 0 0.000803653992684614 0.0376223853525885 0.000684422892440567 0.0401947867989781
0 1 0.000260850839184861 0.0267188601483667 0.000314111833860593 0.0258455839075899
1 1 0.000260074370576511 0.0238240067745324 0.000204875094402984 0.0204993942617992
0 1 2.24829271693952e-06 0.00186565741071321 1.2254054377939e-05 0.00142964674122283
1 1 0.000555387908018277 0.0141092820214965 0.00031202785146707 0.0116343801722208
1 1 0.000700264488904872 0.0164346203153839 0.000674058602064027 0.0091280757002496
0 1 5.67849946570237e-05 0.0162938560008782 6.68330404622857e-05 0.0108837975871669
1 1 0.00111842389816277 0.0225121066815756 0.00028950564289225 0.0165031060991731
1 0 7.2709696657372e-05 0.00446798632279139 4.9038163190898e-05 0.00597219398864134
1 1 0.000552654878445594 0.0135428332234756 0.000274303122184471 0.00912105892757731
0 1 0.000117091164884489 0.0504589220301754 0.000216299459697482 0.044372955762147
0 0 4.62491023609475e-05 0.00468954892558399 8.24672174894266e-05 0.00600578283364686
0 1 0.000201295475813024 0.02101049235967 0.000433381929668423 0.0134626555365281
1 1 8.81200853900901e-05 0.00204020499835356 7.70874413171546e-05 0.00173151032024492
1 1 0.00124226022959046 0.0136643329378793 0.000436023368877601 0.00931838732801064
1 1 0.00023500814302928 0.00623032642609057 0.000200571031035076 0.00520650863492861
0 1 0.000117949670899985 0.0252420146689697 0.000165911938885598 0.0200972705232035
1 1 0.000350068330541978 0.0391085531726879 0.000244356965622363 0.0357757789483499
1 1 0.000316229935714297 0.0281913132807286 0.0001705614989877 0.0258001490233992
0 0 0.000296571914506286 0.0155775770931472 0.000319196272538592 0.0159986724108304
0 1 9.9016793991321e-05 0.00755258243439365 0.000131505752649125 0.00666942308646256
1 1 0.000262960956154466 0.0071923553778858 0.000232519495255267 0.00574080137487577
1 1 0.00103341498579425 0.0222003007958926 0.000983953300690835 0.0125345784168192
1 1 0.00139399121173055 0.0376940605888713 0.00103608813603958 0.0360217058542075
1 0 0.000761094058808678 0.0457785196312739 0.000619803905909889 0.0523724798592821
0 1 3.07792176316579e-05 0.00418015217723652 5.06084612732635e-05 0.0029521179351341
0 1 0.000312660241978227 0.0228571271157179 0.000399835891649225 0.0187565923321895
1 1 4.51209543613999e-05 0.00327518686633035 3.5121934622025e-05 0.00212410358583007
1 1 0.000300107181633172 0.0490930141228706 0.000181390879422557 0.0254779694325535
0 1 0.000240855098690125 0.0216612658047781 0.000402043241227322 0.0185444616013924
1 1 8.60268586178886e-05 0.0130345983749237 3.21548850304431e-05 0.00704826201890321
1 1 0.00247035067467733 0.0450670916125702 0.00180307294763845 0.0416530163338261
1 1 0.000247156743383099 0.0161009665752857 0.000242788852106896 0.014798041000667
1 1 0.000394072019310342 0.0316494709004383 0.000277584696681961 0.0309505007091915
0 1 5.76119663795807e-05 0.00457701697492952 7.15180317329926e-05 0.00423252922602384
1 1 0.00124337407864304 0.022816735069472 0.000905148891630125 0.0221364308628035
0 1 2.41844324046279e-05 0.0108498883566845 2.96347066616819e-05 0.00910826436257366
1 0 7.7735538278589e-05 0.00725374372157311 6.64641980464316e-05 0.00817024146167326
1 1 0.000103515760657944 0.0370014181422719 9.07297280847828e-05 0.0281191267142678
1 0 0.00114130298994644 0.0333158972761992 0.000703726470831943 0.0415528844207501
1 0 0.00205885619813836 0.0348811200296841 0.00184315631483355 0.0366093573291061
0 1 5.13272259032852e-05 0.00305585020684225 5.82354159132272e-05 0.00279692563241899
0 1 0.000549900937095877 0.0405765292542606 0.000747646090144861 0.0325601673268146
0 1 0.00061253667102021 0.0288457596623169 0.000651370138478352 0.0244263514820296
1 1 4.01528632228339e-05 0.0478777541207134 3.63740687071315e-05 0.0428399870157562
1 1 0.00131332192361669 0.0137616650739371 0.00088505438795381 0.0114614774848386
1 1 6.09330158378306e-05 0.00537132732199872 4.13843947165807e-05 0.00483742171547188
1 0 0.000207650997536457 0.0125866015704209 0.000194140500453487 0.0164402778039147
1 1 9.08026472713769e-05 0.00445889181272207 7.44014419173658e-05 0.00417639497943943
1 1 0.000468644366677252 0.0134172753623331 0.000429571599045574 0.00921853188723145
1 1 0.000589185077526393 0.0150584616036694 0.000359007980282753 0.0141094661565065
1 1 0.000261286864834667 0.010518776073815 0.000166304010048502 0.00422368383741798
1 0 0.000411322234144833 0.00217933034872867 0.000275868138205857 0.00397274492208446
0 0 2.54331446024178e-05 0.00752403545521228 3.90849316215059e-05 0.0108445470087018
1 1 3.80117913784106e-05 0.00304640530103224 2.65254038535088e-05 0.00281192263763765
1 1 0.00126219086747206 0.0400180747061272 0.00125902895632234 0.0356986291403575
1 0 0.000156394586129198 0.00403942714057778 9.46404343909476e-05 0.00476649540857482
1 0 0.000327848073789502 0.0242219004375217 0.000307588006042182 0.0310250533101285
1 1 0.0086896963300886 0.034954896738902 0.00615405184649657 0.0255871713605161
1 1 0.000455642982695083 0.0251825262115067 0.000382329884291742 0.0217810145660827
1 1 0.000774339315842271 0.0445484303822451 0.00039711006180823 0.0232552015139758
1 0 0.00258903534582366 0.0339355654414185 0.00180059922462877 0.0406500557524622
1 1 0.000382497278935266 0.0215868491540169 0.000335431691659488 0.014260736930273
1 1 0.000284365727116288 0.00864501014030747 0.00020919799667037 0.0046228648652461
0 0 0.000740840467307643 0.0698083411667311 0.000771568852947284 0.0790133382211191
1 1 0.00274253654441593 0.0242235704555464 0.00227543992965217 0.017689419369962
1 1 0.000418308437018968 0.0320160455315946 0.000291549812945124 0.0274254300242227
1 1 7.19999772682016e-05 0.0029457068464769 4.56631559996249e-05 0.00244886334109498
1 0 0.000203416909431753 0.00835664635226051 0.000186405704677572 0.0129255824346986
1 0 0.00030533552787538 0.00596332392104174 0.000288285392918446 0.00867692880335936
0 0 0.00120774971829263 0.0269613547552699 0.00149269279107961 0.029389084372068
0 1 0.00018197385506089 0.00733607601967407 0.000193018889889359 0.00677418952676305
0 1 0.000503777352824087 0.0781223081813062 0.000721843348539383 0.0399109991179041
1 1 0.000103762239406599 0.00431241135657722 5.48301679923028e-05 0.00326259642236431
1 1 0.000984404009902262 0.025495132554862 0.00042469710542715 0.0157896899068412
0 1 0.00110634718276 0.0315477280859211 0.00121603256240975 0.025622334778141
1 0 8.29867865054189e-05 0.00983678351342994 2.15018093956643e-05 0.0117009488745539
1 0 0.000897564975351193 0.0252370885518299 0.000657608187670432 0.0307565646032283
1 1 0.000461453160635795 0.0326235598934046 0.00040747828372742 0.0291781951033303
0 1 0.000113044348562694 0.00928042529021915 0.00013332731016198 0.00770200104585854
0 1 0.000381475111226184 0.0681265927728978 0.000658333873933962 0.0531762784378157
1 1 0.000487152939328011 0.020952754585922 0.000308045335517783 0.0195205462065166
1 0 8.04751519593101e-06 0.00304074203093458 3.46611966409758e-06 0.00433026943968025
0 1 0.000136406542747046 0.00787215732573963 0.000170268802548907 0.00623171393341251
1 1 0.00105286041897268 0.0269232914118932 0.00099930872483088 0.0235919384857982
1 1 0.000904655978077341 0.0620666878467544 0.000776556965239473 0.038296458458284
0 1 0.000355853128488067 0.0125135877760001 0.000374961935274748 0.00988157464508073
1 1 6.34825922580703e-05 0.00888684670343144 3.40763295631576e-05 0.00562215970385475
1 1 0.00064985864524933 0.0144501143178094 0.000492970077260523 0.0122821875578032
1 1 0.000320130549995548 0.0217354349627169 0.000156303371863175 0.0213574426016114
1 0 1.0380623997811e-05 0.00346314356986963 6.80189160658485e-06 0.00645252232858366
1 0 9.59555498079762e-06 0.00721668598002423 7.14301413437856e-06 0.00964768340051006
1 1 6.98171296774329e-05 0.00647609503649898 4.54837592852385e-05 0.00491075587912565
0 1 0.000259673747911222 0.0278370636598988 0.000276273804858652 0.0198756343519139
1 1 0.000486257041786128 0.0498051893498356 0.000417389699307831 0.0468613612510948
1 1 0.00069079001520423 0.0267948138024349 0.000556937043425685 0.0236052989780282
1 1 3.365866750037e-05 0.00991714459702133 1.80404312593966e-05 0.00722679678291159
1 1 0.000112465814327472 0.00244239849087336 0.000106806577139129 0.00216570015702943
1 1 0.000386769068951483 0.00910528808451033 0.000332465522022606 0.00780313456347552
0 1 0.000719176763022499 0.00473226596728557 0.000784533905732236 0.0046584320044794
1 1 0.000582694795979276 0.0499896137974139 0.000468563966981211 0.0337926187916995
1 1 0.000181749633981409 0.0246733801285842 7.70728570804395e-05 0.0224333026711526
0 0 0.00071195177823588 0.00993584241635884 0.000904342889266103 0.0109894478570217
1 0 0.000567031478913259 0.0111651600513549 0.000400489305073363 0.0141681237612229
0 1 8.84630530167332e-05 0.0229983902002372 0.000171216358088808 0.0148791936711657
0 0 0.000280890176581972 0.0391296775099335 0.000396615743233378 0.0404760950994775
1 1 0.000129880540996347 0.0101721814680708 0.000107433927905303 0.00984106412204941
1 1 0.000205278522552613 0.00612146167899733 0.000121283313415196 0.00519773838667709
1 1 0.00112203643941174 0.0357291316337831 0.000952381569609536 0.0173899499311597
1 1 0.000866741800014634 0.0187023076993186 5.40706207411662e-05 0.0178970162508095
1 1 0.000557841476290669 0.0194695083311355 0.000436514447281491 0.0188343361476786
0 1 1.21085688064728e-05 0.0122994961138113 2.08378469838892e-05 0.00661550940115205
1 0 9.7168939235132e-05 0.00360602008528532 3.02204910767546e-05 0.00405831802377326
1 1 0.000903839595074138 0.0181298717603667 0.000795731427157233 0.0171102220167817
0 1 9.78888509861697e-05 0.00808964795353084 0.000237665746484384 0.00604952783739554
1 1 0.000378176920039338 0.041175702657542 0.000208100144400386 0.0246686252730358
0 0 4.52696855062217e-05 0.00675908706452283 6.45908896157537e-05 0.0108811164655598
1 1 0.000129726746968214 0.0140712244521541 0.000121303671222408 0.0119499653642471
0 1 0.00013700965418474 0.00473149290808367 0.00018810057565747 0.00394465908661305
1 1 6.87388146386085e-05 0.00303167559911388 5.40152546528019e-05 0.00219964928031211
1 1 0.000177243803827731 0.024318699911839 0.000135186833973122 0.00978019937339002
0 1 2.28397522186448e-05 0.0246929640570867 3.14457177833684e-05 0.0131492037782352
1 1 0.000328328154369728 0.0372758258908496 0.000297253445961561 0.0225532438454774
0 1 0.000808789841041381 0.0739274086033389 0.00104485194569998 0.0556597019435569
1 1 0.000128086398475279 0.00285451012104118 2.6064511521212e-05 0.00253741706116213
1 1 0.00035794621233894 0.00861736095481512 0.000336381106691102 0.0057791576833191
0 1 0.000173468361450592 0.00838275610753852 0.000230512592225628 0.00551230044770034
0 0 0.00103393715844597 0.0321558737119945 0.00119411812311324 0.0378073839281246
0 0 0.00125987594553347 0.0124021814859991 0.00209524039529679 0.0127592541715818
1 0 0.000291883968254666 0.00744681239084638 0.000258481624952805 0.00804084005392012
1 1 0.000928513002263344 0.0308801873945701 0.000774132031933455 0.0273315683107783
0 0 0.000699232961341985 0.0219385576252881 0.000847073927622246 0.0229313752429081
0 0 0.0014703257504904 0.0399697266992265 0.00169882474784474 0.0415484798584364
1 1 0.000682005100608231 0.0109113925171506 0.000586204447102356 0.00937473256228258
1 1 0.00132068055078789 0.0360801888112124 0.000904857481864341 0.0352058032974323
0 1 4.77951905220392e-05 0.0169217818868229 8.69350182096568e-05 0.0109984129379243
1 0 0.00569756805453461 0.0397562178736868 0.00427244847586026 0.0402473447701881
1 1 2.3273416694679e-05 0.00465484778681491 7.70268543238663e-06 0.00419722726961576
1 0 0.000485023109155854 0.0116007138048575 0.000467238532894767 0.0118478177732074
0 1 4.40125101677537e-05 0.00296244118519136 7.80207842810747e-05 0.00240093738358444
1 1 0.000162864264291583 0.00568890259897825 9.43814912560422e-05 0.00435036827313664
1 0 0.000908490243323281 0.0399659202513324 0.000687070952387787 0.0474549421947887
1 1 0.00041721182007807 0.00622892916968203 0.000211066593531948 0.00598173294489056
0 0 7.48068061040031e-05 0.00412928888478568 0.00017234316149023 0.00445327657609317
1 1 0.00172652174320396 0.0279697516400313 0.00122528305643239 0.0215522935675638
1 0 0.000651132923117181 0.0248796299980445 0.000518083987440759 0.0323265039205774
1 0 7.13177364153035e-05 0.00447644321788715 6.57090887558551e-05 0.00560480832454637
1 1 0.00027208881744551 0.0279858213884892 0.000196793480164351 0.0167761657676041
1 1 0.0002810061745745 0.00479551153894923 0.000173982052478732 0.00393557091274308
1 1 0.000181075729962983 0.014528169817254 0.000166820215114608 0.0108208264082558
1 0 0.000593455260168363 0.00670003673100804 0.000541475713314458 0.00740728990098816
0 1 0.00095489546469644 0.024255880847922 0.000956490463082696 0.0169597793586625
0 1 0.000358193735343828 0.0116829055338543 0.000440451969875393 0.0104966187035049
0 0 3.36095664262271e-05 0.0187308060055504 0.000151309223247128 0.0226847989564426
1 1 0.000250784111740038 0.00795788807236537 0.000173574606216832 0.00767019463564613
1 0 0.000160389376380322 0.00289620752099974 4.27971222300112e-05 0.00335694487785592
0 1 0.000738200825135643 0.0201971499236582 0.000981266787257411 0.0186139863253785
0 0 9.84934075185216e-05 0.00288258844145618 0.000147804529985902 0.00610209231160545
1 1 9.5195532578956e-05 0.00855522055389219 6.67934922073662e-05 0.0074003812383879
0 1 0.000257944142154702 0.0167934843265251 0.000299955888392569 0.0154410808465944
1 1 0.000215850298411147 0.0102980388636269 0.000199433146787155 0.00934103907638015
1 1 0.000565945349674381 0.0115115949268021 0.000384722963661914 0.0078971547013181
1 1 0.000752516771346532 0.0296530084268673 0.000715592304913096 0.0208449031384623
0 0 0.000356622909914099 0.0161697462126576 0.000453992679059889 0.0204273758591063
1 0 0.000959075022188439 0.0126309106547394 0.000855737475202218 0.0138803438678316
1 1 0.000429074763935186 0.0341030950992185 0.000352019437937534 0.0219600748305434
1 0 0.000630671879951998 0.00897971233708866 0.000380850151163098 0.00938718588080204
1 1 0.000465841712496142 0.0151521035099099 0.000367290070661758 0.0145013501401943
1 1 0.000466095641933848 0.0808469157229826 0.000332143470806064 0.0364369047732687
0 1 0.00166434913680843 0.0459092092696126 0.00178489684680622 0.0393091175146758
1 1 0.000299312971930649 0.0100337764539595 7.52537493280169e-05 0.00912594668268696
0 1 0.00034567291937726 0.0482986670620275 0.000652609738280368 0.0315099570863201
0 1 0.000102514571620253 0.00562177487257561 0.000185988468983298 0.00553100440393613
0 1 0.000593270573323321 0.0550404122033658 0.00092801304533738 0.0459341804084849
1 0 0.000761772280819868 0.0160832489144648 0.000720140002611282 0.0218486926044206
0 0 0.000314628196430379 0.0160757745574139 0.000487644300795863 0.0193962514596614
1 1 0.000345852211791959 0.0108561561820497 0.000171792393677417 0.00917125585943183
1 0 7.02196622842224e-05 0.00797742907865783 4.62821561383566e-05 0.00917396978994158
1 0 0.00399817304280664 0.0314337865155471 0.0026472038477086 0.0326950708323699
1 1 0.000693276955366859 0.0452100574698526 0.000580276548961068 0.0310231019106905
1 1 0.000156258586965643 0.00919344846073983 0.000126119184929299 0.00917941911823466
1 0 8.29923959917673e-05 0.00370297692503052 3.30697299808153e-05 0.00498597511240563
1 1 0.0015041140363744 0.0426103345866122 0.0012452854624909 0.0407225247083543
0 1 0.000992442164111529 0.0637087516026173 0.00133092864342192 0.054056606120963
1 0 0.00140939886808657 0.0299400377952227 0.000640450335453125 0.033202847550273
0 1 5.25884223063404e-05 0.0152324680663988 6.20271627986468e-05 0.010053535759008
1 1 0.000131507842847582 0.00567115810484879 0.000102326395942656 0.00544702636711838
1 0 0.00109740098043926 0.0154812698737075 0.000594625828386804 0.0186980678901277
1 1 0.000294517636842819 0.0394496401036995 0.000228094808058604 0.0261874617962057
1 0 0.000256376550284037 0.0111782585916477 0.000168792370262167 0.0152297505447524
0 0 0.000696056116077288 0.0412718441224855 0.000980339879932285 0.0545048908541516
1 0 0.000280741550851638 0.0121543491154863 0.000113954586407799 0.0123279235122897
0 0 0.00125217636338364 0.0134949979411004 0.00206134030282284 0.0194715489816876
0 1 1.97543789475164e-05 0.00283379111951881 2.35153179568856e-05 0.0026418142948726
0 0 0.00034649826771279 0.00373404450270107 0.000413570082911086 0.00475089399675822
0 1 0.000555743024302221 0.0419777334808499 0.000821757955456098 0.0367735013374975
1 0 0.000159379319371376 0.00832068595624679 0.000132639657857427 0.00862109564861662
1 1 0.00737233788862321 0.0665471800352223 0.00570854090613572 0.0439690811691266
1 1 0.000928674439437195 0.00967099857778971 0.000403217178346525 0.00792771428959984
0 1 0.00119178015407895 0.0503226155041592 0.00128768408553702 0.0266722304191662
0 0 0.00016758015959922 0.00747937025048965 0.000252891625094724 0.0087860353702793
0 0 0.00101762421068252 0.0182983275128711 0.00105000515755182 0.022624943999012
1 0 0.000112408856077665 0.0056823028624908 7.09054648243161e-05 0.00703062291407223
0 0 0.000645230500126298 0.0184380869715163 0.000679243615358049 0.0195519461807844
1 1 0.000102397869043228 0.00557392331358106 3.56495384014729e-05 0.0032385495877239
1 0 0.000119161890784042 0.00210281436436452 3.85019112088137e-05 0.00286343321013803
0 1 0.000295294114576384 0.0248346778304934 0.000321137638923647 0.0225369191621069
1 0 0.000405680278696924 0.0335289424827857 0.000387689553024142 0.0352086676272256
0 1 4.70359617511358e-05 0.015006707566489 6.89082149989253e-05 0.0110010021116507
1 1 0.000195429217038113 0.0116704562147539 0.000182475318022206 0.0109334493908148
0 1 4.92671457334346e-05 0.0154712175105749 0.000179106551171708 0.010134191024572
1 1 0.000566496018395249 0.0162247577172592 0.000389605473341091 0.0147126875115515
1 1 0.000323423419221715 0.00740008207301114 0.000142774458509571 0.00541033256369632
1 1 0.00080076833928216 0.0358545873524369 0.000225947548016202 0.015698378786359
0 1 0.000923736024172445 0.0159703486988859 0.000988938237162895 0.0141814776575119
1 0 0.000164740201424654 0.00641354302475695 0.000135719444319893 0.00877270785838045
0 0 0.000161041230442671 0.00836550827884432 0.000167249913842872 0.00847784355171888
0 1 5.66158431609804e-05 0.00440584035739576 6.21305426629246e-05 0.00336340688371335
1 0 0.000518521758371939 0.0142577093665834 0.000117460362771353 0.015919417054143
0 0 0.000569990028389056 0.0237941899851882 0.000579707247498107 0.0309916618431021
1 1 0.00172131602346117 0.022134016105381 0.00158037054117938 0.0196940021468214
1 0 3.11868630306825e-05 0.0248320687047047 1.41070588191127e-05 0.025533707909039
0 1 4.57290719251865e-05 0.0325629606640999 0.000220116139844832 0.0194618710876104
1 1 0.000100088224582609 0.00469998685602854 6.61141441046201e-05 0.00425809289615491
1 0 0.000392846585941271 0.0145395446077804 0.000186447225675129 0.023591410879082
1 0 0.000748378490638867 0.0173871670436315 0.000515761294997757 0.0374468866511989
1 1 0.000378123140823192 0.0167852998188155 0.000256660173273534 0.0122500821536589
0 1 0.000283380208772633 0.0225185733320632 0.000287307467403899 0.0119558140017744
1 1 7.86227452331137e-05 0.00470657517872456 6.34803273672595e-05 0.00309230660894323
1 0 0.000319495452664479 0.00977209829991076 0.00014956136425384 0.0102084412574948
1 1 0.000259764783868783 0.00819403254053656 0.000246282534967226 0.00535200968023262
0 0 0.000121533321939786 0.00370135168707494 0.000140527311379118 0.00427523205101306
1 0 0.000264235257162567 0.00448441894430954 0.00016102235006143 0.00531766072452019
1 1 0.00066700594691372 0.0401949457696798 0.000572310176135713 0.0365947012917921
1 0 0.000418582174405282 0.0052788823826445 0.000182175465373615 0.00553536704129542
1 1 0.000287127514838197 0.0086098732126388 0.000131660191702164 0.00747986007772503
0 0 6.08999800670317e-05 0.00577865102428986 8.4020715181586e-05 0.00643473009395809
0 1 0.000222277581975059 0.0137992415895014 0.000239188585171301 0.0127818900454319
0 1 0.000158015569838156 0.0052363731694499 0.00020478263591521 0.0050861197548513
1 1 3.50916603522879e-05 0.00715930958280285 2.7035049374146e-05 0.00565879661658243
1 0 0.00127051428735628 0.0373386338873263 0.00122264016918393 0.0377534929630446
1 1 4.28988099370396e-05 0.00334104462989591 2.62720395253881e-05 0.00252400886068649
1 1 0.000756087592493367 0.0329931882728978 0.000616471657402073 0.0276651315963305
1 1 0.0011359140338728 0.0251573178522647 0.00103845633266389 0.0229091951864903
1 1 0.000949469423270584 0.030761330406722 0.000693904925200735 0.0246117501327427
0 0 0.00175307115223263 0.0415075897449278 0.00253121345925891 0.0423270367566472
1 0 0.000314322463221494 0.00478299402394657 0.000269891559463595 0.00668467232232428
0 0 0.000398994220849841 0.0219370444251761 0.00076219369435273 0.0344957096171136
1 1 0.000149753203239288 0.0162235713620832 0.000147042353816189 0.0126525909653968
1 0 0.000237811036844102 0.00773707744211121 0.000183725086857315 0.0130825128058232
0 0 0.000688986897851315 0.031055438532877 0.000781768074256707 0.032411744969078
0 1 0.000747302038744759 0.0469240057051945 0.000905434403400232 0.0346839202390904
1 0 0.00103118439039298 0.0183252043771949 0.000742034169044414 0.0196159075855266
0 1 0.000151991327408202 0.0265782550814985 0.000159899967622483 0.0139105847706994
1 1 0.000323426120266721 0.0094581432456717 0.000110117838382543 0.00900107994577158
0 1 7.08884992137623e-05 0.0268872925070027 0.000109923104452465 0.0165935590616501
1 0 0.00125417203013004 0.0111730896147964 0.000511429721590454 0.0138690495728051
1 0 0.000187705614936179 0.00587852851477702 5.56066249717588e-05 0.00672198145730972
0 1 5.58073791896763e-05 0.00930379322457151 8.4387566593988e-05 0.00787475526171737
0 1 0.00185710877474072 0.0640410397113464 0.00225432883300775 0.0552509583527543
0 0 4.72639917042749e-05 0.00187583137742292 9.99771145754612e-05 0.00209170601265926
1 1 0.00061101130452359 0.00980951028964983 0.000282192773499964 0.00851936844887328
1 0 0.000198195338183629 0.0142238740582271 0.000132835560188378 0.0146293815373236
1 1 0.00179413096357723 0.0440744670053048 0.00140886513561169 0.0341792640119748
0 0 2.06167554592594e-05 0.00402326340585596 4.56095822386279e-05 0.0056809080171817
0 0 5.9162967930828e-06 0.00168698157121419 3.16428056140338e-05 0.003109387389349
0 0 4.05713623435102e-05 0.00658151275524552 7.73747328025974e-05 0.00844133951115109
1 1 0.0013466461876427 0.0323705254836137 0.000984003459911003 0.0292407904885916
0 1 0.00192537833348043 0.095335487606463 0.00227334152264737 0.0568405509514985
0 0 0.000891613491992957 0.0124549587657984 0.00108200299580759 0.0157660587146124
0 0 7.68924586588825e-05 0.00668390878738301 0.000139973444443292 0.00898622768244716
0 1 0.000345522735807513 0.0392886397729519 0.000429732115245735 0.0361224080585109
0 1 0.000105047748164988 0.00702527482471717 0.000142882662001813 0.00672812874736473
1 1 0.000523365132803698 0.0427380258004867 0.000220214588826201 0.0386813160134489
1 1 0.000707312251212988 0.0438273016024716 0.000371540676859261 0.0282136538004082
1 1 0.000186503902796061 0.0164969760894821 6.41719696865939e-05 0.0151666350795912
0 1 0.000350623864511656 0.0265340016428541 0.000457512642950377 0.0237191003042653
0 1 0.000346099333094718 0.0175561737403648 0.000546094589848304 0.0170553611035962
1 1 0.00124267506238563 0.0648866664028398 0.00119363024480254 0.0375352629983957
1 0 9.96215773217174e-05 0.0037316842020094 6.13434507847808e-05 0.0051178748536503
0 1 0.000168873939900156 0.0337170069661475 0.00021163900187971 0.0246664890260701
1 0 0.000336351554248746 0.0247914357472441 0.000193282413476679 0.0294952060357663
0 1 0.000179232868736356 0.00889583058032188 0.000439659484388317 0.0069908896077994
1 1 0.000261483378968107 0.00952925532826654 0.000134854643355359 0.00869967237547938
1 0 7.4107306087119e-05 0.0070740192454206 4.89743090577629e-05 0.00874812696034286
1 0 0.000305088147621967 0.00577611239785334 0.000248294608679445 0.00630787508962232
1 1 7.39475420574862e-05 0.00682109060892717 5.46622476428162e-05 0.00441138723571677
0 0 5.90149674679729e-05 0.0718819517796906 0.000284864153529763 0.106776405966004
0 1 0.00115156760899097 0.0607929809158465 0.00156877966326427 0.0418655303571621
0 1 0.00220542157920207 0.0524102856418256 0.00256575600895489 0.0367260185794259
1 0 0.00102474268703441 0.00393849570789867 0.000283762761367447 0.00465377340084693
0 1 0.000202101548171151 0.00713020354515899 0.000235374832958963 0.00679258869741961
0 1 2.77059822718585e-05 0.00493549544075339 3.37237269054968e-05 0.00470751369829109
0 1 0.00012968584681652 0.00497997516977924 0.000243531423948349 0.00438033054088103
1 1 0.000161061697138917 0.00661551950891507 0.000127017574632898 0.00648122987446616
0 0 0.00142502547890189 0.0307579597069806 0.00157458768057432 0.0339760936371992
1 0 0.000132166122103191 0.0169347228552486 0.000120718507623347 0.0210685221235125
0 0 9.24533400353305e-05 0.00482722730707611 0.000100418549407642 0.00650505066381377
1 1 0.000675741556579009 0.0466611748849599 0.000490470790226368 0.0398181706670205
0 1 0.000323695625165104 0.0389476934997349 0.000763144096270738 0.038797330690062
0 1 0.000717318593009873 0.0208295302228017 0.000718938752704135 0.0162763504274689
1 0 6.96361453109712e-05 0.00309557823118512 2.00268871563477e-05 0.006411261914005
1 1 5.90487573781748e-05 0.00822818784343411 4.70274240823324e-05 0.00573380089221102
1 0 0.000296041877635735 0.00628075374094577 0.000249905882059837 0.00691314010392756
0 0 0.00040472421485992 0.0129695610875797 0.000405254385320094 0.0131966649378741
0 0 0.000810732207166044 0.0197075427397594 0.0008159702856617 0.0240149800041223
1 1 3.08933113511963e-05 0.00792957048388408 2.19039042135796e-05 0.00559551021744416
1 1 0.000296511066770585 0.0200197024483195 0.000184001111402295 0.0107248566288431
0 0 0.000830070071540812 0.0382931935708876 0.00108262457228337 0.0403842286080731
1 1 0.000181685257021047 0.0347764838012586 0.00016986425049865 0.0281907251258826
1 1 0.000217298407387904 0.0233202204366319 0.000214918360052945 0.0220823388091855
1 1 0.000179578070078242 0.0164429307856016 0.000107454421136748 0.0122986500440645
1 1 0.00014852777343606 0.00858103027814131 4.06019343675245e-05 0.00834551906409985
1 0 0.000725503550257162 0.0266283134764525 0.000201894434436602 0.0270163982507654
0 1 1.19000808144141e-05 0.0112456562790657 3.75680803661366e-05 0.0105332423936591
1 1 0.000195113788382262 0.0114116223878011 0.000141951066358613 0.00885469347872766
0 1 0.00022097690106185 0.0265817760954662 0.000631514511068552 0.0220359415820134
0 1 0.000668550623586994 0.0404965837227411 0.00110525974262455 0.0307696944288807
1 0 8.56949927653882e-05 0.00206482109248517 4.3868314002812e-05 0.00410245334611996
1 1 0.000703775550877653 0.0101111745578539 0.00056045086930717 0.0097129390771159
0 0 0.000167116381122476 0.00768025384142869 0.000190199006767847 0.00886569634795345
0 1 0.00237799439085885 0.0686750735549915 0.00308759148629799 0.0554945502525898
1 0 9.93136887152081e-05 0.0122987445210538 1.55164720569863e-05 0.0214160868375423
1 0 0.00030135066931439 0.00351150774073328 0.00021374659933741 0.00517176729856793
0 1 0.000155900228674431 0.0259446350251399 0.000187642829811028 0.0181791484003104
1 0 0.00148963818346019 0.0255037729563408 0.00131600913141854 0.0295805536224685
1 1 0.000427865543264973 0.0275856054915493 0.000305275527080054 0.0220057726802974
1 1 0.000590469014577527 0.0222637643847768 0.000588625859029912 0.0171973347403935
0 1 9.87065024893323e-05 0.0139210215309739 0.000166327503843477 0.010259891411376
1 1 4.91292970388703e-05 0.0037689107871275 4.33754616127162e-05 0.0037320055185074
1 0 0.000726421853342055 0.00484283187496756 0.000486529540438022 0.00577311049114062
1 1 0.000262358579370153 0.00585508973044504 0.000133102666498305 0.00434155406320779
0 0 6.21301645856544e-05 0.0041195037230897 0.000100912608164093 0.00640857827611747
0 1 0.00025845205574817 0.0220796042671529 0.000405733569012331 0.0165298399450633
0 1 2.9637972802001e-05 0.0108187642462411 4.52719476761537e-05 0.00870777425886204
0 1 0.000129746061442532 0.0704694338158384 0.00037645146025943 0.0447088172796304
0 1 0.000384571248381766 0.0308911611866466 0.000534165337021082 0.0297691221357154
0 0 0.000399824263428383 0.00405556933124904 0.000495775092563135 0.00484182301817463
1 1 0.000657672029914421 0.0410231814240191 0.000569293565547271 0.0399870339317537
1 1 0.00033317635522329 0.0219459851774292 0.000284667589006204 0.0216741169995349
1 0 0.000558172147556574 0.0090663504739323 0.000539844847614955 0.00912009207160083
0 0 5.51156413319838e-05 0.00943312000076151 7.78297576486939e-05 0.0108837082768812
1 1 0.000377995009463758 0.0189331688338323 0.000305856345432782 0.0155721077961975
0 1 0.000202516823111031 0.0256890476131247 0.000306395605279314 0.0218198591985098
0 0 7.48673172107454e-05 0.00507832500914865 7.60804954524313e-05 0.00547641006322574
1 1 0.000134426508732462 0.0117694723084034 7.15511428306775e-05 0.00814682999316906
0 1 0.000529471315259301 0.0294068302453644 0.000618884073195045 0.0247710612030666
1 1 0.00198112981351239 0.0309266958741934 0.00157728270287156 0.0251648674427903
1 0 9.85224676318144e-05 0.00159568016202633 4.00664777691274e-06 0.00182136053696505
0 1 5.04566185182372e-05 0.00464375335254314 6.18765580133331e-05 0.00458936120791559
1 1 0.000747471941231068 0.0266451799412745 0.000702282195040582 0.0233648549558792
0 0 0.000265586275785942 0.00453188877993346 0.000276091700475952 0.00487121225561681
1 1 0.000403474638804907 0.00943121506925181 0.000356421349501065 0.00883180906246108
1 0 0.000712272439472223 0.0169856952299094 0.000530337611394426 0.0208889177632341
1 1 2.86030004329297e-05 0.00270665580611012 1.59100347935607e-05 0.00237134321134928
0 0 0.000421407366044114 0.0142099796700292 0.00048244640160738 0.0152290185564766
0 1 0.00040596235704498 0.0219639745488607 0.0004514589285898 0.0217804260152722
1 1 0.000371769267127242 0.00736283304150083 0.000207076082618802 0.00682060696204056
1 1 0.000278024699670714 0.00989680089355129 0.000228047247354552 0.00815796631962968
0 0 0.00020981656466632 0.0048922702689541 0.000314516442050584 0.00540182873658444
1 0 4.73230124856583e-05 0.00544474559718942 2.20001132691297e-05 0.00665635312224784
1 0 0.000135607803460029 0.00621663050816276 6.44313761232474e-05 0.00669004800377795
1 1 0.00018759370053485 0.00967336567853921 0.00013855799025517 0.00939049395264787
1 1 0.000338335425655727 0.00776238283377269 0.000193547202410999 0.00457017035083651
0 0 0.00144033342330193 0.042979038722362 0.00186965391590675 0.0443119874474007
0 1 8.53975321347099e-06 0.00266593205181918 2.6135512383673e-05 0.00262269855826855
1 1 5.56763514056181e-05 0.00418748533772464 1.99249123028589e-05 0.00339356597547858
0 1 0.000761262002946724 0.0398574776177164 0.000850298042946003 0.0398284639485333
1 1 0.000248876215416306 0.0235423264516832 0.000235485153172927 0.0225224042505788
0 1 9.84949242225057e-05 0.00934101097033406 0.000125260979557116 0.00867132070834133
1 0 0.000648533872191643 0.0102604006176339 0.000471670384612313 0.01170379931578
0 1 0.000273135359168433 0.0135159517024803 0.000324107518194192 0.0126434490082176
0 0 0.000182162885307975 0.00714334792849153 0.00021882127869208 0.00861151796374945
0 1 0.000648074867226949 0.044466884552658 0.00101574438633554 0.0326793293850332
0 0 0.000624614716302152 0.0201847949095644 0.00147809870604946 0.0216503370408577
0 1 5.1924380442822e-05 0.0037958687933528 8.12332674813135e-05 0.00295248231707232
1 0 0.000475518417286914 0.015699346167376 0.000443226072713623 0.0171412106247791
0 0 1.16735811354223e-05 0.00299770531139436 1.36138110553288e-05 0.0033577853252449
1 0 0.000531807179923261 0.00402850685826046 0.000251006013226163 0.00563685901335935
1 1 0.000110451461154627 0.0108167045511477 3.09119808869539e-05 0.00958117362353877
1 1 0.00185422155391123 0.0294489793913776 0.00168957029164538 0.0230201828173727
0 0 9.4948012879546e-05 0.0147039405099177 0.000133559607868508 0.0278816461386776
1 1 0.00183205592010363 0.0268655363425137 0.00166696268218706 0.0245380776101679
1 1 0.000920135855170261 0.0372602124007708 0.000728379733723354 0.0296751330950369
0 0 5.76525033658575e-05 0.0314654954616553 8.286038433215e-05 0.0331917614105402
1 1 0.000164121033923915 0.0388036337476836 8.03437895824302e-05 0.0294959439901296
0 1 0.000310378301494769 0.0288581892209174 0.00037983223346808 0.0138669005593719
1 1 0.000183044640416991 0.0101687661605454 0.000134892815875516 0.00774326368631708
0 0 0.000205615310183531 0.03246522643067 0.000229258684686372 0.0369806430408807
1 1 0.00162993797207612 0.0910999205616705 0.000839558064455805 0.0618327196444638
0 0 0.00159410208743158 0.0244693741509394 0.00170007108582181 0.0246712055199654
1 1 0.00101848849980542 0.0113301220761791 0.000375318491599765 0.00991195301078754
1 1 0.00101088708066868 0.0353976166429119 0.000560174026282493 0.0289579920428974
1 0 0.00144382509154189 0.0356836866434084 0.00133044688368124 0.0470152852815595
1 1 0.000781702638990632 0.0153897920044178 0.000515998211172693 0.0119228145598207
0 1 0.000437839749536495 0.0332070011770465 0.000702228553412399 0.0220364621047975
1 0 0.000141207782273796 0.00770503474597421 0.000121549190655158 0.00951745576814714
0 1 5.19826006754096e-05 0.0109312713686165 0.0001431173515391 0.0104709820438694
0 1 8.15442312781594e-05 0.0433137437089639 0.000125652450530189 0.0428140940909654
1 1 0.000286353961196973 0.0126591918593461 0.000273420952750782 0.00630806502731521
1 0 0.000583934622316675 0.01697273232791 0.000423224337305505 0.0180062831191263
1 1 0.00199522329705013 0.0446913453908553 0.00154584993739772 0.0413685842807025
1 1 0.0011670597620836 0.0512063778985483 0.00111815771697383 0.033993094456042
0 1 9.24718317072642e-05 0.00844337552471115 0.000255104377236896 0.00733021941264465
1 1 0.00188998261745454 0.0281076551349632 0.000744638777439038 0.022923183604758
0 1 0.000271387313111244 0.0219017450351899 0.000643542178015587 0.014899972977505
1 0 0.000454202763110529 0.022849257332731 0.000296919864083018 0.0311118062304241
1 0 2.20148181388595e-05 0.00138927490046425 1.47673379545178e-05 0.00142657607558713
0 1 0.000352938817173433 0.0829128049659639 0.000393273664701582 0.0585076875164262
0 0 0.000520866468331009 0.00991565021475264 0.000536451107567245 0.0103717826107541
1 0 0.00893394784965583 0.0417127673681916 0.00586441825448747 0.0551901887580226
1 0 0.000873259611261295 0.0136627487558494 0.000704057762377249 0.0179004840991015
1 0 0.000313747861148453 0.0318487559800769 0.000277979824390499 0.0555672518136109
0 1 5.01212517362443e-05 0.00530780450174837 7.14674702489756e-05 0.00438999634707607
1 0 0.00161901074109126 0.0287933581281406 0.00118538239107631 0.0360492364227717
1 1 0.000682881146351091 0.0172510042397958 0.000545662667711456 0.0109516824500172
0 1 0.000607845960819987 0.02692026830463 0.000843875532107065 0.0268490611999305
0 1 0.00158040551486521 0.0364670863555395 0.00310932400949656 0.019140954541253
0 0 0.000195299043431262 0.0274746221354206 0.000279344041132747 0.0277813560126665
1 1 0.000175691814227708 0.0222214016538102 0.000116490099717431 0.0162269494264483
1 1 4.3128481126447e-05 0.0107112106409599 1.73399086264696e-05 0.0072003628072708
1 1 0.000782413822603407 0.038729019962707 0.000396535242391129 0.0285635044225772
1 1 0.000445630745560464 0.0553681438292301 0.000346698484104369 0.0545906587316247
1 0 0.000280503622312055 0.00572099173423687 0.000149746690127763 0.00671854455802087
0 1 0.000786737420952595 0.0421258199264398 0.00112081058654652 0.0375027380821479
1 0 8.17500236247041e-05 0.0100705815187048 5.08584665684878e-05 0.0105504220885177
0 1 0.000141240982738356 0.0298182423043108 0.000199481423164818 0.0219263515443879
1 1 1.69195592255264e-05 0.00465513425436164 2.29559380374122e-07 0.00371898662835578
0 0 2.41472041194609e-05 0.0031447517001236 6.52200265861001e-05 0.00326510134949159
0 0 0.000212261546021948 0.0265667275421565 0.000260072284115242 0.0291930454259048
0 1 0.000646926626225141 0.031624231164878 0.000865945970497192 0.0277920743469802
1 0 0.000195620426442944 0.0100661677956218 0.000167406805464048 0.0101772557541579
1 1 0.00163501460892319 0.0713818258689158 0.00111118592444768 0.0378175007205051
1 0 0.00262345149987449 0.0127171417576135 0.00199247486335615 0.0176266463830469
1 0 0.000168929566093927 0.00224221253781233 0.000128328316678997 0.00283841818182725
1 1 0.000269341010045543 0.0056075111172811 0.000124361355276063 0.00553472839376997
0 0 0.000186816521429088 0.018779238156861 0.000205701953509532 0.0258830326493534
0 1 0.000666172695052109 0.0240929592194574 0.000736937978832693 0.0204610392564969
0 0 0.000282514466002109 0.00957908373859736 0.000283214458476036 0.0128932015955012
1 0 0.000130956140575246 0.00652413100270158 0.000124833169449761 0.00694538781338916
0 0 0.000277913531442433 0.0173975387816912 0.000304138799194089 0.0189279292085248
1 1 7.52314560881145e-05 0.0107963878377015 6.05642932748367e-05 0.0103440490360233
1 1 0.000882744399369481 0.0131001600076288 0.00057584325833058 0.0122509416915338
1 1 0.000156985343571668 0.00503117116714508 0.00011169532910287 0.00482984509474543
1 1 0.00101453307770833 0.0486621486231817 0.000899978919352954 0.0442546673971636
1 1 0.00025667377729639 0.0230236108353025 0.000130813303610033 0.0122940663903827
1 0 0.000882599559832733 0.014764992174729 0.000700678474526909 0.0208475511184297
1 1 0.00110466168840265 0.0468845072240618 0.00102734675117026 0.0336729738345032
1 0 0.000259114746898611 0.0127369916621846 0.000188619353864764 0.0160960905569503
1 1 9.79960415475018e-05 0.00726549508807653 3.88779827814827e-05 0.00518152377824646
1 1 0.000200066435133115 0.00870776903925926 0.000179840323830937 0.00857490896479891
0 1 0.000173949059666013 0.0101648566474333 0.000311988797835915 0.00683392641147671
1 0 0.00142917694380944 0.0294439512009261 0.000952676391421538 0.0347773217658238
1 1 0.0016371469197827 0.0462586652246614 0.00133217223574706 0.0395217654299058
1 0 0.000190488863382716 0.00883969526416127 0.000161352106906076 0.0128692172918086
0 1 0.000219917649862341 0.0422667537423371 0.00023763062668878 0.0209825874055314
1 1 3.57238601895139e-05 0.00708035249365314 3.2383165796342e-05 0.0064780963503042
1 1 0.000171699919028231 0.00542936894776728 4.10080627837927e-05 0.00500433405700323
1 0 0.00193341606889052 0.0480059451380918 0.00193140273770096 0.0557447543251473
1 1 0.000868649340875182 0.0142292124142583 0.000771279740770502 0.00888840676605904
0 0 0.000146891549319749 0.00761049192724707 0.000152698333369692 0.00822449099702226
1 1 8.26193228524036e-05 0.00187112158228423 6.18620292332169e-05 0.00150398800459872
0 1 0.000179195971944071 0.0231555065782336 0.000292939178653874 0.0211294378303081
0 0 0.000270743048023056 0.00885186092425221 0.000302223310538165 0.0105498216295106
1 1 0.000789120324539066 0.00555390667084987 0.000403681076347121 0.00447284611395805
1 1 0.000238497150857305 0.0135846464871848 0.000160204356352265 0.0112133735119761
1 0 0.000584583868812994 0.0139543992884607 0.00049524656251694 0.0184278113038696
0 1 3.09162549569056e-05 0.022300985806856 0.000167596237744174 0.0196733323379673
1 1 0.000482962462573508 0.0190425130140655 0.000342536119454403 0.0144311578691449
1 0 0.000460064351208471 0.0149073292339972 0.000213296292012669 0.0150158565708502
1 0 0.0020372203028389 0.0550510431409355 0.00181724876492525 0.0598258658693244
0 0 0.0011272251978417 0.0408209055599124 0.00130243421520827 0.0448472244554617
0 1 0.000623586358307391 0.0564611134506271 0.00085989595730689 0.0502174557563991
1 1 2.53557694668053e-05 0.00229611069584818 5.55520714824646e-06 0.00225743426838776
0 1 2.28042007274988e-05 0.0158087190886067 5.70906855628175e-05 0.0110242519132194
1 1 0.00219951716620832 0.0259119359099089 0.000818870009497616 0.0152581367954869
0 1 0.00048793029982887 0.0253442575692554 0.000561794293164162 0.015873115910742
0 0 2.97152729708629e-05 0.00207875243534504 5.70684272776308e-05 0.00525707357154293
0 0 0.000653433660406449 0.0493663652368923 0.000688266219786104 0.051004067777892
0 1 0.000514326954633007 0.0394083242488709 0.000683699614139875 0.0316957708781798
1 0 0.000144793111180245 0.00518778117880626 0.000122595553732072 0.00592776660006021
1 1 0.00229142688735743 0.0544106569696361 0.00123521759516545 0.0386399410783816
1 1 0.000435365388949418 0.0104181870527672 0.000186966691045411 0.00777130082387437
1 1 0.00135593065967571 0.0289616475361453 0.00128662466369098 0.0199382045951846
1 1 0.000263988577893468 0.011300495539622 0.000179209085300871 0.00641249303765458
1 1 0.000130299653950352 0.00324025104857298 7.1866746408499e-05 0.0030495586616408
1 1 6.53699746982753e-05 0.00766059044367078 2.82425009076466e-05 0.00718727163712245
0 1 6.91746574183824e-05 0.00790378919300752 7.935342105459e-05 0.00736633551175994
1 1 6.62586424290033e-05 0.0030824335257711 3.29626676030301e-05 0.00224112406740226
1 1 0.000712980208181334 0.0322596690614219 0.000547380347199118 0.031468052686755
1 1 0.00104363289834093 0.0558877783586231 0.000579965537226808 0.0422270282351683
1 0 0.000190087916044594 0.00355764010118383 0.000178331130692052 0.00523385118774578
1 1 6.8256168449377e-05 0.00522798874949086 2.98692896304326e-05 0.00488470075008439
1 1 0.000824665132714329 0.0191635096314655 0.000545553730918416 0.0146616115587965
1 0 8.48270046423056e-05 0.00561888958057999 6.03544434797362e-05 0.00607338344696681
1 1 0.000199431011748919 0.00697881247865342 0.000114357784693436 0.00573152559349521
0 0 0.000789130191792512 0.0358730783502289 0.000792092649002429 0.0381888938187877
1 1 0.00121321088064971 0.048937915991475 0.00109667663274738 0.0398744601427413
1 1 0.000301384315847784 0.0195062466641695 0.000277530728836614 0.0147545559568523
0 1 0.00132760716984556 0.0539535933784273 0.00144260096048008 0.0503588078778332
1 1 0.000742371671907963 0.0119500965471966 0.000511384875193975 0.0113458130200728
1 0 0.00393583334397554 0.0290313707328086 0.00369931490532172 0.0324926435638244
1 1 6.17965987900721e-05 0.00562109486154514 5.43105855263181e-05 0.0036704402710893
1 1 0.000999466154282076 0.0295798926256337 0.0005613081273122 0.0181917782805355
1 1 8.34765767835556e-05 0.00838257960767448 7.60487611906428e-05 0.00781456508840611
1 0 0.000572592565127973 0.0153130284876779 0.000138418778198136 0.0193496902618063
1 1 6.55856145243854e-05 0.00629965434213629 3.1512553198288e-05 0.00386169942406979
1 1 0.00316572530481955 0.08660883276187 0.00253207565072858 0.0615898482988887
1 0 0.000274147322736122 0.00596089827441632 0.000153932549715429 0.0063056565755258
0 1 0.00163514056307641 0.0383583761735407 0.00168016062959145 0.0333712640569823
0 1 0.00032129297070546 0.0317849946516957 0.000634168686540565 0.0291608590138217
1 1 0.00147183629299098 0.0345378600135584 0.00119827705478669 0.0314876514106971
1 0 0.000578326334192632 0.0134992611228004 0.00022156936467342 0.013567184813226
0 0 0.000462106100169201 0.0327814065159926 0.000665354646139887 0.0364939023696626
1 1 0.000101950023290839 0.0222040245619848 9.31315668329015e-05 0.0220814050006888
1 0 0.000179541830991544 0.0185725154051172 6.89498864423588e-05 0.0238507100577756
0 1 0.00013151270794396 0.00582718738766958 0.000154196824143166 0.00490676193052546
1 0 6.60129161749609e-05 0.00345529573973614 6.47287257930756e-05 0.0045253386965174
0 1 0.000155291648663441 0.0102196979314583 0.000359756870782442 0.0102085553425235
0 0 6.7487929688809e-05 0.0110835367750823 8.12084681845357e-05 0.0121809562605085
0 1 3.06178956720652e-05 0.00294707594935149 3.57814293221858e-05 0.00267818775781192
1 0 0.000412726844554698 0.0185355204621354 0.000301923179552484 0.0204438995915356
0 0 0.00172736903081719 0.0196190039315039 0.00172819262740256 0.0241817369283917
1 0 0.0012420605658119 0.0143810357196217 0.000544593629320511 0.0155890866079401
0 0 0.000868171281325229 0.0209519811554134 0.00127935577503091 0.0245535141696241
1 0 0.000423421869707669 0.00601189287114118 0.000423034020787175 0.00899371969553587
0 1 0.000205457135567215 0.0144824177005975 0.000395589203495976 0.011183563618237
0 1 0.000561014473468541 0.045150245595281 0.000747289645325673 0.0377718824478428
1 1 0.00056740797719018 0.0309817338671636 0.000385255602673876 0.0303203109602605
0 0 0.000261983591086858 0.0114916108949399 0.000471572146364749 0.0206532360868328
0 0 3.76463285913649e-05 0.00328370639823071 3.92411143709294e-05 0.00641195806891004
1 0 0.000568840032606406 0.0219826696208216 0.000282122443384207 0.0227320016799848
1 0 0.000261797260168719 0.00223219731373108 7.30923455271785e-05 0.00377465928893531
0 0 0.000917952701783889 0.0165664834961511 0.00105591793467244 0.0208537910481442
0 0 0.000369884895882355 0.0151473767662585 0.00052287906757916 0.0237641026738
1 0 0.000985581155189105 0.00818275658287946 0.000268210820088553 0.00865937929210836
0 1 0.00116950105017952 0.034872216543037 0.00133061352062546 0.0268312935308022
1 1 0.000475937725977093 0.0203420731901531 0.000428600640098055 0.0170236768741169
1 0 0.000300330857091819 0.00614708864300039 0.000113880643048178 0.00896629171428857
1 0 0.00131290266063343 0.0170626868375939 0.00115163336836272 0.0199580569371329
1 0 8.04527570523824e-05 0.00395577822125567 6.54516245216025e-05 0.00402451532374256
1 1 0.000813524716348161 0.0242601104872274 0.000714489907420241 0.0218499757585231
0 1 4.47179155611303e-05 0.00321147085747071 5.45411403026514e-05 0.00251574374078161
0 1 0.00203444222884019 0.0219439438912366 0.002331622527399 0.0179100683612486
0 1 0.000301926005264278 0.0261326900243231 0.000418943390444457 0.0242898487478931
1 0 0.000991368789008296 0.0242095924731847 0.000685705010328353 0.0244173609944407
0 0 0.000650294410242026 0.057030108908516 0.000793004542272952 0.0668401167199371
1 1 0.000528635501807769 0.0165366426234514 0.000284138718327438 0.0137228289800691
1 0 0.00133546576918873 0.0209127684669631 0.000850726266228411 0.0220886918014218
1 1 0.00229425765719119 0.0581865604670611 0.00206937356990946 0.0425822511184928
1 1 0.000585434812133402 0.0219196158792613 0.000566835239626843 0.0143851787458655
1 1 0.00381257892000172 0.0356522461652119 0.00365566757416459 0.035205966433814
0 1 0.000546407234691282 0.040546234497838 0.000576446335332432 0.0269877951820172
0 0 0.000538953821285064 0.0347123514687651 0.000569663805653682 0.037897455669213
1 1 0.00177965302055317 0.0306345820827926 0.00147002831859217 0.0232349207697561
1 1 0.000332918166448626 0.0400851581409826 0.00028686743034003 0.0253943867230093
0 1 0.00125404274002161 0.031776444582329 0.00135058328489331 0.0186985952153592
1 0 9.98438320817925e-05 0.00382454925179074 1.2689582503967e-05 0.00398060055996488
1 1 0.000624038588229973 0.0118461647804953 0.000235385390315758 0.010511362498962
0 1 0.000216281691115135 0.0237711446892732 0.000234132444486143 0.0124859029812814
1 1 2.09937979720032e-05 0.00162617704871322 8.84432421233389e-06 0.00155847807335702
1 1 0.000837425361790932 0.0316822167568364 0.00053385354086516 0.0307843909229983
1 1 0.00129532777265679 0.0492069498416003 0.000977071244616681 0.0292925939580576
1 1 0.000808356948007817 0.0260653678293003 0.000588037238363254 0.0172377568026278
1 1 0.000376382739002567 0.0126002133003673 0.000147593840794342 0.00659712773866911
1 1 0.000492300735704805 0.0718734575432403 0.000484238604945462 0.0464263751924966
0 0 0.000309937433896278 0.0311687208530718 0.000442824405771939 0.0331467685678614
1 0 0.000626628484181214 0.0171141838223237 0.000579435055715485 0.0190949124856181
1 0 0.00201241090957581 0.0242555131262502 0.00149801286702999 0.0294888245189247
0 1 9.02127007617555e-05 0.00390155376532709 9.47637551832608e-05 0.00292456301510921
1 0 0.00016026722640559 0.00641565439504988 8.52466574461549e-05 0.00678716997521376
1 1 0.000558122517697794 0.032981914521831 0.000301596098257459 0.0269173047530418
1 0 0.000129420793897084 0.00210640690433012 4.87824877957383e-05 0.00262944963779348
0 1 8.90560369251527e-05 0.0448676876282436 0.000138183347750948 0.0370433457457218
0 1 6.49123066298903e-05 0.00330414369771609 0.000110015256975519 0.00313567519418085
1 0 0.000166528025410269 0.00916758801917577 0.000153719812008994 0.00969638786752648
0 0 0.000136403685278017 0.00320325334604144 0.000184091053281719 0.00322210977204138
0 0 0.000102429921427514 0.0133742420593586 0.000146347828766911 0.0139579603211483
1 1 0.000688366788682017 0.0337003368775124 0.000313160398999468 0.0279779910551138
1 1 0.00116814896215019 0.105404673035408 0.00101960470270399 0.0794423615408547
1 1 0.00065646926141433 0.0207418955285525 0.000379838733737277 0.0161085637386216
1 1 0.000312206723999638 0.0244431029181734 0.000260390853869635 0.0191160068957777
0 0 0.000668171662474297 0.0162013996159192 0.000694506402201066 0.0165072399994055
1 0 0.00019658742783484 0.00337708498846115 0.00019261825092177 0.0035879868617261
0 1 3.43072099839971e-05 0.0177738388619646 3.66519500001419e-05 0.0128958801730557
1 0 0.000880494152503198 0.0202478921121517 0.000677606220826649 0.0236692728988915
0 1 0.000641626724016133 0.0459208776291191 0.00105755197201335 0.0365215171363382
1 1 0.000715621638873431 0.0272875583379163 0.00068297673565891 0.0187807859640785
1 1 0.000267523647703568 0.00781901817023355 0.000151487065739937 0.00640842385804036
0 1 0.00238780279910266 0.0281649945967801 0.00317442012249236 0.027989531288929
1 1 9.82871967078731e-05 0.0090439706428341 2.67140087358242e-05 0.00623925955171018
1 1 0.00023007512603679 0.0121532679799796 5.69124985690114e-05 0.0100305676539523
1 0 6.66264973843224e-05 0.00469602497519163 2.51981850033002e-05 0.00515432838923477
1 1 0.000742264295649886 0.0268743432676082 0.000513175486316236 0.0240787583260137
0 0 1.50492598496357e-05 0.00280647749083517 2.20161482472078e-05 0.00302522075525838
0 1 0.000480994541127395 0.0464358117017141 0.000510958511984738 0.0369363628326507
1 1 5.64051544267615e-05 0.0153330411353001 1.11313333671525e-05 0.00915495009868108
0 1 3.06645970177272e-05 0.00656083933577742 0.00011290243545284 0.00605106354117085
0 1 0.000224024311765892 0.0241450572878811 0.000230453654792028 0.0201952487766558
0 0 1.28896168385019e-05 0.00745949028688845 5.59346480005207e-05 0.00899234631806901
1 0 0.000370476332162412 0.00615852120941111 0.000233841997196548 0.00840469875044905
1 1 0.000177991366623808 0.0165193184282171 0.000100254776178372 0.0142719288407988
1 0 0.000290269643316497 0.00770504528564129 0.000167800767763107 0.00866720155576126
0 0 0.000210184299879762 0.0134146248818061 0.000244417832032491 0.0167045830374229
1 1 0.000245209457883349 0.0110299587600073 0.000231063865252831 0.00777869109302527
0 1 0.00212056453630429 0.0298130161987925 0.00214179715553979 0.0166522445267079
1 1 0.000123344512874957 0.0051521038297579 8.87532648493709e-05 0.00342912704249342
1 1 0.000588347168416714 0.00762293601652468 0.000279963572665169 0.00742808178920295
1 1 0.000130058134158765 0.00735802332198542 0.00011659649759785 0.00594270371926194
0 1 3.5125614063537e-05 0.0148024723592205 4.81843373289792e-05 0.0108076108493302
1 0 0.00174936126432692 0.0258192982272631 0.000777477305987406 0.0297197777184512
1 0 7.28029642426414e-05 0.00272182844812583 5.95558239674175e-05 0.00300895344686178
1 1 0.000138224114805979 0.00533608143122471 0.000120602161537308 0.00524739362962077
1 1 1.60997697552746e-05 0.00134043957836218 5.61868716984242e-07 0.00115112785537498
0 1 0.000204754892480007 0.0284216244968495 0.000273012860426412 0.0198885642718369
1 1 0.000204192433112266 0.00711001130598843 0.000173189038104028 0.00624434129263549
1 1 4.92031227253552e-05 0.00223024821383343 2.92012160598069e-05 0.00208921909781323
1 0 0.000112640680161755 0.02134133279749 7.68711870875085e-05 0.023202544034282
1 0 0.00011381133928599 0.005910221969657 8.43468047917915e-05 0.00644058519984382
0 1 3.43167329161033e-05 0.0053167746041727 5.10135073276861e-05 0.0022264870874531
1 1 0.00135169235744535 0.040792832170136 0.000799475401269427 0.0331609049431738
1 0 0.000151291715798194 0.00837703510479003 0.000126158262736498 0.00876868052459627
1 1 0.000601626529470941 0.007289452462259 0.000373020395597248 0.00699806400280258
1 1 0.000737263135925639 0.0116230865428894 0.000699273130599634 0.0097684124308748
1 0 0.00134789598099545 0.0136362001390521 0.00088841954329778 0.0166217504085056
1 0 0.000205591792440386 0.0174378600159149 5.37042476418227e-06 0.017929581168194
1 1 0.00604434578908565 0.0597371373383732 0.00547947554107356 0.0437033459541539
0 1 0.000260957773337746 0.0482518640624747 0.000727657052016914 0.0469010703359005
1 1 0.0010867088043691 0.0291468089025804 0.000908657362608187 0.0270333954606743
1 1 0.000171180077264975 0.00810008394528981 0.000166365976717513 0.00787331395305652
0 0 0.000265689170262437 0.0290269319131981 0.000377498680580351 0.0405592141988455
0 0 5.63312317370036e-05 0.00399748093113292 7.81373171209587e-05 0.00535156747140606
1 0 0.000382160768942551 0.00475627722396359 0.000207500290662253 0.0051678967859812
1 1 0.000526966466798034 0.0336976843972937 0.0003724041625888 0.0265026525090413
0 1 0.000153222263834146 0.0165717795045206 0.000162399903228984 0.0154700871054204
1 0 0.000623250154624969 0.00853894498470866 0.000411778578713096 0.00971846802131018
0 0 0.00081505711805158 0.0206251722082871 0.000826558867384465 0.0225113795029297
1 0 0.00138158560676382 0.0172919870400633 0.00106147638311189 0.019788014501028
1 1 0.00104228102923049 0.0346826719536437 0.000724537459064584 0.0176925787364521
0 0 0.000747205756905832 0.0181444971064235 0.000801171681308386 0.0221282907094088
1 0 0.000319722025840786 0.0107250188698815 0.000196711423126247 0.0162518129655941
1 0 0.000927370582158632 0.0557532411661278 0.000711933172661952 0.0608687238246354
0 1 0.000239999398991408 0.0120330581917999 0.000332561823866651 0.0114642153683909
0 1 0.000283906244293824 0.0170401404499002 0.000633853710342006 0.00990778843573323
1 0 0.00122586002469634 0.0345180694609529 0.000977218709079163 0.0409123152483186
0 1 0.00036374661648251 0.0152422659418345 0.000445590069960383 0.0143565802963448
0 0 0.000946504220015227 0.0389172486587097 0.00153339445310929 0.0445438493622765
0 1 0.000243886871060452 0.0211274486807398 0.00033016375960467 0.0184908663676619
0 1 0.00034894224635117 0.0360281108902596 0.000563840427461413 0.0241721149379283
0 0 0.00014631729893758 0.0421146454086473 0.000253136819740173 0.0427914834514094
0 1 0.00013826242892241 0.0076515850116287 0.000162422892328596 0.00727934518698068
1 0 0.000590297123123997 0.00854307950919145 0.000401138465669778 0.00945724347163399
0 1 0.00168321842292914 0.0342005700493423 0.00175051201090816 0.0307060610838791
1 0 0.000271159537531082 0.00905332837184504 0.000135789876033207 0.0105297779370254
1 0 0.000655588229761503 0.0115018353983964 0.00050464861892521 0.0116874180455084
1 1 0.000632614093588245 0.0116921923522196 0.000448241353641023 0.00982617429240987
0 0 0.000896241328585855 0.00994644572280643 0.000967188540193966 0.0109527892290257
0 0 5.2990493864989e-06 0.0012869995169581 6.28590555254605e-06 0.0034638066264334
