linear.pvalue quadratic.pvalue linear.boost.stat quadratic.boost.stat linear.true.stat quadratic.true.stat
1 0 2.51063880564273e-05 0.00572489407018343 3.96122600037506e-06 0.00605028773750224
0 1 2.78260936316232e-05 0.0155231254838156 4.6060154412637e-05 0.0146479153350186
0 1 1.3230353402236e-05 0.00405098092812218 1.42515961258758e-05 0.003291360715167
0 1 0.000259932791158738 0.0183632895355264 0.000284161289949954 0.0182540821652669
1 1 0.000126503842210452 0.0240385994751667 0.000118860958232964 0.0233601148728272
1 0 9.96198213869287e-05 0.00617081934329119 6.47864016427445e-05 0.00887923175499225
1 1 0.000547739128658755 0.0139931085352203 0.000340993709895125 0.0117522608932538
1 1 0.000740875673122495 0.0285039764258451 0.000693993498370181 0.0260618483774758
0 1 0.000445688271331838 0.0277444315952787 0.000578631645730979 0.0275774674452207
0 1 0.00011463490193384 0.00831729723483209 0.000158329492621666 0.00751803777005986
1 1 0.000395163917794497 0.0239285906023155 0.000223149737297097 0.0211225017562972
1 1 5.48214318769757e-05 0.0118676731681046 1.75726337653977e-05 0.00975631800325932
1 0 0.000165638724857972 0.00639511398454383 9.36196283225188e-05 0.00835666897938376
1 1 8.95233482057654e-05 0.0202225349984017 6.1416007249649e-05 0.0188267304637029
0 0 1.84092264615909e-05 0.00583454862214108 3.69733417758213e-05 0.0058568703550014
0 1 0.000113799618595095 0.0145986565987842 0.000184165625742742 0.0116386350673831
1 1 6.26016943943367e-05 0.0071643841451873 6.07581249861962e-05 0.00669781955676306
1 1 0.000724749850698965 0.0236838255822456 0.000662922481603328 0.0229849661876555
0 1 0.00041763215895815 0.0268092181599122 0.000576619343639604 0.0260075589399866
1 1 0.000269323061215035 0.0227019951885392 0.000230391782637971 0.019236612005533
1 0 0.000190951597572579 0.0108815094650157 0.000141437321793244 0.0112681870103486
1 0 0.000533761665705977 0.0257121716746544 0.000504155868729125 0.0265644462446378
1 0 2.19025796386489e-05 0.00686215840551235 1.87406010081873e-05 0.00699387588081991
1 0 0.000395413046759499 0.0114786666168929 0.000314138862850838 0.0124064671890128
0 1 7.47869252903821e-05 0.0163538636918088 0.000110820259704174 0.0152835860756764
0 1 9.22393290227819e-05 0.028435460685007 0.000163892331117412 0.0255876151948054
0 0 1.07275037787891e-05 0.012201451128429 1.39401095711264e-05 0.0129534271298513
1 1 0.000116901840991406 0.0236226115856558 8.00269850491137e-05 0.0166263942890339
1 1 0.000411745032626966 0.0374484708724156 0.000377160137072595 0.0268191101445251
0 0 2.78029745632953e-05 0.0193992820386412 3.34681535615517e-05 0.0213473533984228
1 0 0.000292253400397192 0.0200324454493053 0.000232924817851314 0.0216768987241361
0 1 2.83976267355078e-05 0.0091745867481402 5.05885490314956e-05 0.00855802771871516
1 1 0.000706386322190313 0.030937276345936 0.000562746864943379 0.0295132000467587
0 1 8.74108940825469e-05 0.0181707975158792 8.81543616269599e-05 0.017313337719923
0 0 2.38494096079103e-05 0.00418938485680734 2.68855173615029e-05 0.00460331234505052
0 1 1.77984260645548e-05 0.0106515326194165 2.06950870272424e-05 0.00888634682999449
0 1 6.05377224098921e-05 0.0174400162531073 8.00900743175742e-05 0.0151683295979255
0 1 3.98779886467945e-05 0.013726078633224 4.04008041150032e-05 0.0133233192423904
1 1 0.000252550110820254 0.0350094271588507 0.000218758609543184 0.0283279160977657
1 1 0.000160057632330607 0.00915965968677157 0.000125661115488989 0.00913398803376353
0 0 6.79784334377293e-05 0.00894437527483498 6.94648740228777e-05 0.0106796153452721
1 1 0.000432110858995673 0.0345211699830698 0.000419972475121062 0.0316937015542542
0 1 3.26015088138459e-05 0.00228104809525782 4.91001688566151e-05 0.00223368385901057
1 0 3.94595826885391e-05 0.0113798859472082 3.44262995542992e-05 0.0121645851934427
1 0 0.000204536814937103 0.00623069094567204 0.000117507774822241 0.00667535406303408
1 0 0.000397436255758769 0.025432012640125 0.000369402291175386 0.0273665669627206
1 0 0.00085547884236826 0.00825121082866963 0.000458021390443139 0.00833960959919411
0 1 0.000609140839547273 0.0262273358379145 0.000632545515538288 0.0237308265902082
1 0 2.24430593097153e-05 0.00145612591336366 2.05686646711737e-05 0.00175672950809776
1 1 2.78334524849548e-05 0.00398026013542807 1.98187394511323e-06 0.00344737340804994
0 1 0.00160439009181643 0.0263448299171814 0.00166174534791232 0.0262951070914622
0 0 0.000436283716778994 0.00847974845132309 0.000444356296336991 0.010098323972725
1 0 9.82365389266717e-05 0.00427375341437446 6.97514554902505e-05 0.00778420229274119
1 0 0.000482165552605346 0.0114172195167295 0.000357610128185274 0.0129493916474419
1 1 0.00059628777398311 0.0312291410950331 0.000594342070056178 0.0309995292496855
0 0 0.000282165201667534 0.0405586317452338 0.000387389465274177 0.0411614179255351
0 1 0.000120739023728909 0.0290087831661993 0.000157808589990611 0.0273719711392331
1 0 8.21614644849366e-05 0.00969830000871846 4.59691895033227e-05 0.00991245772612184
0 1 6.80068485700557e-05 0.00923566778442527 9.64138211251527e-05 0.00749108062802677
0 0 2.39723541508305e-05 0.00373726619147446 2.57619630620176e-05 0.00378916935070622
0 1 6.88983384845989e-05 0.0173886147244234 0.000115622111116639 0.0170830529949276
1 1 0.000168738438070655 0.00855065945719996 0.000137629546804857 0.00748737300278774
0 0 3.34360682686495e-05 0.0094357134689192 4.39921722452385e-05 0.00948920254388695
1 0 0.00102079301118614 0.0169089216709007 0.000926719619361985 0.0177066329795377
0 0 1.1838806495043e-05 0.00374878976312509 1.88398787639722e-05 0.00388315682616063
1 0 0.000133032636835202 0.0361120329494097 0.000117080847646908 0.0374669814848789
0 1 0.000241984863598149 0.0328483430454346 0.000245772466628329 0.0312287490401317
0 1 0.000702323991921166 0.0347340448225132 0.000870928785323751 0.0330622908046878
1 0 0.000132499409274595 0.0113665081420059 7.9191293501393e-05 0.0124165889870005
0 0 2.51898687680563e-05 0.0032117755679675 3.01680043316871e-05 0.00357966125392467
1 1 3.66079911402546e-05 0.0250777410257851 3.16519380975227e-05 0.0249042779538233
1 1 0.000192973075164607 0.0104728933866844 0.000153720434954209 0.0101516931359991
1 1 0.000220075210738956 0.0113212537306944 0.000151846246622954 0.00856701140164527
1 1 2.89106400474445e-05 0.00376037430465681 2.43016440319281e-05 0.00375596976047128
1 0 0.00116643038358176 0.0160209667299029 0.000456389986502877 0.0178029381083632
0 0 2.7540293577821e-05 0.00624499717742502 3.74936314423913e-05 0.00682864857957109
0 1 7.00557309876229e-05 0.0110214644385055 8.2244142609601e-05 0.0102595926156147
1 0 0.000303240136699088 0.0119275120331023 0.000250749165371116 0.0121838518302801
0 0 5.91919644718684e-05 0.0270149652446699 6.89854771327246e-05 0.0290617129781648
1 0 0.000208842967206614 0.0182828385220456 0.000123127023376272 0.0193080838296769
1 0 0.000104740934445152 0.011215838436312 6.57667142285421e-05 0.0133863322529472
1 0 2.18815115303257e-05 0.00338281802220185 1.04531623236224e-05 0.00499862209001865
0 0 6.30523610589307e-05 0.0217895970262803 7.1643691889885e-05 0.0222906339178462
0 0 0.000292076653215737 0.0174537194599827 0.000313710846404395 0.0181647229688935
0 0 0.000289045875744712 0.0152250701728479 0.000321654527824249 0.0162320576834224
1 1 0.000201229740765888 0.0125752878310224 7.24571323782746e-05 0.012203517617955
1 0 0.000141353070339364 0.00673962189869571 0.000120149851932634 0.00704649420136007
1 0 8.81452877111823e-05 0.0137764108671426 7.63294100647624e-05 0.0141597513420869
1 1 0.00012880288907215 0.0319709633084876 0.000106918600494887 0.0288511682403384
1 1 3.10399523342181e-05 0.00642012311536921 2.90080197177837e-05 0.00631024241056172
1 0 0.00052025210084043 0.011518216643567 0.000308535300884485 0.0134471430772439
0 0 2.45903357364851e-05 0.00943792197071107 3.35304213205279e-05 0.0106954015175849
0 0 2.78587008019077e-06 0.00349595547699884 3.52710432999282e-06 0.00367430912204023
0 0 5.2832345057758e-05 0.00351039106824885 5.47332599083827e-05 0.00373891832439674
1 1 0.000378632970535348 0.0272321023652791 0.000320663368323868 0.0256773190971181
1 1 0.000250771514174055 0.0121428116360884 0.000208437067038112 0.0110931965168051
1 0 7.56662739493447e-05 0.0162287345979208 1.97326336250213e-05 0.0170736502965462
0 1 0.000151628775943677 0.0257850627980838 0.000193303896368823 0.0221031787419544
0 1 0.000219354944216735 0.0136786571642044 0.000231450836718295 0.0131903193735679
1 1 8.6328938123674e-05 0.015589796612232 7.90784189559134e-05 0.0152757454311839
0 1 0.000106967364210005 0.00475881133066406 0.000196538696692091 0.00408710994010147
0 0 6.17410861671351e-05 0.0241799314812392 0.00010486489510415 0.0261131300194913
0 0 9.15246274136813e-05 0.0102591351351801 9.94435222374949e-05 0.0102592771400762
1 1 0.000256663029826304 0.0349001242964471 0.000238815546100348 0.0325172843436343
0 1 0.000297500642767576 0.0196393304924997 0.000302570301603365 0.0174253831558225
0 0 0.000110924815994902 0.0209069776678221 0.00011526438434075 0.0249358382672604
1 1 0.000385549195742472 0.0149783326374528 0.000357346464342842 0.0143691387953451
0 0 9.37539958665659e-05 0.0113467564606764 0.000102043921639035 0.0115528208638584
0 1 6.93585031936519e-05 0.00706927767993381 7.01533911055234e-05 0.00689934127957329
0 0 2.11687383161716e-05 0.00344392906623999 2.52603721497118e-05 0.00373867282918575
1 0 0.000194104893988538 0.00998691008453453 0.000125303904844136 0.0104918586307035
1 1 0.000173938090255742 0.0301251850066655 0.00014572604606333 0.029505969509506
1 1 2.15538467441292e-05 0.00950092634217755 8.29907482172898e-06 0.00900571597866228
0 1 8.97867856840578e-05 0.0169711113884463 9.72677132256416e-05 0.0145781670243266
0 1 4.14835813738694e-05 0.0108053138931555 6.39102481989248e-05 0.0108026259198781
1 1 3.85116876143176e-05 0.00807500008559579 1.92454519442004e-05 0.00758559040318881
1 0 9.25790554538562e-05 0.00442514787326425 5.63585620721901e-05 0.00603514672143243
1 0 0.000945577074215543 0.0404943310026371 0.000736395337040968 0.0410177219735072
1 1 6.89037307699354e-05 0.0177356725366129 2.45689815776748e-05 0.0131356362870861
0 0 0.00013254325593681 0.0162319226367164 0.000208152540334466 0.0190525816134223
1 1 0.000318737047017585 0.00913074445424523 0.000240140480621171 0.00908768824977664
1 1 0.000363516430167181 0.0219287499806708 0.00031699924055148 0.0190588934941488
1 1 7.32730823955666e-05 0.0112967347156851 6.49616161671126e-05 0.0106488599666046
1 1 0.000119920709802186 0.00878190311462996 0.000104472012356776 0.00761773685831844
0 1 1.6862887156546e-05 0.00843872061659662 3.94387084329125e-05 0.00821073296117687
1 1 6.96830469989111e-05 0.0168695939113323 5.3049769111827e-05 0.0148692659121652
1 1 0.000229796316632501 0.0124664051129422 0.000225056679940921 0.0110502275222317
0 0 0.000394673263580415 0.0260553003946597 0.000442020629686276 0.0274894236528696
1 0 0.00020610212245163 0.00993187959813927 0.000200387196118361 0.0105049829574405
1 0 0.000239839765056749 0.018282143130808 0.000197504538935941 0.018460603727654
0 1 0.000168711725806425 0.0306535308177054 0.000197348930204636 0.0269114139397028
1 0 0.000409537564784177 0.0180833078122555 0.000252730027477308 0.0197558154241707
0 0 9.7925458592953e-05 0.0213697800037272 0.000127569890292567 0.0251356821800387
1 1 0.000760632804467541 0.0306165749455434 0.000640064995547242 0.0284829862400515
1 0 0.000515747157697117 0.0345459319873434 0.000440317789536699 0.0347239838445168
1 0 8.83989941918587e-05 0.0185289549430564 5.40538772911084e-05 0.0199198295423665
0 0 0.000901038725864466 0.0179989975578306 0.000972124415656235 0.0183104325007156
1 1 0.000254353474348447 0.0285684067808318 0.000213352535958129 0.0274722572264425
1 1 0.00012838765066297 0.00806869754520023 9.37316696701244e-05 0.00711895821337191
1 1 0.000217528180086066 0.0208889144886352 0.000200491146588811 0.0172566393440537
1 1 0.00015105340404188 0.0081883975920116 3.80703089784471e-05 0.00744133594038063
1 1 0.000121495528967413 0.010573055602223 0.000118622753139241 0.00951251727381202
0 1 8.94102647954068e-05 0.0266767068789906 0.000131130131331537 0.0251395653031578
0 1 7.93670098743479e-05 0.0169797800426904 8.25195020463331e-05 0.0165308144751416
1 1 7.83014135846449e-05 0.0114281629026389 6.26802619869337e-05 0.0107741932068926
1 0 0.000286555629214945 0.0316506659079268 0.0002164700230886 0.0324254001150316
0 0 0.000143482638680306 0.0182425869822654 0.000155204836410634 0.0198929652188145
1 1 0.000211135397987158 0.0494748443086805 0.000208103634684883 0.0358771166666729
1 0 8.18724397531614e-05 0.00750238115168311 7.19997020633643e-05 0.00922778505816224
1 0 0.000448551583824989 0.0250241913623517 0.000425324133886929 0.0269235715973232
1 0 0.000116457537508145 0.0193458070157951 0.000107562872567492 0.019677948475634
0 0 4.16356261400279e-05 0.00563285060138019 0.000104536915957113 0.00579191647609188
1 0 4.60572923424914e-05 0.0096897962737801 3.81049918434354e-05 0.0112780991166553
1 1 0.000255915950030395 0.0159959085391945 0.000177343910659536 0.0120279398668052
0 1 0.000120088729711323 0.00631616318758471 0.000120902387349423 0.00597473685968983
0 1 0.000205337511886551 0.00973843340667587 0.000245792773704052 0.00619187428159269
0 1 1.57861378045287e-05 0.018507642662742 1.66074452092894e-05 0.0179099282272786
1 1 0.000160064990414869 0.0080612616195784 0.00013570835520513 0.00678746872607756
0 0 0.000740389775557382 0.0303429742051897 0.000835030391946916 0.0310139020072936
0 1 1.32973420621566e-05 0.00357097569127068 2.67042238269073e-05 0.00269441264739273
1 1 0.00016263154543244 0.0200997318327274 0.000109554103547907 0.0194561449903937
1 1 1.0025043280756e-05 0.00531956637872006 4.10833742257679e-06 0.00517345429519141
1 0 0.00108224187062212 0.0177042730644636 0.000906003771008735 0.0239040802551502
1 0 0.000106559048365099 0.00792987183050182 7.11054177123333e-05 0.00804279756735397
1 1 0.000143699798493438 0.0266391629878143 0.00012873227771235 0.0217785519082482
1 1 0.00038520415702279 0.0141972296680891 0.000358949340844152 0.0125192859803459
1 1 0.000125264826347223 0.0158859565661472 0.000100875809108978 0.0148126082542348
1 0 6.92860636247864e-05 0.0068483666238382 2.77147743426021e-05 0.00712166457879698
1 0 0.00026989888761997 0.0225897422830821 0.000190198344037011 0.0269690939874864
1 1 1.66625211013089e-05 0.00330043655280596 8.38061402502262e-06 0.00297924929680992
1 0 7.44024569115046e-05 0.0028061261293486 3.63259537118305e-05 0.00306870901201302
0 1 0.00020568350436269 0.0225117141067991 0.000243705848652091 0.022421240951493
1 1 0.000590161986772548 0.0128211601277552 0.000541394533002077 0.0115792163893878
0 0 0.000107075097664322 0.00982787165817785 0.000133436499258122 0.00987918020807938
0 1 0.000137428062747663 0.0252602238818284 0.00015119908577774 0.0219042184105974
1 0 0.000234334704351001 0.00747814036456898 0.000171465752166085 0.00753127528629333
1 1 0.000222476803095216 0.0140962973329926 0.00017175550445582 0.0129453472401649
0 1 0.000125588588788343 0.0200307134288613 0.000147426415817693 0.0199820125360527
1 0 0.000696587190782868 0.0210954044975572 0.000529429102313451 0.0225790182257194
0 0 0.000153980276376216 0.0279730484364353 0.000296142376195499 0.0295233015854007
0 1 0.000116825567194713 0.0126145715391352 0.000136065122011066 0.0120179467274454
0 0 0.000461491024775335 0.015255554522948 0.000517362078344113 0.0171538518599858
1 0 0.000389037353101673 0.0125696541888114 0.000310357771912234 0.0182810414374507
1 1 7.81094090005729e-05 0.0288772964872543 8.65201139635732e-06 0.0164672011692326
1 1 0.000298458788902519 0.0259021732154249 0.000259845263433588 0.0229004181772393
1 0 8.35442989767263e-05 0.00711730194071142 4.09280902746397e-05 0.00723111521938551
1 1 8.20686834323204e-05 0.00690018171424317 5.05771149551912e-05 0.00657725923540837
0 1 0.000419149484710885 0.0228286054090921 0.000570813379462541 0.0218374861168904
1 0 0.000106347308396636 0.0190066062665364 9.20301338840531e-05 0.0206060102924032
1 0 7.62002340332351e-05 0.00379797865310833 3.26725891108401e-05 0.00406319901992391
0 1 3.47314167411768e-05 0.0084671121205647 5.43919269679522e-05 0.00795933331732025
1 0 0.00101002055784292 0.0282786966864668 0.000892343344733544 0.0283010816789124
0 1 3.63763400987371e-05 0.011469518393082 4.57051946908183e-05 0.0113333468825532
1 0 0.000121277553164323 0.0137795975223984 0.000100585283726639 0.0143384430136754
0 1 5.61085849836904e-06 0.0029451809130851 1.40404519181118e-05 0.0026383475006976
1 1 2.39184349928166e-05 0.002902445378781 5.84292040502279e-07 0.00264858295682555
1 1 0.000303344563407838 0.0181906184739404 0.000293668373056269 0.0181516750804913
0 0 9.85151826499423e-05 0.00676749508736568 0.000108253111970807 0.00716481827093706
1 0 0.000231670437260705 0.0246715647039913 0.00023150816861972 0.0247687570652092
1 0 0.000143224145599098 0.0084545535340467 5.99859654378664e-05 0.00903209006800579
1 0 4.12559533245504e-05 0.0112827137912445 3.34078183509813e-05 0.0120215994826244
1 1 5.92804793234874e-05 0.00652483701950675 4.32756019430462e-05 0.00567201428143037
1 1 6.40264980905294e-05 0.00409392821603194 4.55865589327686e-05 0.00363746253527483
0 0 2.63802696342356e-05 0.0123684766887558 4.37536132799558e-05 0.0133050226543203
0 0 0.00046719387536342 0.0255719465502858 0.000512469523730779 0.0266753528079405
0 1 5.08794186564718e-05 0.0129236543511993 8.29835252871661e-05 0.0119107172741874
1 1 0.000329598231961945 0.0136796315246628 0.000309426679555943 0.013336342161642
0 0 5.50583385344883e-05 0.00943056706472069 7.30352635047314e-05 0.0113545429788377
1 0 0.000127174577276025 0.00686475465906663 5.93448278289951e-05 0.00691211873857776
1 0 1.42790783056865e-05 0.00379060482653726 8.19771110455698e-06 0.00390988681178097
0 0 0.000117890046972436 0.0192373353931913 0.000197767409179322 0.0208185439111223
1 0 0.000108908231352488 0.00836420199280664 3.24800777153025e-05 0.00883707521726797
1 0 9.32275448078095e-05 0.00695184521446396 4.87328499136176e-05 0.0128910699552383
0 1 1.02006909529971e-05 0.0142306295543084 2.26375831582906e-05 0.0108798801211311
1 0 0.000313690514785794 0.0341286508007607 0.000225245142109673 0.0350275994020338
0 0 6.20122135907244e-05 0.0083910672769707 6.38382624875402e-05 0.00941032064627619
1 1 2.90474844118079e-05 0.0151358189257375 2.11592535235845e-05 0.0145386301842542
0 0 1.2089480001118e-05 0.00831454135812146 1.88542748485182e-05 0.00909117610331072
0 1 1.27065821708513e-05 0.00899986477915808 3.3140045628484e-05 0.00731510178074342
0 1 3.16598339546961e-05 0.00605476682792321 8.31261497761511e-05 0.00423818256517841
1 0 0.000115228164174252 0.0228630820356751 4.59412127444885e-05 0.0243385046422712
1 1 0.000127444265361491 0.00779412556595305 0.000126505387921885 0.0075653651386803
1 1 2.56644980070804e-05 0.00329074877638371 5.95731769186004e-06 0.0030462536614971
0 0 0.000102845947178476 0.0168299274155554 0.000134168244224034 0.0179297873528538
1 0 0.000290657960805563 0.00831709960624285 0.000213876389589339 0.0083478770958303
0 1 0.000454571900909991 0.0226532742767831 0.000466413432645783 0.0224602564614858
0 1 0.000125492318942629 0.0106257254291194 0.000158695396503134 0.010452899771983
1 0 0.00041577797394566 0.017901845411773 0.000412139481113625 0.0192843496731373
0 0 1.27254664722535e-05 0.00570217286088246 1.98792964604886e-05 0.00630238455733984
0 1 9.23696669790059e-05 0.00487769799117033 0.000105392036260059 0.00480405356841563
1 1 1.47734711851107e-05 0.00578760945930884 7.56661600112771e-06 0.00506737515251375
0 1 0.000165042576624063 0.0108336263997265 0.000188676038152887 0.0105200956201706
0 1 0.000328689071677201 0.0190864196187381 0.000365661969797572 0.0179953758258797
1 1 5.8320639132556e-05 0.0246878645437234 4.98027939334907e-05 0.0223520772469155
1 1 3.23107840325932e-05 0.0266371586930442 3.20017828397179e-05 0.0264609980474805
0 1 3.95742260480168e-05 0.0089869479854255 4.01540863997022e-05 0.00875581835372117
1 0 0.00030334201033101 0.0344051594803312 0.000276446289487058 0.0349196176993003
1 1 0.00016534997969157 0.0140999466328974 8.84326614980996e-05 0.0122287675274392
0 0 2.76515827187681e-05 0.00612117162337017 5.57932768706101e-05 0.00752146653037905
1 1 3.37464157940447e-05 0.0124126945181107 3.2545340545862e-05 0.011450633121948
0 0 0.000602992572905725 0.0332341692085116 0.000638035618924736 0.0332969412354023
0 1 9.51713232880502e-05 0.0143954970699875 0.000124714078614138 0.0124587331521256
0 0 5.50510862955739e-05 0.00993782611728327 7.08017198194414e-05 0.0101676240174852
0 1 6.59086391222571e-05 0.030362849565431 8.05752737716143e-05 0.0299706577201635
1 1 6.35116662815623e-06 0.00388871715967195 9.19167929101657e-07 0.00338608799702644
0 0 1.7181285950709e-05 0.00426355591096567 3.55180977228291e-05 0.00520424606001717
1 1 0.000225847210696442 0.0125377650847715 0.000134985001824213 0.0102305829082768
1 1 0.000217482325228505 0.00716240617597193 0.000134002093793939 0.00680748532339517
0 1 5.41447927137612e-06 0.00676193637609694 4.40281829086335e-05 0.00627514664079517
0 0 0.000133278509121938 0.00896948208280541 0.000142466990692819 0.00967624577122843
0 1 1.38404314307835e-05 0.00503065235249723 1.48982455089433e-05 0.00502114217030625
0 1 8.1182554334224e-05 0.015259714940227 0.000191425518959826 0.0139310585277618
1 0 3.55741429635764e-05 0.00449123857506502 1.84073838071649e-05 0.00480394060667749
0 0 2.02221497955608e-05 0.00644864527082676 2.4215259702937e-05 0.0064734010924277
1 0 0.000573801777150864 0.0124358386663669 0.000502774889913961 0.0125025582104175
1 1 0.000264295231890574 0.0225146862401086 0.000160446753787989 0.019521605545983
0 0 0.000370116872325914 0.0201981942275315 0.000457180878046836 0.0204453403117423
1 1 0.000228162628915805 0.0134637664595664 0.000175388176770029 0.0115854547692248
0 0 6.64526096620834e-05 0.0357332557257013 6.83624765188027e-05 0.0357943668787702
0 1 0.000561717018078429 0.0300405258523745 0.000702481226628013 0.027356193905542
1 1 0.00026961803895621 0.0260639801150987 0.000267738650761198 0.0254726690281523
0 0 7.76914200153707e-05 0.010585562095926 0.000133785069091 0.0106070923086378
0 1 0.000113174914512203 0.0229562522425091 0.000141969397655229 0.0218251751820859
0 0 1.28102640129403e-05 0.00652792448330362 3.92199020639706e-05 0.00663404498872645
1 0 0.000729978424568871 0.0190868579184415 0.000607358730119084 0.024450990439941
1 1 0.000227789326191782 0.0117530993814393 0.000101745376249017 0.00965043637878683
0 1 0.000543329639147751 0.0319729252715001 0.000554662220035052 0.030856061210125
0 0 0.000180016668812903 0.013528841621399 0.000260646435699942 0.0135316455755926
0 0 4.32252788003928e-05 0.00445711431551187 4.63697072686403e-05 0.00650980713109381
0 1 4.8856647690231e-06 0.0127093454796639 3.97885209537937e-05 0.00915850736036886
0 0 7.14458514096422e-05 0.0135859095950262 9.06035477098741e-05 0.0139302691287237
0 1 0.000345757231521957 0.031168834705499 0.000346011734970529 0.0295955589699844
0 0 0.000176427177895135 0.00695258094372641 0.000183367097176198 0.00891654424928762
1 1 0.000762526772425789 0.0247351519235521 0.00074349247081167 0.022353224424752
1 1 0.000294990571173014 0.0139603414333181 0.000124233905836607 0.0129506248087037
0 0 0.00012912940449687 0.00839601967420429 0.000202084679621433 0.00978519521694615
1 1 3.18407610599867e-05 0.0132427775675254 1.87486801554091e-05 0.0106065290545544
1 1 0.000262823836605475 0.0149094257444211 0.000211689295269526 0.0147753203911919
1 1 0.00015033380388616 0.0314376842895991 0.000146673278406321 0.0278412648334825
0 1 0.000151696320620984 0.0228787754999786 0.000231651056249667 0.0220860317164671
0 0 3.59565644127133e-05 0.0124020606164188 3.71157492715859e-05 0.0132166640031444
1 1 1.74387447558606e-05 0.0194183970916645 1.54521227681459e-05 0.014122958519744
0 0 3.25435123699424e-05 0.0149181503865848 7.25639018641477e-05 0.0158014811227621
1 1 5.00738101063115e-05 0.0100752089322496 2.50804787307371e-05 0.00967109715382147
0 0 2.30714070884937e-05 0.0164621224595599 5.8133163148411e-05 0.0166752983305605
1 0 0.000603694825416886 0.0328739694280401 0.000603591849569531 0.0329216906457046
1 1 5.31337045597734e-05 0.0047675025198295 3.44826083350577e-05 0.00463029462671721
1 1 0.000146400589513032 0.00952238158106058 0.000112357632617716 0.00885174048734286
1 1 8.96461535837649e-05 0.00556457757759352 6.20423622128155e-05 0.00460761868366998
1 1 0.000105073639573738 0.0135088055587118 6.96664659710079e-05 0.013210525007566
1 0 0.000175567429842081 0.0182447624830565 0.000175140311114888 0.0188307152806874
0 0 5.54728095689153e-05 0.00919791940835546 7.91075684124486e-05 0.00925835982687733
1 1 4.31349344510386e-05 0.0172121749715939 3.69576427635606e-05 0.00694581386568562
0 0 5.16893692684451e-06 0.00498185343926031 6.81912206738572e-06 0.00550424743844515
1 1 0.000514531658836979 0.0198983695580513 0.000324284956104328 0.0196870017065699
0 0 3.60244473517588e-06 0.00656509980948004 1.68275769423986e-05 0.00686341169977521
1 1 3.2092964527174e-05 0.00795218645197824 2.7969035256758e-05 0.00740926894777778
0 0 9.72013183800098e-05 0.00836716627214883 0.000101818107651006 0.00904814249523425
0 1 7.40363600635152e-06 0.00833391815710667 9.40971239055638e-06 0.00808051005936766
1 0 3.22900448396814e-05 0.0082699658225553 3.03105170069455e-05 0.00858191558155236
1 1 7.39539083160416e-05 0.027849326293163 7.22327882231555e-05 0.0214547067344772
1 0 0.00022476949855886 0.00974528876616164 0.000198402028514893 0.0111535596783079
0 0 0.000336189652795664 0.0309567195744253 0.000361738998180303 0.0325845378737015
0 0 1.2454123292851e-05 0.00741548724005299 2.21398067443789e-05 0.00809845604467339
0 0 0.000895621005928547 0.0400013828862802 0.000939564464911067 0.0410731202401427
1 0 2.7720476489654e-05 0.00675532778846206 1.91415008157154e-05 0.00716566570490485
0 0 0.000110292690811192 0.0161162386290311 0.00013661377614854 0.0162250287362844
1 1 0.000256708481521313 0.015929137194064 0.000206368726627008 0.0129687441567161
1 0 0.000221882542982697 0.0167831566699359 0.000103341279685872 0.0170375754323654
1 1 0.000171022926761775 0.0756096081915863 2.97005928835598e-05 0.0735664733918869
1 0 9.0941676996259e-06 0.0141695395984258 6.86599747299754e-06 0.0143379539193419
1 0 7.64032024868609e-05 0.00748337462254011 3.56685511862401e-05 0.00867645086326846
1 1 0.00068201571388805 0.0304568613213639 0.000574173191730785 0.0281258260875825
0 1 0.000363683377078527 0.0156873115024309 0.000480117379366251 0.0149090895926446
0 1 2.18791950831675e-05 0.0173712014509117 3.35872858004679e-05 0.0163616911734093
0 0 1.22353323092774e-06 0.0260739117213604 1.379876169416e-06 0.0264801810263688
1 1 0.000328650798864743 0.0216837141020444 0.000309151381679948 0.0212747260796411
1 0 0.000137395830592978 0.00717688343682319 0.000103121576926286 0.00810161657338123
0 1 7.74941213824194e-06 0.0166557767185177 7.8095395133175e-05 0.01496633346645
1 1 0.000704367176774016 0.0310065979071003 0.000638059470892444 0.030282769017517
0 1 0.000149068771150986 0.020161804586061 0.000153568098951046 0.012243201841677
0 1 4.46604187029443e-05 0.0189836428511136 4.6519916527827e-05 0.017206512699898
1 1 6.75292964791078e-05 0.0215002010700644 6.62337858037218e-05 0.0211056220976106
1 0 0.000200958427179504 0.00939598376264041 8.42410823802627e-05 0.00977024695857459
1 0 0.000628910228980384 0.0356398258256594 0.000451833772402577 0.0377682226854986
1 1 1.74537407494672e-05 0.0048947978430594 1.7265077959488e-06 0.00437548931556284
1 0 0.000326582332005923 0.0240750554296414 0.000271104876167081 0.0250118069172332
1 0 0.000164215025197065 0.00822865170101609 0.000128923360614039 0.00865401582234105
1 1 0.000324545083705378 0.0101789331548282 0.000272167288514772 0.0100410536214861
1 1 1.7904342866536e-05 0.00651778833239512 1.45373655838705e-05 0.00645003908030109
0 0 4.87411918964936e-06 0.00321369549265637 1.22038171350039e-05 0.00411362127652814
1 1 0.000493202904556704 0.0448935406257326 0.000352348704399376 0.0419679183099453
0 1 9.40826422503715e-05 0.00819011816458523 0.000185841577566339 0.00777151542790139
1 1 0.000780010671753074 0.0177330044125345 0.000298294521801609 0.0170552047179272
1 0 0.000622011480786115 0.0283089255577152 0.000546616037021687 0.0290328979942234
0 0 2.80603064019601e-05 0.0112050661276115 4.26124517236677e-05 0.012413318156906
1 1 3.32536325065547e-05 0.0111341902980474 9.89828560444538e-06 0.0099313646504106
0 0 0.00142988819394504 0.0260336025520325 0.00143420828101876 0.0274800371659346
0 0 0.000119675572711238 0.0266696258158005 0.000137059752781225 0.0296196876047718
0 1 0.000113493513220466 0.00725631661473873 0.000183115941386486 0.0054128292439237
1 0 7.71300340614281e-05 0.0119879974650656 5.44347227810102e-05 0.0120571818566463
1 1 4.35345004767684e-05 0.0180155201841608 3.7624712465186e-05 0.0167902778615508
0 1 4.74155110500403e-05 0.0111342926447138 6.65549670389215e-05 0.00882672397298502
0 1 3.8503365372953e-06 0.00864897835785483 1.55690609986645e-05 0.00780957833761051
1 0 0.000319091624164158 0.00583000236978036 0.000255632298335572 0.00674630020821614
1 1 0.000946684770155858 0.0318799223550017 0.000779894599819268 0.0316427930980889
0 0 0.000125844336017411 0.00818494660515276 0.000150601817202555 0.00859235976362665
1 0 0.000112852442226031 0.0040568123011786 0.000107619563740984 0.00415984915760497
0 1 3.11215103649867e-05 0.00733786023863673 3.31868976934856e-05 0.00688267460993839
0 0 0.000271613217358943 0.00627214692192644 0.00032984201491368 0.00644822077474619
1 0 2.88566955346371e-05 0.00451405535756612 2.47323899818721e-05 0.005543203279812
0 0 0.000406802993036779 0.0366216308606985 0.000457325038390269 0.0383821805963523
0 1 6.67362252474775e-05 0.0191776511872219 7.98802489174028e-05 0.018573018942064
0 1 0.00018576588308796 0.0138254981452562 0.000189189370069128 0.0134624338181449
1 0 5.81827720926294e-05 0.00591526007089662 2.68491099137272e-05 0.00753121548379624
1 0 0.000235805549607975 0.0375414800338532 0.000194101819056654 0.0375677783082924
0 1 0.000136741211322144 0.0153597083497311 0.000343719255319601 0.0145378016575761
1 1 0.000158123129751833 0.011481105100781 9.72983166845648e-05 0.0100189166045427
1 1 8.24704069531577e-05 0.0181827671764001 5.723443203216e-05 0.0149455674263838
1 0 0.00015325064435988 0.00801129693265013 0.000131769175631766 0.00848945400353693
1 1 0.000191933793440499 0.00915609471216239 0.000134289665167889 0.00876409891949164
1 0 0.000162222267069126 0.0152911760035028 0.000150204197778505 0.0159402762499259
0 1 0.00027353416808238 0.0179435186371984 0.00032279015729941 0.0175506970402136
1 0 0.000398403947618859 0.0147261344538682 0.000256351066877438 0.0171306607007416
0 1 3.24749390183935e-05 0.010018917064765 6.88526959362235e-05 0.00990374861305665
1 1 0.000161558114786954 0.0255991474469416 9.54873067247468e-05 0.0211083856063012
1 0 0.000108252664421859 0.0122907698343333 9.63404632649817e-05 0.0153876966483285
0 1 3.30787260871343e-05 0.00645142155170141 5.26303612824798e-05 0.0061068024766521
1 1 0.000447798881833869 0.0474510662390352 0.000318180362090046 0.0403768712090129
1 0 0.000546873247207725 0.0219317049908684 0.000382112272340483 0.0232409260312563
1 0 8.42604516337623e-05 0.0331550967886517 7.38947992466358e-05 0.0381259823876903
1 0 0.000106134775288206 0.0114970382753895 7.83350079683193e-05 0.0118871973134093
0 0 7.75794990764776e-05 0.0263063955166731 0.000125883235312791 0.0276563576538486
1 0 0.000449167101124392 0.0186935848169522 0.000333977520457063 0.0214479758415274
0 0 0.00016711504933967 0.0134506071049665 0.000178979336468082 0.0149240948628973
1 1 0.000339848222963197 0.0253565418631617 0.000283217103664552 0.024699844862327
1 1 6.56641462558049e-05 0.00665524989647437 6.4798395198428e-05 0.00593491441606517
1 1 0.000756480067619677 0.0453073129271322 0.000755189562835991 0.0403199303999129
1 0 0.0001507576364558 0.00983240114515368 0.000102428828217899 0.0101481409633016
1 0 0.000150347532286991 0.00509615161767524 8.26553674756611e-05 0.00594282845076233
0 0 0.000161627947113065 0.0106669601240901 0.000200420598773821 0.0109880161165539
1 1 0.000133506466296077 0.00942067151677976 0.000103464861664884 0.00907051615301695
1 0 0.000182528494639707 0.0152980151140573 0.000156471513802293 0.0155722311804122
1 1 5.75487467757649e-05 0.00905459805226452 4.91327733556476e-05 0.00824234117698829
1 0 0.00036930735839204 0.0257947415501852 0.000328621396008796 0.0295291323899663
0 1 7.57583488483688e-05 0.0282821910584255 7.65176826552813e-05 0.0268145982446461
1 1 0.000196675362996323 0.0188324804266963 0.000188535627360054 0.0130396808479945
1 0 0.000189345445618157 0.0117789916554765 0.000175680523823001 0.0138980345530854
0 1 0.000143818269809737 0.0342141565349027 0.000166254345718533 0.0317920937830404
1 1 2.86128036005044e-05 0.0137800394242177 2.26991650423912e-05 0.0130724946504418
0 1 0.000144548939799722 0.0185470296957199 0.000174423990903137 0.0176329819829376
1 0 0.000170358367148995 0.0228132158175297 0.000158086727840222 0.0267955670236033
1 0 7.90344457251445e-05 0.00472605173094703 2.73487551372916e-05 0.00478812248329422
0 0 3.28805919417256e-05 0.00746730205424766 4.43127045059793e-05 0.00755366654322464
1 0 0.00037493605109514 0.0101020624432808 0.000252964766563476 0.0102251110294136
1 1 0.000592488031492626 0.0210114748889309 0.000586647582525314 0.0206287285186881
1 0 0.000383470508055041 0.0213393137796944 0.000331487858906645 0.0235202676431811
1 1 0.000154611732584349 0.00874089287825854 0.000149528244131716 0.00824874534736936
1 0 0.000134339053696402 0.0105550187513785 0.000111773025863383 0.0108541596829925
1 1 0.000235144958890532 0.00919522827745844 0.00022726808120872 0.00909743291779404
1 0 0.000133084246411899 0.0119206030087698 6.53181014553119e-05 0.0120682528756087
0 0 0.00026509095039392 0.00782037622997816 0.000291718615695571 0.00870108859292482
1 0 0.000109016853656375 0.0220059838521498 8.17849344996327e-05 0.0223375320516701
0 0 0.000154850280867356 0.0208593456092571 0.000169218220801252 0.0240635074025711
0 1 0.000152524058671998 0.00817969835370408 0.000160048128542037 0.00702374768551487
0 1 1.01171915859235e-05 0.0141215471978271 1.1892817398532e-05 0.0134913872738112
1 1 0.000353145596157683 0.0507803842879604 0.000281379581593562 0.0467096161097664
1 1 0.000834978608517188 0.0288473948630903 0.000794058822395051 0.0269619998830314
1 1 2.93026930987721e-05 0.00432768067963217 2.00977585805345e-05 0.00384329926579316
1 0 0.000113639246869629 0.00916582858211137 4.79935857543198e-05 0.00989518529322492
1 1 8.87303164603952e-05 0.016085658701291 6.09531486202446e-05 0.013368043858598
1 0 0.000164771916419208 0.00846811995640251 0.000114264363312484 0.00904720218010242
1 0 0.000378729963166095 0.010137475165832 0.000330645096153831 0.0104809890136932
0 1 1.09682531995388e-05 0.00334568502425991 2.23741406094192e-05 0.00328153576861874
1 0 0.000185153856768181 0.00663288627313283 0.000122033769077684 0.00806008331727968
0 1 0.000172686289633995 0.0163543176175755 0.000186505957088062 0.015576186163289
1 1 0.000166588204363968 0.0275421267058147 5.68946869818928e-05 0.0180411413958329
1 0 0.000175267693184069 0.0133929181594835 0.000102413188453733 0.0135282427604948
1 1 0.00012016397870227 0.0135012314721108 7.79169147219181e-05 0.00907952402218328
0 0 5.62921146710371e-05 0.00471051015286224 6.40335322326682e-05 0.0053564279957078
1 1 0.000417991358192933 0.0177765279555994 0.000362925358799444 0.0174468620449966
0 0 7.21737372230049e-05 0.00456660764085363 9.62219215954017e-05 0.00478173501639469
1 0 0.0002310889263477 0.0242258030749951 0.000155396952786609 0.0262366378307444
0 0 0.000268092518250913 0.0215143054759874 0.000271792851947185 0.0220893580657705
1 0 3.99693454758729e-05 0.0185266771572885 3.84114047418274e-05 0.0189621198595016
1 0 3.34807718311113e-06 0.00105650139948308 1.34479995711388e-06 0.0013582852711729
0 1 8.55862589731749e-06 0.00225890280559272 2.33921001127759e-05 0.00221405770384769
1 0 9.85196806827841e-05 0.00503734133706185 7.11297903696182e-05 0.00703718757267027
1 0 1.37694959122111e-05 0.00364384345173297 4.06367839126072e-06 0.00371366281604209
1 1 0.000712728308082756 0.0200639282242404 0.000615154536935741 0.0162601858731131
1 1 3.40025169722345e-05 0.0113820913199061 1.68261221831339e-05 0.0100950429735138
0 0 2.26239934507521e-06 0.00263869481122126 1.65502884939676e-05 0.00278920936748219
1 1 0.000405612004403584 0.0238127566843052 0.000316407548222716 0.0205821221543704
0 1 1.33965178098806e-05 0.00549632008778991 2.385150781453e-05 0.00523799588043373
0 0 0.00011173621946184 0.0100773216342167 0.000144414807356423 0.0100965488591584
0 0 0.000180426533507826 0.0207219020110848 0.000378402204881257 0.0212645701278489
1 1 0.000191454849083458 0.0164632886189897 0.000187890938006127 0.0156026632611363
1 1 0.000394019189334853 0.0321384998111186 0.000367777463650362 0.0317752805747076
0 1 5.46502614650323e-05 0.0119903568972023 7.31596577958388e-05 0.0107216465677777
0 1 1.28235845467015e-05 0.00594950778779684 2.77305980699884e-05 0.00551591878620206
1 1 0.000114243573934252 0.0051670051367708 2.60651917307178e-05 0.00466089130179043
1 0 2.26406152559556e-05 0.00787570461642458 1.78725516637443e-05 0.00805767465373322
1 0 0.000261748604731483 0.0179106324741277 0.000205151524555103 0.0188888477370224
1 0 0.000247009633561829 0.0129284360224357 0.000120686994966082 0.013062167099638
1 1 6.86027008885303e-05 0.0189585891082245 2.97632257286335e-05 0.0174524566603415
0 0 2.20080173081219e-05 0.00404188050197557 2.38127251025883e-05 0.00445384897633763
1 0 9.96293160801693e-05 0.00901923155413682 8.09374836756067e-05 0.00947656683769937
1 0 3.95273269884337e-05 0.00455526153183983 2.86961978839659e-05 0.00472986539275269
1 1 9.75311320856113e-05 0.0126971893438068 8.03078814781961e-05 0.0125681777018498
1 1 0.000343545210502917 0.0180080022005653 0.000316726062809144 0.017623774868644
1 0 0.000347545819792386 0.0170807490792097 0.000315823036409888 0.019349342045068
1 1 0.000355572656729533 0.0556608965336757 0.000198155579318871 0.0522032927485515
1 0 3.02280359343692e-05 0.00409222094992001 2.15379770301173e-05 0.00476513608244669
1 0 0.000814614244816714 0.0155116974942912 0.000786663763671578 0.0186719032133275
1 1 0.000134975315740738 0.0158472662176775 0.000113904795742972 0.0132044864904785
0 1 0.00103192782435676 0.0335224323861087 0.00106838128227814 0.0290978482554119
1 0 6.02706576593297e-05 0.0313246636633178 4.02588591957662e-05 0.0322258296420853
1 1 4.78635505513736e-05 0.016000480265365 4.55218911592987e-05 0.0132929429310058
0 0 6.28143339185459e-05 0.00970056844383505 8.4177284556221e-05 0.0106951216954464
1 0 8.41643661143309e-05 0.0097529701344256 7.58469527972494e-05 0.00988131432159651
1 1 0.000563006963039639 0.0226194665507992 0.000449167362411801 0.0219702568647561
1 1 0.00144938342968599 0.0318367378529876 0.00144473088575022 0.0304676365078296
0 0 0.000413618067140216 0.031420568852468 0.000426490210829737 0.0324927534470483
0 1 5.86377626595227e-05 0.00522314922704752 7.99268823000596e-05 0.00501616472239449
1 1 0.000159377833854813 0.0132089762805686 0.000125837647173198 0.0129747952723422
1 1 0.00018157694890956 0.00923911476650425 0.000156726088930923 0.00653141316776739
0 1 1.16158888496079e-05 0.0225745664837055 4.36342535305752e-05 0.0220933541034088
0 0 2.94764558362815e-05 0.00503499149090614 3.62294834896025e-05 0.00520171270917805
0 1 1.23508704084607e-05 0.0105644491228156 2.55063008088851e-05 0.00810664918363309
1 1 3.28903980836235e-05 0.00331750965684416 1.93529025348697e-05 0.00323764312540162
1 0 0.000104587643999087 0.017677479433189 9.55590714932694e-05 0.0182827354275424
0 1 8.96059514689204e-05 0.0162313634595234 0.000130645393926525 0.0160370618640739
1 0 4.72445646333168e-05 0.00846541822707609 2.91745144409836e-05 0.00910249400298793
1 1 0.000426008229801241 0.0135215574467011 0.000277661616953339 0.0133268414167982
0 0 0.000218572825838395 0.0163582704314125 0.000231382490240906 0.016898696260017
0 0 7.57086915240353e-05 0.00649724051753839 9.68066839457459e-05 0.00785839744592528
0 1 0.000595890070732633 0.0307616905876198 0.000602262726639338 0.0298801891204757
0 0 0.000235724048319805 0.0278782172972884 0.000237797703251954 0.0282183445201331
0 1 0.000124002886348165 0.0341471349667781 0.000179105242279205 0.0331804979397481
1 1 1.78923623831867e-05 0.0149930560075377 1.52688274448551e-05 0.0141503199006443
1 0 0.000261480442121668 0.0117794621096336 0.000248207492110633 0.0119672981311065
1 0 0.000210882579767498 0.00547340733640083 0.000162549924405351 0.00606753273905047
0 0 0.000270155609639712 0.0182611922031101 0.000441462514357344 0.0192765953162322
1 1 4.21923468753795e-05 0.0036590829597768 1.75948075033587e-05 0.00299780409196577
0 0 0.0009008344192125 0.0194916946091077 0.0010473133668863 0.0242620290732378
1 0 0.000158208345909442 0.0166990325457765 0.000135857747028508 0.0169106902677716
0 1 9.06270178704955e-05 0.0242494901689248 9.71039385130001e-05 0.0241209927720832
0 1 0.00012968472218727 0.0144615790296978 0.000141365381027889 0.0100661766091552
0 0 0.000172649923482314 0.0147538800048119 0.000191656342486048 0.018917919742966
1 1 1.21562952852219e-05 0.00361096038896638 9.38701965447024e-06 0.00204041999288039
0 1 0.000318052216709083 0.0349796858352284 0.000340396067176203 0.0331412590362404
0 0 0.000271899631623711 0.0185661636506115 0.000280297145178163 0.0194432425070269
0 1 0.000161548618159758 0.0180439146702433 0.000223329077071691 0.0177905667423741
0 0 0.000363360460502808 0.0255228951595627 0.000435264242655868 0.026772574341351
1 1 0.000298419812722788 0.0162858486903094 0.000186749647965805 0.0107775281240388
0 1 9.44110600181644e-05 0.00929306804120795 0.000119068481483253 0.00897040901405236
0 1 5.09978847362113e-05 0.0226698091688848 6.11009958489755e-05 0.0191889754884809
1 0 9.02585856707222e-05 0.007089634790592 6.90046950554608e-05 0.00920631354120137
1 0 8.84793464484009e-05 0.00653604407043463 4.0639983258014e-05 0.00774557141054683
1 0 0.000538808035235574 0.0320838146236696 0.000538145017257239 0.0323048382273363
1 1 9.25069598349907e-05 0.0108973981643273 6.57381524396128e-05 0.0100599996671533
1 1 0.000312202847075204 0.0666369787973608 0.000292429751883018 0.0642759652431382
1 0 1.94784217108883e-05 0.0039743718964615 1.7133008087183e-05 0.00451940989129947
1 1 1.90380980023965e-05 0.00417179885069779 1.43194814342953e-05 0.00385990944114245
0 1 7.95133635438281e-05 0.0108178758177053 9.07918401934971e-05 0.0105494143447604
1 0 0.000116033077479056 0.00377641518836998 8.0367690000953e-05 0.00407593575627809
1 0 9.16861569010666e-05 0.0166977538567903 5.75806273295305e-05 0.0200475208962911
0 1 2.48769758326112e-05 0.0168163390933058 4.74114119892923e-05 0.0142891831692225
0 1 0.000140787631469302 0.0204087060998514 0.000158359171754236 0.0154568562501407
1 0 0.000110554440601343 0.00668418836927097 9.99716017468579e-05 0.00721317767361911
0 0 2.21288563081309e-05 0.0053837609934972 4.10394512675624e-05 0.00796881601332204
1 1 4.49437165821019e-06 0.00516642871056246 2.9260391671824e-06 0.00309111887649652
1 1 0.000119608489792155 0.0270751941848919 0.000117897933609496 0.0251162129465986
0 0 6.68750573662133e-05 0.0121545232824419 7.5865493984834e-05 0.0143993751155613
1 0 0.000134781467268261 0.00907353819730317 8.35969923216108e-05 0.0104036959550625
1 0 0.000242293580032182 0.0235077166981865 0.000163871458952146 0.024718166230348
0 1 4.17185644013398e-05 0.0174688251301734 4.58631693173899e-05 0.0171285751566199
0 0 6.70489757874662e-05 0.0245883339871458 7.08182037805619e-05 0.0304129192588363
0 1 0.000301975488430125 0.00974107344975387 0.000327013586483206 0.0094727794857779
1 0 4.36677649982896e-05 0.00516817844539638 3.20148043453357e-05 0.00597071234055222
0 0 0.00017809206279544 0.0107319646419387 0.000212988049847139 0.0121779103490884
1 1 0.000372373857045878 0.0206067748306023 0.00029635884571017 0.0170749624882529
1 1 0.000432033517286699 0.0514793249057215 0.000395630203130643 0.0485749635454964
1 0 0.000329750497569695 0.00843873328772462 0.000253949164543945 0.0085595739210409
1 0 1.09499932950754e-05 0.00964750367175609 7.18185747196731e-06 0.0160870865480134
0 0 0.00029913263913096 0.036408103593508 0.000305586237840227 0.0377719569943786
0 0 0.000372898162478445 0.0277948644852649 0.000402932002304666 0.0294144301232714
1 1 4.96007060971247e-05 0.0107581987429997 3.94643826090971e-05 0.0102260489084447
1 1 8.1216237083547e-05 0.0144287814136724 6.66735197290802e-05 0.0133516824250657
0 0 0.000600682563813627 0.0195341116486456 0.00061796868253367 0.0204898226201819
1 1 3.68144051995747e-05 0.013285870264579 2.11197614898661e-05 0.0125931192787184
0 0 9.94139593433614e-05 0.00589316612591396 0.00014032899011281 0.00607698759280811
1 1 0.000508973211335199 0.0227481043697373 0.000317019479357156 0.0225923459842206
0 1 3.96160245161027e-05 0.00939849006037999 3.96925815570352e-05 0.0091166281405428
1 0 5.01821534991557e-05 0.0108013095952223 4.51427208783713e-05 0.0109397312231313
1 1 6.1209060118634e-06 0.00270347136275691 8.33800220711738e-07 0.00243634575194462
1 0 9.76941891893794e-05 0.0109063637137263 6.59711015742337e-05 0.0112029561710426
1 0 5.47681674714599e-05 0.0085710324638478 4.27370484266913e-05 0.0111514602649236
1 1 0.000239681139844336 0.0148022706164976 9.16723798975442e-05 0.0142752877768037
1 1 0.00029088310122096 0.0323353988313234 0.000208018785900691 0.028985480620816
1 1 0.000597985188765551 0.0230275492446701 0.000546024861570528 0.0224898852818117
1 1 4.93871228831742e-05 0.0122821469028325 2.21615129689719e-05 0.0112314919994605
0 1 8.43246694267838e-05 0.0206664393976325 0.000150755641593394 0.0199893911111484
0 1 1.47571772237343e-06 0.00563689921778056 1.04023993772841e-05 0.005629595621136
1 1 2.59913653737161e-05 0.00389230253116824 1.29821339200238e-05 0.00355602687179738
1 0 0.000214772301255594 0.0139444108927562 0.00011951949274057 0.0148334368581238
0 0 3.01295249419408e-05 0.00685063993694639 5.00059333134623e-05 0.00713906950318092
1 0 2.01766371848369e-05 0.00576015735371241 1.43559203038768e-05 0.00593653118732657
1 1 0.000638166852352033 0.0886616661932301 0.000427963456231839 0.0842773765711452
0 1 8.23600739745864e-05 0.0108397277712895 9.43041820404794e-05 0.00949509681026909
1 1 0.000277743357970182 0.0327983871745119 0.00023986295456325 0.0241691782726225
0 0 0.000171834554088477 0.0181344088663157 0.000213662267095822 0.0188132462870768
0 0 5.6351112621657e-05 0.0194771229740354 7.56421157472544e-05 0.0219708185473365
1 1 3.37775739558035e-05 0.0266744751036806 2.29270109959345e-05 0.0249816975379164
0 1 0.000163753514846139 0.0217106826767927 0.000184690946355127 0.01956636312698
1 1 0.00126580950701019 0.0279325142666581 0.00105919246169881 0.0219377718877581
1 1 0.000829877816536249 0.0314865867230419 0.000697639233453238 0.0302574306230446
1 1 1.17158102599913e-05 0.00553926135311822 1.01452712433539e-05 0.00497759672062656
0 1 0.000570828891695103 0.0374049800128924 0.000654150276380424 0.0348788749749554
1 0 8.7121543196741e-05 0.0047851274619742 7.70038284300296e-05 0.00485156293386279
1 0 0.000162881715633775 0.0059058306467802 0.000118040972602843 0.00592280782837243
0 1 0.000428300079238415 0.022809026178856 0.000544770201011046 0.0208207515781283
0 1 0.000121380061800752 0.00983828824056171 0.000122676407086505 0.0096770566639518
0 0 2.21454063994918e-06 0.011316756073589 3.45192552345836e-06 0.0119109266212621
1 1 3.46214559361834e-05 0.008529912797563 2.6593848894799e-05 0.00721694754006025
1 1 0.000318817122415167 0.0133389603051659 0.000315399712953857 0.0128658086170739
1 1 3.59439083661045e-05 0.00247777970000164 2.81696805328654e-05 0.0021034657036246
1 1 0.000221835417609171 0.0191673692763068 0.000194569731810927 0.0168066341319147
0 1 0.000339497838413441 0.0215689627401895 0.000463737032992135 0.0211195512815254
1 1 8.44192569486616e-05 0.0172045592877033 7.5015003599276e-05 0.0156778985831046
0 0 0.000717463404589049 0.0400684610724244 0.000747362362141548 0.0404134798328872
1 0 0.000871029097489945 0.0314124679424745 0.000831356696078746 0.0322104479310369
0 1 2.56506120711428e-05 0.00966353813144459 5.83356936121473e-05 0.00778613893680699
1 1 0.000169644477815595 0.0185719642598451 9.0478819409735e-05 0.0164476370104093
1 0 0.000311475526447626 0.00995731004404296 0.000248138023768408 0.0109148140241484
0 1 3.72351598660625e-05 0.00614665086781626 4.38772239713262e-05 0.00567932072472798
0 1 0.000144173387848035 0.0219014336500852 0.000232796115460141 0.02098296568354
1 1 0.00011301539274395 0.0145489857073692 0.000103297714926537 0.0132649782903525
0 1 2.35102269895218e-05 0.00528275438245989 2.39430584574806e-05 0.00337621824343379
1 0 1.87221578892917e-05 0.00564929192706328 1.85323095999154e-05 0.0058600338566652
1 0 0.000579988460803538 0.0205239940001596 0.000522967133386742 0.0223261468744087
0 0 0.00038150709231408 0.0228323847889263 0.0004352245194485 0.0231366550362085
1 0 0.000412815876095162 0.0231906846874782 0.000334077844697636 0.024901915646091
1 0 0.000167995881304538 0.0102108544612276 9.84251424754962e-05 0.010548620120061
1 0 8.63447755836023e-05 0.0133367582027017 4.88318531890004e-05 0.0152412877164304
1 1 0.000311059963083352 0.029155075006571 0.000283505193158116 0.0269120948632388
1 1 0.00034422403608422 0.0224046966065838 0.000262794901217601 0.0214791929177368
0 1 8.07299404131217e-06 0.0112950030757914 1.26241245792921e-05 0.00983876367138523
0 1 2.19616543377608e-05 0.00834286276519436 3.1603835837917e-05 0.00791142567397478
1 1 1.33463584927212e-05 0.0140910636299766 1.02202197725888e-05 0.0131709689217713
1 0 0.000129888775397945 0.00520318791349976 9.41186901259072e-05 0.00526603523705079
1 0 0.000110475374496436 0.010796026084262 2.51695126867888e-05 0.0108232001234727
0 0 3.37368307022407e-05 0.0236685359223486 4.91624592707332e-05 0.0241943909843813
1 1 4.51713844874253e-05 0.00809359536255603 2.77031381062225e-05 0.00781862910482892
0 0 0.000158029673270372 0.0289322240269886 0.000165374907629636 0.0303780189089686
1 0 0.000174687135265325 0.0463486582808863 0.000153901477986693 0.048144689688398
0 0 0.000126888463424335 0.0301712329085721 0.000166885704122419 0.032071537702769
0 1 0.0001603700636616 0.0254521109372403 0.000189862087535381 0.0239074215571682
1 0 2.65869891254716e-05 0.0091821408530641 1.96619320398939e-05 0.00949079390992662
0 0 0.000122602865318455 0.0207131032374442 0.000137729296818404 0.0214734620642526
1 0 0.000385812338990764 0.0285787400142547 0.000369066933170784 0.0291542758179914
0 0 0.000249363193263558 0.0181381796897443 0.000338243163104229 0.020832342819928
0 0 1.26584636499844e-05 0.00510660412021242 1.26694615916758e-05 0.00675956726010716
0 0 1.38935490254167e-05 0.00198154920638139 1.87372190689906e-05 0.00305580718355395
1 0 0.000228208545763958 0.0238144449049796 0.000197857932069701 0.0239005246069013
1 1 0.00031789994851659 0.015810175801186 0.000293643112172252 0.0133999050926553
1 1 0.000138767731902489 0.0178543470079735 8.07210142453429e-05 0.0151449061847224
1 1 0.000187546896326281 0.00657898233872408 9.09498901172689e-05 0.00530452790334521
0 0 2.85080350760801e-05 0.0156960611089413 3.46259990895188e-05 0.0174050666946965
1 1 0.000126501191221657 0.00971114502136627 0.000115848585764252 0.00962380145016764
0 0 0.000224298684587185 0.00988561392992473 0.000297469433709343 0.0125513686662974
0 0 9.59418438752235e-05 0.01786672026459 0.000186648917164944 0.0198013701644941
1 0 0.000300079181816125 0.0165592960392993 0.000253973900554135 0.0217984998074639
1 1 6.41626124641528e-06 0.00634315121642823 3.62304590241831e-06 0.00592144780803313
1 0 0.000298973663908675 0.0185801622907487 0.000230580385662433 0.0189377506211771
0 1 0.000159957606429873 0.0196346687523259 0.000202043777526121 0.0173067182002209
1 1 0.000165330019135217 0.00824653279901675 9.751878549643e-05 0.00703865911689438
1 1 6.00176209216428e-05 0.00617887049105721 5.20386694640935e-05 0.00596130084812405
0 1 2.15794217804336e-05 0.00347634694775432 6.67312104473314e-05 0.00326585151861211
0 1 0.000224570038676944 0.0287909854607865 0.000236592431458036 0.0226217812768456
1 0 0.00031937621891513 0.016043197654366 0.000288138834534264 0.0181013839223791
0 0 1.45353714846716e-05 0.00477118262433215 5.62644959373247e-05 0.00502579050177239
1 1 5.15629056628357e-05 0.0415108766867109 4.5854456093727e-05 0.0402445011126392
1 1 0.000940306842994775 0.0343056718207558 0.000895883322318802 0.0307128659677045
0 1 0.000143303673192668 0.010778659533135 0.00016277626907074 0.00967344512409469
1 0 0.000413835331801388 0.0160767489246651 0.000263941456847755 0.0161536517993384
1 1 0.000334131014608861 0.0144609778912938 0.000321525138362203 0.011135355714867
1 1 6.79313596146079e-05 0.0111429028785723 4.54788329683288e-05 0.0101893867429416
1 0 0.000242505741647737 0.0200232922483301 0.000180882081369564 0.0215064051492472
0 1 0.00019391138796596 0.0193904031637754 0.000298217590456709 0.0181379554815164
0 0 0.000229484483953174 0.0259288931087338 0.000330211288354644 0.0262489642932201
0 0 0.000320077245310347 0.0267818188348806 0.000343626654473834 0.0271844567798918
1 0 0.000229129173398757 0.00898972712953549 0.000199802059232776 0.00948610840662656
0 1 0.000325379296689268 0.0240818544873335 0.000345273425435075 0.02246640035988
1 1 7.98990518030203e-05 0.00606698978911401 5.0849132668447e-05 0.00376581520392304
0 0 0.000118131234498547 0.0239657980375608 0.000126298437931802 0.024279802663648
1 1 2.72446580911329e-05 0.0240692186714355 1.01453036910159e-05 0.023116371990478
0 0 5.02255922318081e-05 0.0164833974541659 0.000102337399671664 0.0168984531643464
1 1 6.45679130692109e-05 0.00864049722176605 4.64026528057225e-05 0.00791678983549745
0 0 0.00050374530685594 0.0124726849912483 0.0007530023625356 0.0218220718348358
0 0 8.41896218979056e-05 0.00770561605100928 9.71378704575572e-05 0.00857236432573985
1 1 0.000179115581913328 0.0250908659425603 0.000131302360421623 0.0207912121351915
0 1 2.32295292700684e-05 0.00566155532613382 2.78437797637944e-05 0.00541528913580954
0 1 3.12474962182041e-05 0.00704512845056075 3.19296717714364e-05 0.00664396287063183
0 0 0.00060248362538817 0.0246226753613666 0.000651943893350407 0.0279809344304965
0 1 0.00061913783143802 0.0328038698512324 0.000639146967897361 0.0283986153681182
0 1 4.71138711681176e-05 0.00612554144959499 6.45963997675896e-05 0.005755806203886
0 1 8.57466909730489e-05 0.00570550741291908 0.000119722933399511 0.00521486044538779
1 0 7.25611905829401e-06 0.00770959861752872 6.61496381629721e-06 0.00878487527164674
0 0 9.13435439732912e-05 0.0102589065023319 0.000108670306876273 0.0105932441761411
1 1 4.00003204733817e-05 0.00454854642210513 1.2540217840463e-05 0.0034288992489036
1 1 0.000212974893063149 0.0347277747954448 0.000209960546049193 0.0347097574075147
0 1 7.40576311724235e-05 0.0191878525979903 0.000114215520875666 0.0186659456082044
1 1 0.000414475690265097 0.0106050238731868 0.000251295289713731 0.0101738111157241
1 1 0.000116893765237123 0.0208397628661867 0.000112621188102349 0.0202906505330837
0 1 0.000117845670241904 0.0193114566823909 0.000126240522563439 0.0181468310343794
0 0 0.000101513856935897 0.0223266336965662 0.000119699846150766 0.0237557279131343
1 0 9.48579869576716e-05 0.00962182938111195 7.29195886783933e-05 0.00968993827776313
0 1 0.000284241379163919 0.0180850153541405 0.000297520307226397 0.0180457950976937
1 0 0.000211077736965861 0.0143187976465486 9.55881699930165e-05 0.0179698753515295
1 0 0.000434260085023431 0.0358769151139903 0.00033058426357325 0.0373362871765754
1 0 6.67480897095564e-05 0.00310973063844172 3.51588521508803e-05 0.0034264275827232
0 1 5.61090069986926e-05 0.00821819020776976 0.000164278906597437 0.00652855426947816
1 0 0.000119835004886356 0.00513230539122151 6.99135826451919e-05 0.00568573891288525
0 1 2.059173517062e-05 0.00974284572716196 2.97546412427675e-05 0.00943755163900793
1 1 0.000140116798561546 0.00873931906314407 7.19573835292927e-05 0.00860629432591678
1 0 0.000880902107927343 0.0291214878085576 0.000862545020569079 0.029992684597276
0 0 1.9187537512865e-05 0.00473207293323734 3.1808466109109e-05 0.00482759559871442
1 1 0.000416767209091933 0.0276196310157168 0.000351788798192508 0.0204021058901398
1 1 8.25151491734295e-05 0.0076482222873291 4.24580142981745e-05 0.00534733341349099
0 0 5.0046964177262e-05 0.0041377186220854 5.29613811807316e-05 0.00419592211888723
0 0 0.000614662668386077 0.0202278541332804 0.000648210473078941 0.0227384117286915
0 0 1.25805247276089e-05 0.0296139267565101 2.43021436609484e-05 0.0298569721756517
1 1 7.53473645621981e-05 0.00978705647893977 7.10346952744339e-05 0.00860347746997516
0 0 1.88135842506356e-05 0.0055958500932327 2.32005519320032e-05 0.00653789650163093
0 1 2.61354974132003e-05 0.00599556273969288 4.36363276094106e-05 0.00551695825401923
0 1 0.000206640766456642 0.0123373575143065 0.000272853745933451 0.0120419126863114
1 1 0.000108120906135242 0.0110285499045096 5.35621755020324e-05 0.00958331231711192
0 1 0.000118072600726642 0.029342594840881 0.000241653787512028 0.0287873220461021
0 1 0.000431386135462258 0.0219697218863906 0.000528779085599876 0.0215562577886511
1 0 1.96331791734797e-05 0.00588361463108877 1.52687592439565e-05 0.00656606847547018
1 1 0.000216525336076462 0.0197256724823878 0.000116615581795068 0.0185745194251208
1 0 0.000425006493170282 0.0219246489041491 0.000363440473498112 0.0219554442181936
1 1 0.000151302137353612 0.0204385889164303 0.000111685686621168 0.020092720689217
1 1 0.000249176896966332 0.0306642376129556 0.000215093212100081 0.0219445798383548
0 1 0.000153232154073433 0.0189115464832496 0.000246237364868124 0.0158511211754765
0 1 3.36233325365031e-05 0.00883033528598489 4.9541454098383e-05 0.00873320327647283
1 0 0.00032367817336478 0.0151529359633203 0.000124787346439637 0.0167821059251265
0 0 9.40949218538965e-05 0.0147835614310841 0.000187108001892183 0.0154998610369511
1 0 0.000111649005831342 0.0129879034990328 9.52900659940376e-05 0.013506126432355
0 1 0.00013799825805142 0.0232937876518638 0.000168693845849312 0.0232368766151112
1 1 7.6632113333802e-06 0.00367444597170873 7.20257093059641e-06 0.00339444726239044
1 1 0.000153051851407375 0.010174234656295 0.000112429888835145 0.00729662652432119
1 0 0.000299489258696533 0.0158844555350465 0.000190904110260957 0.0163545559545311
0 1 0.000203531210402403 0.0151624609294125 0.000242321990521326 0.014180706962873
0 1 6.35300102183123e-05 0.0115891894214512 6.4351450478193e-05 0.011188039510526
0 1 5.35656644104478e-05 0.0112692390715294 6.93393441257733e-05 0.00968751229041414
0 0 0.000154897941805901 0.0201272548440614 0.000280367083766019 0.0206712116557082
1 1 8.0836028333966e-05 0.0187965771210854 7.14655344189416e-05 0.0186226171545941
0 1 0.000152005853071523 0.0128371813745049 0.000170508108379849 0.0114782306019825
1 1 0.000122964341729662 0.0152529427304889 0.000112101121994023 0.0136205360476583
1 1 0.000500773634556683 0.0234391259469269 0.000384648513253952 0.0209796637835048
1 1 0.000220808427954491 0.0132735938440585 0.000214037405750674 0.0132534763783359
1 1 0.000902476088307914 0.0164667122569168 0.000816482395972666 0.0160975903089569
0 1 1.36540548500121e-05 0.0145133377540549 1.39008946718885e-05 0.0143092397554621
0 1 0.000166543579304498 0.01296868349833 0.000270874934772201 0.0122835405951124
1 1 0.00010093147442546 0.0121690257608971 9.90478136405554e-05 0.011222723601298
1 1 8.6297313799142e-05 0.00476017231945342 6.21630712770437e-05 0.00430690999221398
0 1 6.45191827871448e-05 0.01833008789896 9.31996711993083e-05 0.0149427233523329
1 1 1.83136409342172e-05 0.00709906903198061 1.30875759177001e-05 0.00696772033342438
0 0 4.18717487481181e-05 0.00728108821875213 6.39112573373967e-05 0.00737153887405324
1 1 7.9178750624278e-05 0.00577155889360976 5.91041226389564e-05 0.00540279008321334
1 0 6.59887499460558e-05 0.0136263326492299 2.82303771822637e-05 0.0153190616865605
1 0 0.000124588093186506 0.0271098905731392 0.000105266862373926 0.0285363239307198
0 1 0.000100351270430801 0.0165197945105964 0.000108291575718922 0.0160784138175974
1 0 0.000167522377176499 0.02724735505707 8.89658892338162e-05 0.0307052661012057
1 1 7.63486054760169e-05 0.0138108569917002 7.41966394268868e-05 0.0137173248536768
0 1 0.000155331953820599 0.026384194219311 0.000242674773374554 0.0243114121359282
0 0 2.28830356174008e-05 0.0144458529344871 3.03722306134815e-05 0.0147551475366796
1 1 4.19339203379718e-05 0.00413192657634045 2.60941675875887e-05 0.00398055698218249
1 0 8.00984028469975e-05 0.0189632677667151 5.69006740430836e-05 0.0207510149684868
1 1 0.000152789500941757 0.00940618206403359 7.62969040059666e-05 0.00839463993213929
1 1 7.58821186866245e-05 0.0126583470832526 6.82315062838523e-05 0.0125407040752586
0 1 7.1478065531094e-06 0.00333023047743044 2.10318676641668e-05 0.00318264479223736
0 0 0.000156671381567749 0.0298067607044763 0.000186013482642511 0.0310248897433183
1 0 4.186590711067e-05 0.00168576371142409 3.1991411259776e-05 0.00172259754158902
1 1 5.04095702363484e-05 0.00290081590424141 3.38779703511689e-05 0.00283696915517635
0 0 4.91233174180595e-05 0.00971465509033097 7.09158120747025e-05 0.00980462754338939
0 0 0.000214926855456616 0.0367663947098004 0.000275268457552023 0.0420774987183966
0 1 3.50234742136353e-05 0.0108383883722117 6.29778864937812e-05 0.0107915647108259
0 1 0.000110624969903425 0.0103047042676671 0.000111805554155055 0.00757573708085929
1 1 9.46673912981192e-05 0.0169800856123936 7.54673818815743e-05 0.0162882856476922
1 0 0.000197530675539493 0.00772206818837609 0.000129552661398558 0.00778261000242904
1 1 0.000290387135208812 0.0120609385516931 0.000231077227249962 0.0108498819877863
0 0 0.000151139042896314 0.0200556545126605 0.000185620438010685 0.0210246589611149
1 0 0.000218741193063228 0.0333362784888237 0.000205806171403258 0.0351636399135211
1 0 0.000228450065992912 0.0112628494713663 0.000169466883036964 0.0130834851409316
1 1 0.000502110646993172 0.0272056230708163 0.000317584602395027 0.0266151374040072
0 1 0.000292110686488306 0.0118448603189171 0.000310423593634217 0.01145819231521
1 1 5.72607484577755e-05 0.00365714711033579 2.77536003412451e-05 0.00362908177586632
0 0 4.02764630507478e-05 0.00872644541513485 4.24016311442932e-05 0.00901700431182471
1 1 0.000147082626504454 0.00661064199646995 3.53377438566455e-05 0.00439874529654267
1 1 5.86864147781416e-05 0.00317242961166405 2.74619533710517e-05 0.00313825048997227
1 0 0.000224018212050417 0.0205883941843399 0.000164096129265151 0.0222998165612299
0 0 5.83127992427585e-05 0.0244355451672884 0.00010029303502759 0.0263961101200855
1 0 2.22025417043823e-05 0.0029407747215634 9.26321603843423e-06 0.0033467150983995
1 0 0.000251366434358615 0.0566019034755178 0.000229763309031326 0.0600562635659989
1 1 0.000103076425830783 0.0743241149185726 3.60782856188288e-05 0.0738469925466909
0 1 9.5150680160329e-06 0.00266574998996595 1.22861265384369e-05 0.00255795030735591
0 1 7.32235961035896e-06 0.00437092665509973 3.11643289991873e-05 0.0043434002720623
1 1 3.8648985111817e-05 0.0350138316981205 3.51202850230848e-05 0.0344104014020856
1 1 0.000155022892877262 0.0110738835877038 0.000130246717008515 0.00882032323005589
1 1 9.1318044131995e-05 0.0368996015177715 8.76296373144375e-05 0.0353081281783339
1 1 0.000613190834535881 0.0261618596892785 0.000488232467565832 0.0256119774689949
1 1 0.00084587961878409 0.0218402002131914 0.000774107388146809 0.0208900879571717
0 1 9.09940017672104e-06 0.0153906894795498 1.70480496316165e-05 0.0121728753463878
1 0 0.000276577295307462 0.0122978806658374 0.000108079155646567 0.0128232835363849
0 1 0.000143356232912023 0.0318320851089205 0.000178382301299351 0.0274294402061883
0 0 3.25624480728519e-05 0.0245504591689525 5.00706108341548e-05 0.0246102456063892
1 0 6.29142174768998e-05 0.011837503528116 6.07732687818688e-05 0.0129519749362554
1 1 9.26118478547816e-05 0.011060453735481 9.23825722584309e-05 0.0101929576113654
0 0 5.98869479411721e-05 0.0127878207169856 7.14681826908728e-05 0.0135213614497307
0 1 5.02660147588056e-05 0.0225033714171056 5.11801223646229e-05 0.0215268878520688
1 0 0.00017141042442225 0.0181092003336763 0.000132848973633561 0.0197064269220033
1 1 2.21198747441902e-05 0.00470589377075418 6.43623064000152e-06 0.00425321251756045
1 0 0.000149719159555665 0.0166421362063355 0.000134643671811929 0.0194813149397994
1 1 0.000748419292147934 0.0458782498641677 0.000740594453152574 0.043660805556605
1 1 0.000594802533042681 0.0392850600284653 0.000437183491642579 0.0373540637135748
1 0 3.44079412359023e-05 0.00594004163776457 2.60747013511337e-05 0.00667561310042416
0 0 9.38078286886216e-05 0.0261470680378939 9.99798850251582e-05 0.0267451512588434
1 1 0.000787673351786722 0.0372892214798585 0.000770438652550381 0.0345572448692481
1 0 8.95219635486571e-05 0.0227033220520897 7.21636685008387e-05 0.0232003534702841
0 0 5.27337142317768e-05 0.0100158616644379 6.14478078937499e-05 0.0101186453524304
0 0 6.85653936291759e-05 0.00631505071641645 7.27973598836631e-05 0.00736181408415721
1 0 0.00126773886799358 0.0268657835096111 0.00119048215826146 0.0296229475576173
1 1 0.000218607103696024 0.0250921684864335 0.000155410212895105 0.0237990116509559
1 0 0.000173152881258804 0.00483802952269812 0.00012174221739784 0.00495345048854511
1 1 1.70795304053464e-05 0.00801893193620406 3.0192736827727e-06 0.00799027343441638
0 1 1.68203832713387e-05 0.00552289895285515 3.73607783757031e-05 0.00511145742992064
0 0 6.42701623534992e-06 0.0122667356008399 1.12993143700727e-05 0.0135604205615349
0 0 2.02886440563897e-05 0.00326868561480951 4.09503374155176e-05 0.00369226133216752
1 0 0.000185067815460293 0.00819160382223661 0.000152654339658411 0.00878175186172421
0 1 2.44849089243831e-05 0.0134273573604415 3.44253064838343e-05 0.00826417835381153
0 1 0.000173158933733666 0.0114721514772561 0.000202854285420025 0.0100450621053174
1 1 3.45368604892573e-05 0.00853590414767179 2.79615272918191e-05 0.00740861018959329
0 1 0.00067381356478601 0.0272172610027649 0.00073978841331429 0.0254668631332603
0 1 2.99778474348917e-05 0.00599995279097147 4.41026658126229e-05 0.00515264298757867
0 1 3.1600438444156e-05 0.0148900261798025 3.47474798263315e-05 0.0148607342879449
1 0 0.000144828242210706 0.0113377372207758 6.92615108601862e-05 0.0124397462621141
1 1 0.000351805538524421 0.0190278580651063 0.00034688353529436 0.0178985763034125
1 0 0.000113968344078177 0.0110112376176963 6.90182561448033e-05 0.0117432355706327
1 0 0.00015002991687935 0.00888851997149296 0.000122385125936871 0.0113403424405654
0 1 2.80091118010311e-05 0.0115206985002947 3.83697658191238e-05 0.0112994695334033
0 1 0.000106317243408004 0.018069055627417 0.000117304636588657 0.0175340105881019
0 1 9.5523286327555e-05 0.0146343827894377 0.000120010736669801 0.0139732972681375
1 1 0.000547320720428476 0.0183312407496484 0.000504082461594239 0.0161388200323839
0 0 0.000357063704988515 0.0338563463399344 0.000406709253974976 0.0340893734836577
1 1 0.000535331435856838 0.0120382193795786 0.000227456329967931 0.0110140615581421
1 0 4.5316195109556e-05 0.00592170910894316 3.11909737715788e-05 0.00701970344632432
0 0 1.20075501818266e-05 0.0229208801070827 6.42703142722044e-05 0.0231389325306038
1 1 6.09116339817692e-05 0.0122078472341391 3.51584549546668e-05 0.0112532353689096
1 0 0.000473140214908337 0.0425324789613499 0.000207358498229377 0.044300031679088
0 0 0.000786610917979393 0.0204977168047677 0.000854616591885807 0.0206312901378096
0 1 4.19420233644157e-05 0.0271348855279204 6.47406389124621e-05 0.0220632379008739
1 0 8.75986168142688e-05 0.0187688721782793 3.97408847957907e-05 0.0191971250868346
1 1 3.97695926185563e-05 0.00926446730507046 1.56974917557925e-05 0.00876039122471209
0 1 0.000284222017902781 0.0240019468134636 0.000411766269580759 0.0238618537619488
1 1 4.51719179612925e-05 0.0318416078014572 2.49611096180992e-05 0.0268448134058062
0 1 9.70010986657202e-05 0.0268412773305796 0.000158203566838677 0.0247555724025143
1 0 7.71754943642995e-06 0.00222685887277425 5.31723782841175e-06 0.00246730407766104
1 1 0.0001053740639345 0.0258805916578875 6.51323864311476e-05 0.0221871274796797
1 1 8.84175782080716e-05 0.00588215729769119 7.71077457581705e-05 0.00528353633263701
0 0 0.000184937667161382 0.0267125284227746 0.000201110056714308 0.028885009798865
0 1 5.05483569940834e-06 0.0101423284857119 5.5223658091452e-06 0.00843515354268239
1 1 0.000163744306144645 0.0096983429048734 9.24847356274647e-05 0.00797919108204567
1 0 4.44352563708691e-05 0.00816445054762464 3.14280656475383e-05 0.00826157414709261
0 1 0.000381304462885637 0.0391927982850841 0.000441402223940509 0.0373419345575881
1 0 0.00041000149975187 0.0184511334441892 0.000286801845178531 0.0215031682020005
0 0 0.000361919016166516 0.0114952362320729 0.000384249720295298 0.0183706500479425
0 1 8.05774746427185e-05 0.0220784921079845 0.000146276321034551 0.0181726389685468
1 1 0.000133446304055304 0.0164189002664691 7.39561996641618e-05 0.013817074887011
1 0 0.000683252997330853 0.0203509745470338 0.000664251715599701 0.0224481280515718
1 0 3.53763892990824e-05 0.00298554945170608 3.12274665166583e-05 0.00328452177421011
1 0 0.000105249344506541 0.0230802039749018 6.3087857488804e-05 0.0232194304945131
0 1 0.0012321201949557 0.0330919786205178 0.0013092819194663 0.0326062598723384
1 0 7.47359525576961e-05 0.00917227232198088 6.99032851134407e-05 0.0095939052309025
0 1 0.000108134152753708 0.0223358323180058 0.000162006825239155 0.0223064602951933
0 1 0.000307220629167353 0.0206494203768115 0.000308246280185864 0.0190639139338412
0 0 0.000153242614597999 0.0178090539708417 0.000196105550081818 0.0189558958172989
1 1 3.29698116066893e-05 0.00809473798084843 7.95691296857531e-06 0.00760166591485535
1 0 3.84289161967517e-05 0.00618018352243043 1.40160407940575e-05 0.00774953496568103
0 0 3.70080859713561e-05 0.014213562907747 6.31994089092737e-05 0.014722139755987
0 1 0.000185884384557529 0.00969566998939309 0.000194874908948979 0.00940543708002811
0 0 0.000152008101075646 0.00863563449020036 0.000161182233881414 0.00874022914393958
0 1 0.000319751522129911 0.0169010996556599 0.000382532150769975 0.0164552989967848
1 0 1.48493610943361e-05 0.0122849838994838 5.69218951134042e-06 0.0123111992559095
0 1 0.000174555470462032 0.0268541435992868 0.000214380899379736 0.0228534149003067
1 1 0.000277809367592568 0.0163033822496423 0.000203701288965241 0.0150994711510862
1 1 0.00018049518269037 0.0183826722847102 0.000137749698318832 0.0173908528769525
1 0 4.92018013360237e-05 0.00362132827128654 2.30181070763997e-05 0.00412722654643251
1 1 0.000100340015399989 0.0053391259938564 7.52484475122023e-05 0.00523836027564287
1 0 4.62174630145014e-05 0.00459530353696676 1.90814122296874e-05 0.0048429638026672
0 0 6.67055004314042e-05 0.00474664208671673 7.835697076566e-05 0.00477704149519277
1 1 0.000213573250202019 0.00433584813322418 0.000130500152152071 0.00399400814729634
1 0 0.000156352104366795 0.0172647290212929 0.000153323908051431 0.0184267464285098
1 1 0.00081433837871936 0.0247609387551376 0.000776049965090833 0.0227629860204918
1 0 0.000485326649312454 0.0225383420540236 0.000292020702936908 0.022615043219805
1 0 0.000417438975966831 0.0231854294453755 0.000379572803853265 0.0233655653462079
1 0 3.52696418183204e-05 0.00417042914525936 3.51839207041167e-05 0.00480394134454121
0 1 0.000250792019422902 0.0256495247540941 0.000304569431306523 0.0225888818079971
1 1 0.000210472730418717 0.0190676396534779 0.000172463973201296 0.01351436439541
1 1 0.000109400689401914 0.00803469014558635 9.37229437330316e-05 0.00802519038515381
1 1 0.000318882244107528 0.0217453306260552 0.000283930298396899 0.019224419725242
1 1 0.000174801787410075 0.00862121211807628 0.00012651119919634 0.00845110282570915
0 1 2.06805084123513e-05 0.0101651704131275 3.62121288675733e-05 0.00917280778512899
0 0 0.000267904968079036 0.012811293411532 0.000301585202119406 0.0141769349063577
1 0 8.60705858781946e-05 0.0120517617220589 6.28822014732267e-05 0.0165788299769151
1 1 0.000132336447507955 0.0152495254760374 0.000132158493816639 0.0126419902481852
1 0 2.87422482531088e-05 0.00371302621962671 2.60921637245997e-05 0.00385159437953949
0 1 3.52554772325328e-05 0.00824064446187695 0.000110650612599857 0.00711648119665686
1 0 0.000229471271260293 0.00894310899961434 0.000131385653441362 0.00994196983202868
1 1 9.19638928247614e-05 0.0118462077697448 7.2038150281247e-05 0.0109746355066529
1 1 0.000121661837752551 0.00698725096087743 4.41179569049139e-05 0.00577307672016941
1 0 6.78907731210305e-05 0.00506007579838009 3.84087892445347e-05 0.00523819171266521
0 1 5.98046446571771e-06 0.0031246358501036 1.58708146166977e-05 0.00309514852283359
0 1 1.41900106652125e-05 0.0149300988235943 2.81674077459667e-05 0.012971692674098
1 0 2.84836962328207e-05 0.0174027827004625 1.2672910792834e-05 0.0223421634475339
1 1 4.88414491502105e-05 0.00968875534078853 3.92269767984019e-05 0.00930546975032998
1 0 0.000449959210466946 0.0152904222248478 0.000420172768268656 0.0159477981267627
0 0 0.000483972727216234 0.0255700261142059 0.000502896243317394 0.0282758199547658
0 0 0.000117870088902375 0.0178172661700332 0.000138092141590942 0.0198588185395297
0 1 0.000434206845078053 0.0170674316209507 0.00048409418223713 0.0138615582640863
1 0 4.29414720199074e-05 0.0197800984756202 3.11500841004266e-05 0.0206305065047965
1 1 4.38496942170514e-05 0.0153527181221124 1.64848717015647e-05 0.010748712214531
0 1 0.000791539376999179 0.0283009436793144 0.000832312513693643 0.0278614377278578
1 1 0.000214441542086477 0.0122281731145765 0.000155230002700307 0.0114742551341269
1 1 5.54186145426258e-06 0.00973709422512851 1.89306840736751e-06 0.0088110480433956
0 0 5.10077393121651e-06 0.00215993472293541 8.8969262582898e-06 0.00227629184168612
0 1 2.45314601563968e-05 0.0103115573353553 3.05109957587615e-05 0.00959228145209248
1 1 0.000220426392652361 0.0117697826774532 0.000208307357453287 0.00892891990792071
1 0 0.000187299685357074 0.0152941386562869 0.000116693915533582 0.0178662005181231
1 1 0.000106555889605064 0.0123569688996206 6.72552051213201e-05 0.011852854369296
1 1 4.69585638192671e-05 0.00353076193640831 1.74621376022219e-05 0.00306643959454559
0 1 3.80200861764343e-05 0.0202765719786241 7.93868814477648e-05 0.0144884915304986
1 0 0.000171037896213165 0.00952059850628927 0.000151868217997694 0.0109191887271991
1 1 0.000305186871358276 0.0242695771717602 0.000237203940122621 0.0242542280405629
0 0 5.14345295729825e-06 0.0143808236880793 1.8437085380518e-05 0.0146592404333938
0 1 0.00016749700000593 0.0170541458156924 0.000181407693228533 0.0166576133015353
0 1 4.7964711774659e-05 0.0124439355824746 6.17942193089385e-05 0.0113000772618871
0 1 1.90618902327219e-05 0.00419733897831627 1.99321328518811e-05 0.00393244914214213
1 1 8.94474515388767e-05 0.0218202333947892 5.9586478220919e-05 0.0183375543664955
1 0 4.92986309563555e-06 0.00577540020846577 2.36027078271721e-06 0.0067765659455765
1 0 6.79808777646766e-05 0.0214875369054892 5.61453551702284e-05 0.0218346810223466
1 0 8.5616831974999e-05 0.00787758298094074 7.23485292155129e-05 0.00878009617106634
1 1 0.000112295636334622 0.0119644863978128 9.40002072985421e-05 0.0101118561938859
0 1 2.45633304161261e-05 0.00688311393877335 3.5529013017863e-05 0.00452649151379402
1 1 0.000350809925549768 0.0130471528409189 0.000152777864351241 0.0121054423421797
0 0 2.70290333224028e-05 0.0205657257894722 4.11583639670977e-05 0.0212404937352203
0 1 0.00019436459358292 0.041538337876487 0.000245285882384796 0.0350661180116494
0 0 0.000217059908770483 0.015371327213904 0.000224909596166238 0.0160386863492538
0 1 8.17365110091168e-06 0.00437461655677466 1.04600867668499e-05 0.00392528710332163
1 1 0.000351263260019669 0.039674242930606 0.000247498650006364 0.0367436380408228
0 0 0.000136128944915994 0.0188428799291185 0.000223449145719586 0.02061567210165
1 1 0.000270733915548529 0.0147117690004672 0.000164358707184444 0.0140050373321518
0 1 4.45583861730838e-05 0.0169330783599575 8.62927443136145e-05 0.0128433955237144
0 1 3.75875164234471e-05 0.0135872324023465 8.81337455874216e-05 0.0135399750838771
1 1 0.000212728274045993 0.0228951069159094 0.000179934167506647 0.0217066700778848
0 1 0.000472432115466641 0.033157197607891 0.00050363525148266 0.0293471798382001
1 0 0.000158137281188252 0.0102895354474893 0.000114332282406945 0.0117018378849163
1 1 6.0669136857929e-05 0.011647977426473 4.61849530564551e-05 0.00852546676785527
1 1 4.78827804859775e-05 0.00405257684895406 5.84136249391537e-06 0.00350459661363073
1 1 9.39986683348464e-05 0.00763107326246124 6.71307688436217e-05 0.00700619620107991
0 1 0.00011623531751602 0.0187968397492324 0.000225990065538317 0.0164017736990318
0 0 2.16432040433005e-05 0.00935530097800991 9.56100316981965e-05 0.0104553642284535
0 1 9.42144860548293e-05 0.0179783060885181 0.000112180088880558 0.0168811413649153
0 1 9.44301703191678e-05 0.0097716246677132 0.000142949561235991 0.00917209978479669
0 1 9.43343436119201e-05 0.00383509269773432 0.000115983877278555 0.00344252523510307
1 1 0.000191574135530459 0.0248197291181319 0.000137969110269583 0.0232526712196261
1 1 0.000219405024081191 0.0088316668521039 0.000120652392811228 0.00825637281013117
1 1 0.000572212314596685 0.0166322553657887 0.000461321138779554 0.0147074723292149
1 0 5.39827621784638e-05 0.0122130254260311 2.90637915357591e-05 0.0138576979238793
0 0 2.85621391564838e-05 0.00622978004761378 6.42984213504248e-05 0.00688868192302837
1 1 0.000126555152562223 0.011141362873005 0.000101379431837953 0.0102179467621652
0 1 0.0001093190319264 0.0121152154791052 0.000118564269862655 0.0120723336655992
1 1 0.000490582355457265 0.0224193813281316 0.00038019253825284 0.0164850735259705
0 1 3.25595289851279e-05 0.00873190178093764 3.92600768623935e-05 0.00799454631182234
0 1 0.000249639007953393 0.0119836511502264 0.000254928613272948 0.0100372086365333
1 0 9.48656469540424e-05 0.00340659084392351 9.31833687737163e-05 0.00377836158953115
0 0 4.53289223273824e-05 0.0129827912147175 5.83608006967753e-05 0.0131613629981778
1 1 0.000120511324229292 0.0267509728839692 8.18762490072693e-05 0.0236917476571939
0 1 0.000105287715277307 0.0336782334451267 0.000125567007817677 0.0330548159001599
0 1 3.18044167769754e-05 0.0165559292775077 8.47811054813977e-05 0.013657564225885
0 0 0.000318978034016003 0.0199452256356533 0.000485665355804531 0.0206256504167561
0 0 4.38711349656242e-05 0.0042457403020008 6.90076176790965e-05 0.00456588841616829
1 0 5.05798961243816e-05 0.00222615742244958 4.95781222256042e-05 0.00308156651579302
0 0 4.37311828680835e-05 0.0170444865816021 9.84203661425581e-05 0.0189706112323144
1 1 3.0060990129014e-05 0.0178458578923057 2.45830847443699e-05 0.0151892260266939
1 0 0.000201346639589851 0.0174501792197352 0.000195516229468658 0.0179876270572408
0 1 0.000152975452014774 0.0202094445467707 0.000237784583960273 0.0166077224063384
0 0 9.50946657314121e-05 0.0168221494552821 0.000119775776039578 0.016887301939833
0 1 3.26022717742682e-05 0.0107541700036297 3.99399271213856e-05 0.010715198822897
1 1 0.000500561582969372 0.0183169173985748 0.000498630842501668 0.0178542713688917
1 1 9.74558091322117e-05 0.0427158749648378 9.22882133198506e-05 0.0416059043857362
1 0 0.000137771276513705 0.00418012309523355 5.22079854940062e-05 0.00423246012530006
1 1 0.00019519972392558 0.0113487054733724 9.88127554820029e-05 0.009862581003222
0 1 0.00031929397514038 0.0239973196556792 0.00032442044757318 0.0225807388762304
0 1 3.53018472982531e-06 0.00729407007893361 7.0014868005482e-06 0.0063175885585869
1 1 6.37489096923934e-05 0.0144538603993388 1.71104384747862e-05 0.0109119745500406
1 0 0.000202599160418499 0.0139954497295051 0.000173445370595286 0.0156943453544714
1 0 0.000179666320390798 0.00909891361756918 0.000128817912871988 0.00946065817332372
1 0 7.98620135424671e-05 0.010218739443976 7.3475725637252e-05 0.0104729473576719
1 1 6.70132406481055e-06 0.0330841158130838 6.22270018465882e-06 0.0310785142869406
0 1 3.27900474839409e-05 0.0200599376000438 3.47200208699576e-05 0.0184804969469986
1 1 0.000259339782528557 0.00696983850185377 0.000187030645862999 0.0067504051517025
1 0 4.99357663050427e-05 0.0118255125530137 3.39308496490085e-05 0.0162865313475343
1 1 0.000192326148720859 0.0184689214933334 0.000192182550585934 0.0184625023020668
1 0 5.24243185575354e-05 0.00479531190834424 1.32769464692335e-05 0.00486287918662842
1 0 2.24633871509907e-05 0.0029237263778425 9.69782487653079e-06 0.00320981599873097
0 0 0.000162781762155923 0.0287825292497997 0.000215725877353188 0.0311792423155343
0 1 2.13501345427456e-05 0.0112036640060828 2.65594916947943e-05 0.0109367903054338
0 1 0.000420121969853131 0.023249946104789 0.000535252750020992 0.0227277456219651
1 1 0.000514324154464508 0.0323958346827107 0.00041745408760014 0.0277514397824333
0 1 0.000335484693047524 0.0229581719470359 0.000353367023552783 0.0226940101477994
1 0 0.000161404570290777 0.0134086466782847 0.000129014699565906 0.0174305650099937
1 1 0.000182196603628579 0.028488739152547 0.000141010639707469 0.0194236392651762
1 0 0.000189620101669386 0.0373201746700686 0.000136137560289337 0.0399736230750907
1 1 0.000232425341276605 0.00897537351791162 9.54048131072876e-05 0.00587932712730803
0 0 5.24258600448337e-05 0.00744165350994884 6.40852431685819e-05 0.00914841794246724
0 0 0.000125344458921175 0.0211449200746279 0.000145793854858968 0.0242901383862586
1 0 7.81898984334863e-05 0.00354384010894957 7.08633776663237e-06 0.00480217273803743
0 1 0.000127064052143133 0.0100555955899879 0.000136720968620165 0.0096745720516251
0 1 8.07662640542422e-05 0.026506912024775 0.000100344093777339 0.0235774733694545
1 0 2.65602266370073e-06 0.00313321436410797 1.60216611737189e-06 0.00371634876399379
0 1 0.00121271609858574 0.0674070924948719 0.00128689391506296 0.0587328643597795
1 0 0.000112474447622611 0.0061079983518576 5.08588641164793e-05 0.00797915606204783
1 1 3.07481385166482e-05 0.02649231543361 1.85360737791397e-05 0.0263624526794162
0 0 0.000291160947782019 0.0289801185855598 0.000296917463408245 0.0302503290305321
1 0 2.81656192347211e-05 0.0152156412555656 2.19182064779524e-05 0.0172107588595334
1 0 7.53307533253087e-06 0.00149931498264027 3.46414134631907e-06 0.00182376821341325
0 0 3.25749769457236e-06 0.00319997957548456 8.43168195249545e-06 0.00320839538361882
1 1 0.000267504959897038 0.0394402476186057 0.000216370688535626 0.0369155892060007
0 1 0.000692884693720476 0.0290666629243703 0.000741737259958159 0.0287352140935745
0 0 0.000251554531736764 0.0257567340663477 0.000286284681516617 0.0283771437255003
1 0 5.30250450258966e-05 0.0150773732007894 4.25329676176029e-05 0.0166884674376629
1 0 3.72547966935716e-05 0.00828234634964279 3.30190789967028e-05 0.0089201182682746
1 0 0.000108643684698792 0.00805443874596799 8.57988887903397e-05 0.0096974057190771
1 1 0.00024410038523911 0.00895037274185344 5.73124198671193e-05 0.00697568029141524
0 1 5.32121078349318e-05 0.004664795470228 6.80389653399172e-05 0.00367816328577952
0 1 0.000299964461709252 0.0253034498717435 0.000373090880109529 0.0230001497710793
1 0 6.96256114799109e-05 0.00819406912831129 4.25839013254379e-05 0.00970674463250106
0 0 0.000161518610748858 0.0140091734178135 0.000180861219966862 0.0155676467818777
1 1 2.36769487388233e-05 0.00980486085430205 1.68582866936348e-05 0.00951437643902952
1 0 0.000112062341231626 0.0102597375291575 0.000108179478361487 0.0110238383510529
1 1 5.87052394893725e-05 0.0195321575724528 5.33745168611524e-05 0.0148395848384401
0 1 0.00012486198737049 0.0148320327685418 0.000146769340637282 0.0140873114613345
1 0 0.000736626490364466 0.0118387481769273 0.000626149012258339 0.0165047622265433
0 1 1.3547726069391e-05 0.00439359085641456 2.34256828394782e-05 0.00357519778569142
0 1 0.000114742042951153 0.0105524924281882 0.00014167010129705 0.0100133369518057
0 1 8.51334478743391e-05 0.00620030332386692 0.000110996217162091 0.00565413705365017
0 1 9.9798262344622e-05 0.00951973041192849 0.000141486782440951 0.00871010681691409
