linear.pvalue quadratic.pvalue linear.boost.stat quadratic.boost.stat linear.true.stat quadratic.true.stat
0 0 0.00076801373823084 0.0373350916257279 0.000780031890008053 0.0378703319419523
1 0 8.66636407456094e-05 0.0303724921121587 8.54168060648057e-05 0.0306597248838864
1 1 0.000240051133067343 0.0553127413343368 0.000235567150144302 0.0531691777544103
0 0 0.000826038404639356 0.027759181078667 0.000855055449115034 0.0278725050049347
0 0 0.000727615376680534 0.0310295975456738 0.000753924752300857 0.0317576799127455
0 1 0.000241772748882086 0.0470229254522127 0.000244985290532518 0.0470070654533667
1 0 0.000481727322588037 0.0314469385143426 0.00047851896987093 0.0323421203586637
0 0 0.00120390357483039 0.0418951287668801 0.00122329171974404 0.0427024570791085
1 1 0.00088623521389983 0.0550121483023183 0.000873954119854644 0.0528575818970869
0 1 0.000352260783996172 0.0265980026643228 0.000379892167872987 0.0264589271164816
1 0 0.000165792997688827 0.046334486446129 0.000165771363810908 0.0466158325725801
1 0 0.000891640769144577 0.0377264782106924 0.000878478694930942 0.0382871803143002
1 0 0.000641327336276241 0.0282639589885241 0.000607814078641392 0.0297366336491542
0 1 0.000486141823565491 0.0353021892532656 0.000501810263013174 0.0350787578803777
1 0 0.00139681406339933 0.0324546228770232 0.00136536675868559 0.0332193341370628
1 1 0.000562044591486895 0.0351612733261767 0.00055369110570186 0.0320676725374264
0 1 0.000120297191047712 0.0425255184086004 0.000120485213382539 0.0420925045623145
0 1 0.000207938631393452 0.0421872887896028 0.000209638364917503 0.0416944837271793
1 0 0.000500615026206264 0.0351049413345131 0.000497917736152726 0.0351316838083796
1 0 0.000210548718248354 0.0346634228192827 0.000201478610652405 0.035830288022101
1 0 0.000260654379585345 0.0339419488669625 0.000250384806355797 0.0346886274210944
0 1 0.000934516012848443 0.0331003032343139 0.000947509928457242 0.0320462272051749
1 1 0.000937074969696938 0.036335370800768 0.000922124526022119 0.036143827525649
0 0 0.000890533328191617 0.0411972997542054 0.000916832056141009 0.0415604077498151
1 1 0.000432547558422328 0.0418151708010804 0.000423613155650212 0.0408142602796538
1 0 0.00179853033817843 0.0346467668177376 0.00173859913677246 0.0354977500376823
0 0 0.000108629866634403 0.0451345764896525 0.000119991765730234 0.0454477901500286
1 1 0.000193693953439347 0.0268128839090109 0.000189110046212651 0.0263435979579917
0 1 0.000406033278086453 0.0505751350014363 0.000409766772504344 0.0497290276282029
0 1 0.000153864409783684 0.0366768294021224 0.000165524166295528 0.0366256488413852
1 0 0.00116549314662803 0.0352512193440078 0.00115543265389927 0.0358380982216478
1 0 0.000833902847830962 0.0368118135392367 0.000832025293218494 0.0379514992247568
0 1 0.000297951458493755 0.0306013764017653 0.000301385225003094 0.0301038580038554
0 0 3.41534980367997e-05 0.0357039625132324 3.84353163854003e-05 0.0362991317454392
1 1 5.89334702169436e-05 0.0289840944262069 5.81231702852927e-05 0.028929630702471
0 1 0.000120005314238297 0.0405183979196975 0.000122457625018243 0.0404349805944048
0 1 0.000480398969816969 0.0489671921030526 0.000503667969744322 0.0477537449958141
0 0 0.000752037127528991 0.0413250358255712 0.000754846482744856 0.042400610517574
1 0 0.000353146288015178 0.0343747968488185 0.000352920980522152 0.0353906033349715
1 1 0.000201812329475696 0.0375352224340152 0.00019316577123913 0.0369511776661135
1 1 0.00107617341385911 0.0440628074024476 0.00107302027844181 0.0437617989902981
0 1 0.00162881799266938 0.0419185657880136 0.00164148123779213 0.0408743334895188
0 1 0.00031564537775372 0.0333530605562256 0.00032144380841982 0.032670344608433
1 0 0.000644362773865622 0.0381310949620945 0.000636109165279908 0.0381503959214612
0 1 0.000139242469411364 0.0310465721193478 0.000140603319551139 0.0297771291746421
1 1 0.000762964912143677 0.0324422366148997 0.000747692553519503 0.0318486003098035
0 0 0.000185165705024815 0.0371792583150728 0.000194884648485982 0.0374836153491836
1 0 0.000546489677371699 0.0339565692335511 0.000529829864381409 0.0349437550726798
0 0 0.000698508461194456 0.0389958851674212 0.000714094696751574 0.0390948080854419
0 0 0.000668547294606735 0.0472234967200067 0.000675629938885418 0.0483668175538563
0 1 0.00113036400561759 0.0373796679903837 0.001137241214054 0.0365866026024636
0 1 0.00038232398410277 0.031533673810347 0.000386074747026197 0.0315124431989848
0 1 0.000305029975994335 0.0478138852869437 0.000306286481227592 0.0465143758133579
1 1 0.00138804011015037 0.0353355324206448 0.00138700775085816 0.034819619569047
0 0 0.000661127775242236 0.0372419370197217 0.000690199204283467 0.037855539739088
0 1 0.000664787084246828 0.0390830967701804 0.000689904224870319 0.0389482449852501
0 0 0.000362036302250651 0.0439160006537124 0.000367295080867707 0.0448421922392938
0 1 0.000344210760203218 0.0405868780584056 0.000363722109255101 0.0391985741478643
0 1 0.00070564127587008 0.0439458492281343 0.000725308976292984 0.0431813260080064
1 0 0.000633006692574325 0.0280522858047189 0.000624952020639181 0.0290196027105948
1 0 0.00130144660870308 0.0374684970744515 0.00128938759343012 0.0388224153259452
0 1 6.91475660469298e-05 0.0439009273266663 7.18735748098016e-05 0.0432694547034474
0 1 0.000641393038814417 0.0434004931009418 0.000678012845873181 0.043119832570036
0 1 0.00059345275600385 0.0482163499035036 0.000615868185511063 0.0478557475717361
1 0 0.000991067225859405 0.0369103111707109 0.00093925749303376 0.0389098884146367
1 0 0.000121156142558406 0.0363963239738727 0.000118037815409978 0.0377127959922843
1 0 0.00045056735029223 0.0439528749747623 0.000409896430302921 0.04495355571568
1 1 0.00103597522966417 0.0380822693484092 0.000992503865293315 0.0363911068993158
1 0 0.000584999108676321 0.0327461654019456 0.000563390711839906 0.0338397818789488
0 1 0.000654937560883801 0.0367257757614101 0.000667064662769685 0.0359581247948725
0 1 0.000184603169038535 0.0349012199293026 0.000186038465021818 0.0348133912070492
0 1 0.000132824059681269 0.0383254491521932 0.000134347076661063 0.0381585759487484
0 0 0.000756992018000234 0.0379382122689161 0.000769663328541704 0.038537989471032
1 1 0.00136022974101498 0.0487618412532973 0.00132965287699182 0.0470861206238788
1 1 0.000477722909187594 0.035878555792202 0.000463238481937081 0.0353625402504527
1 0 0.00122421582201088 0.0353264194540834 0.00120734500026927 0.0359770402440447
0 0 9.63763462877369e-05 0.0341607638425529 9.70539767761229e-05 0.0341781113989539
1 0 0.000513128255366745 0.038312906154217 0.00051236003953528 0.0384106019312014
1 1 0.00026575792954604 0.0315254520699313 0.000257221568867815 0.0309425365409122
1 1 0.00047471447991168 0.0419816698150364 0.000444058623746652 0.0408217794734757
0 1 0.00125423224183692 0.0451808006507871 0.00128685700031514 0.0441975275145286
1 0 0.00181598650247138 0.0534642429877269 0.00179252750250702 0.0544419851032439
0 0 0.000652406510265336 0.0423194219382553 0.000664261290370572 0.04447318478969
1 0 0.000558663306346372 0.0326832404510826 0.000545169770429679 0.0328718963487624
1 1 2.77014798178928e-05 0.0313847079745426 2.66581697032967e-05 0.030781010205728
0 0 0.000261222440711964 0.0375105057709759 0.000270678359028494 0.0384665586845312
0 0 0.000242896024988417 0.0348322858226646 0.000245442083713915 0.0348992065709894
0 0 0.000254189676908713 0.029664263644653 0.000266499830487599 0.0297596083211523
0 0 0.000575622256923785 0.0368417978021211 0.000591234756687688 0.0371079665935981
0 1 0.000104175022879531 0.0321919333786363 0.000111233046956605 0.032017023383605
0 1 0.000487964823904875 0.036011211413254 0.000493564653822906 0.0356496678542804
0 1 0.00172741545544512 0.0453095571726818 0.00173790892492943 0.0443437926598235
0 0 0.000589979320483746 0.0398514938755848 0.000612827044947862 0.0420937938834312
0 1 0.00032643925557646 0.0347914849751479 0.000330346788376145 0.0339183550797197
0 1 0.000589217362260128 0.0413231907525177 0.000593989444372209 0.0412803372045804
1 1 0.000624689730666199 0.0379953548722783 0.000621719033320128 0.036834876343727
0 1 0.000545618482033593 0.0401551858144017 0.00054952096121886 0.0385218372489861
0 0 0.000188370639420542 0.0328432216154756 0.00020391693943044 0.0338565250099534
0 0 0.00049687976876086 0.0423301016310446 0.000504152790823275 0.0427236650315021
0 1 0.000283349097052863 0.0296341305019168 0.000285982926741804 0.0292187407426871
0 0 0.00108262826422786 0.0359766663862607 0.00109275897090327 0.0362585706312635
0 1 0.000381969726327312 0.0293308477976412 0.000403260445643892 0.0292913460150252
1 1 0.000788033508183212 0.0395354200188499 0.00077619623590697 0.0382716463990246
0 0 0.000946673369104101 0.0404374445415045 0.00095721494313642 0.0410540494082962
0 1 0.000163809836275611 0.0340290902227725 0.000167362568454256 0.0339447103719244
0 1 0.000512168171985837 0.0343861777096967 0.000560097246659087 0.0331326825161655
0 0 0.000246955670763056 0.0435139893946732 0.000251078702436592 0.044277820461431
1 0 0.0012184774422348 0.0344082843431012 0.00118276067521186 0.0355859214241464
0 1 0.000884323041946801 0.0410735832061852 0.000896930033602304 0.0405948171021711
0 0 0.000317134560703422 0.031766146263015 0.000327988302578813 0.0321012262891783
0 0 0.000359371837038108 0.0361746387131072 0.000368792261292436 0.0365999355473582
0 0 0.000269081068319631 0.0317129922729017 0.000276501213959727 0.0319247575173772
1 1 0.000606253263716113 0.0414180351595825 0.000601994223343959 0.0406689291178107
1 1 0.00109538676766249 0.0424062039430458 0.00109449424113476 0.0421892328691909
0 1 0.000127196282065737 0.0298405779168701 0.000133834401752953 0.0294146463679447
0 1 0.00037977403359016 0.0328592285254343 0.000385821918677816 0.0327766642039659
0 0 0.000663630165508538 0.0427022552980767 0.000669185347011617 0.043621122923686
0 1 0.000321317653730963 0.0346726352926743 0.000325273383430881 0.0340886046106223
0 0 0.000216068842286519 0.0337400473138842 0.000219600330537781 0.0352387309334027
1 1 8.64173473077246e-05 0.036837879693015 8.3359464040825e-05 0.0365898758958175
0 0 0.000353501630774014 0.0385627522809183 0.000367738018299249 0.0387621370224103
1 0 0.00127574653668172 0.0534319526260871 0.00126617990406966 0.0549273952205974
1 1 0.00144260589274999 0.0438799380296829 0.00139697255721947 0.0434258650820723
0 0 0.000277044618238713 0.0401928395221423 0.000281152593668926 0.0406649178712037
0 0 5.14462869638434e-05 0.0314793491415262 5.43678835542474e-05 0.0319998717532871
1 1 0.00069436504961783 0.031142669043118 0.000647809125779969 0.0307856202968186
0 1 0.00040846313066785 0.0415749675676158 0.000420978210390826 0.0409688109205903
1 1 0.000514275304211883 0.0424464656370421 0.000486676039545736 0.0418977152001792
1 1 4.8751988908715e-05 0.0296727513302797 4.76083236749244e-05 0.02961616788834
1 1 0.000734701495997933 0.0357799825777098 0.000730659551478238 0.0355656070379368
0 0 0.000686414432043 0.0322029519745638 0.000742263149088233 0.0324751132695439
0 0 0.000287307587229375 0.0391682829894268 0.000287513225018279 0.040740755862432
0 1 0.000433434346950712 0.0380607099299279 0.000439390384708956 0.0365608204048574
1 1 0.000328647940040911 0.0374775131345392 0.000326809754833759 0.0356739039935817
0 0 0.00131439514795965 0.0484286249211417 0.00132218179574614 0.0497702958775272
0 1 0.00124870453157911 0.0509531113006582 0.00125420482776864 0.049725382139746
1 0 0.000711364390140406 0.0283989580280432 0.000705022141305831 0.0284929849713402
0 0 0.000141435919400253 0.0378144971266017 0.000144980274398277 0.0383164597545941
0 1 0.000795303273500659 0.0344204408165366 0.00082179124589901 0.0343938329888621
1 1 0.00024186473048094 0.0358499176139299 0.000235445443271112 0.0353194565810547
1 1 0.000157558677697934 0.0378560499914839 0.000151835510250835 0.0372217716007827
1 1 0.00116339520990691 0.0431904923597195 0.00115239060524817 0.0426327158039802
0 0 0.00160162459208209 0.0411668574324482 0.00161663576256357 0.0413313399413127
1 0 0.00370272900831515 0.0462377458922648 0.00360450139622212 0.0470192927012039
0 0 0.000420906154528737 0.0253763115419458 0.000422227357863254 0.0254955375472645
0 1 0.000104723741405666 0.0377036603559835 0.000105187120259937 0.0355894050892906
0 0 0.00042760203766391 0.0320583227899078 0.000429694405713374 0.0325897747827509
1 1 0.000273862120531427 0.0372477014711045 0.000266010643634446 0.0368497515425298
0 0 0.000293075309776046 0.0292942216027346 0.000293832372917604 0.0295135198568848
0 1 0.000260134788609304 0.0419438806051116 0.000269214897785904 0.0412340799140903
1 0 0.000588637150853695 0.0442844429756418 0.000587243530743827 0.0443829481169445
1 0 0.000621848617467652 0.0405943853217209 0.00060996750911409 0.0407728606576379
0 1 0.00130181491592576 0.0384305048445538 0.00131603191813712 0.0379500524538778
0 1 0.000226653124066758 0.036907024790782 0.000231058451344792 0.0362472320517765
0 1 0.000173941827837891 0.0340293945085582 0.000176039406459567 0.0337288597059749
1 0 0.000451473560071136 0.0289489142464673 0.000438943069207845 0.0291209710354088
1 0 3.30772046233599e-05 0.0366462339068698 3.15462732716771e-05 0.0378650918389897
1 0 0.000275503841847167 0.0271251765908348 0.000268751172524528 0.0279820411355729
1 0 7.06145698604669e-05 0.0408325183492771 6.70719543482899e-05 0.0426554035810738
1 0 0.000571976548573656 0.0349672751053747 0.000564443679631644 0.0355565557471434
1 0 0.000632968979235436 0.0414912846321466 0.000628515342866891 0.0415822505643973
1 1 0.00254327989235876 0.0485507380257827 0.00248682213783388 0.0474297938962481
0 1 0.000558080697918851 0.043767160609729 0.000559454504807677 0.0433677119193335
0 0 0.000248381130599218 0.028692073636903 0.000251290807562704 0.029369679419536
0 1 0.00054116341235254 0.0370011161045235 0.000546885984822854 0.0360133016594583
1 1 0.000652953344575413 0.0359918107306812 0.000625404031626823 0.0356549037851982
1 1 0.000350890670229748 0.036090833728675 0.000331185925229755 0.0353009603313039
1 0 0.000609831883830728 0.0418718522961342 0.00059538007870565 0.0421749990669636
0 1 0.000435223267572013 0.0344583935192234 0.000445180126233898 0.0338057193500375
0 0 0.00103730400631273 0.0325383645565698 0.00103826363435376 0.0326593231371693
1 1 0.000600781748146298 0.0348707560905225 0.000584131696577963 0.034184336132317
0 0 0.000650299238672561 0.0377982265315219 0.000655418500714786 0.0380600462126091
1 0 0.00172961592525502 0.036114955224667 0.0016614917683565 0.0368622330119758
1 0 0.00124196438865024 0.0389883980831819 0.00121831807373175 0.0392437650404133
1 1 0.000461409613606561 0.0412145923049287 0.000459228098879714 0.0406263506604841
1 0 0.000381518956828862 0.0332849917366492 0.000347867674313383 0.0339514902368721
1 0 0.000461817645483283 0.0466335516054426 0.00044800858946076 0.0466485655701901
1 0 0.000421351350109638 0.0368016443034475 0.000418814282856055 0.037753324446814
0 0 0.000646694374239356 0.0288308422411427 0.000680019377596966 0.0291947202147387
1 0 0.000531444899959665 0.0374510534210292 0.000523491309630168 0.0374535478186955
0 1 0.000639866103787751 0.0312004989138533 0.000648071430275001 0.0306976768277975
1 0 0.000942644052886373 0.0380238475523426 0.000925557683958977 0.0387601419460304
1 1 0.000391407424579067 0.0210414488390301 0.000377958444007159 0.0204693538143283
0 0 0.000848470848667953 0.0303691182465404 0.000868012565635573 0.031035584594932
1 0 0.000746501339332985 0.0426365289306737 0.000738405655382434 0.0434502612888058
0 1 0.000365208693035038 0.0294713665532139 0.000376964932978126 0.0291141499261616
0 0 0.000935981925819769 0.0355094520099883 0.000947684755017178 0.036307639974637
0 1 0.000546353810764532 0.0346609898284115 0.000553283640817614 0.03449923296086
1 1 0.00068997441409779 0.0464268385622228 0.000680717788720314 0.0447603590831238
1 0 0.000733327436638102 0.0472155629090707 0.00071527309025309 0.0476517205413415
0 1 0.000509567452323165 0.0361329203666339 0.00051330368031222 0.0355507932641701
1 1 0.000234468264153177 0.0351067565060798 0.000216695074352293 0.0344922987194432
0 0 0.000139854779180725 0.0330004015000883 0.000142241118040042 0.0337616740879756
0 1 0.000418591329965916 0.0263905522704911 0.000419750457217982 0.0262834350452918
1 0 0.000817297790042823 0.0371796104711354 0.000794548950152132 0.0379938330309547
1 0 0.000561790169499232 0.0326395280574898 0.000550626851354367 0.0330432521278397
1 0 0.000440252425680236 0.0275685879398382 0.000435027017065708 0.0279491398171109
0 1 0.000820072490851707 0.0348300841306439 0.00082073952302957 0.0343618904426821
1 1 0.000182259355252754 0.0326764748569114 0.00017938399231736 0.0322023644273525
0 1 0.000599497998496193 0.0431644286455979 0.000611622667622367 0.0430042485330872
1 0 0.000486221521782814 0.0338929741492361 0.000481547908895924 0.0343883790497077
1 1 0.000319405434630844 0.0347854687706745 0.000314561788290606 0.0346452023113783
1 0 0.000607107258290595 0.0360604631987391 0.000595034129056834 0.0365974264348955
0 0 0.00014185484100666 0.0310645134472061 0.000141929588895878 0.0324708525296661
0 0 0.000247018574133988 0.030588421128755 0.000256441821537464 0.0310266518423072
0 1 0.000787044155224861 0.035658353309475 0.000810962399233518 0.0353841549937575
1 1 6.76744855114787e-05 0.0338608352889563 6.66177682839592e-05 0.033205497914243
0 1 0.00047535382022813 0.0463555548898836 0.00049720001134469 0.0444939100864826
0 0 0.000328933402924897 0.0413179905815943 0.000348621703719794 0.0415151393108111
1 1 0.000330688658565648 0.0410078889040974 0.000330000684028607 0.039090474142955
0 1 0.00062058260171467 0.0390071391872741 0.000642291523346403 0.0387605774159695
1 0 0.00023234363492929 0.0313416218720441 0.000219579512980922 0.0315979031440027
0 1 0.000512734021527041 0.041035755422473 0.000546685956913461 0.0401450076760503
0 1 0.00121792572487335 0.0457075690376865 0.00122922375733537 0.0449602532554968
0 1 0.000735312449353402 0.0389862242836878 0.000746344432709927 0.03835328015182
0 0 0.00109799496424382 0.0292988310701048 0.00110373864403017 0.0293800769495759
1 1 0.000645733204028552 0.0428809763003182 0.000639316569207306 0.0424556167514913
0 0 0.000290940774516087 0.0376357406322917 0.000292226655548987 0.0387863725927727
0 0 0.000628292915974906 0.0486770070478806 0.00064187533268525 0.0501074036947214
0 1 0.000550890362293397 0.031407889662496 0.00056409742740132 0.0313392750123563
0 1 2.47604185012747e-05 0.0296497183561715 2.54537134657652e-05 0.0290010326502259
1 1 0.000676682604102765 0.0381704962537397 0.000674687098245291 0.0371394268458339
1 1 0.00129661244650456 0.0357044618821345 0.00125408785378136 0.0355362847367588
1 1 0.000411348507007567 0.0407402248004884 0.000407552192624703 0.0404676407795417
0 0 0.000522367027856699 0.0237171058386351 0.000554912066154062 0.0238197246203693
0 1 0.000621933467728406 0.0364637456764044 0.000627021980046588 0.0353072721764852
0 0 0.000310377722557071 0.0271334005322425 0.000327068470867574 0.0278676436304892
1 0 0.00138086362779296 0.0270502262651607 0.0013545209803516 0.0270830446585216
0 0 0.00116454620686678 0.0380347514123992 0.00120335824378658 0.0382277088157323
0 0 9.62410828961832e-05 0.0286424137842892 9.76856468236575e-05 0.0290002951264985
0 0 0.00166195186196299 0.0381066523260139 0.00168519555416858 0.0391209486057325
0 1 0.00022703984834352 0.0356497115233847 0.000241714566389214 0.0354548827137416
0 0 0.000459683801440494 0.0385346920662988 0.000460941985411629 0.0394549786543202
1 0 0.000324706854387646 0.0344318596309311 0.000317826629538204 0.0346937211027194
1 1 0.000422662176638168 0.0392786620784368 0.000419912909064366 0.0387118436657266
1 1 0.000178887034973556 0.0341922839877705 0.000176150862 0.0326575049966892
1 1 0.00282366536848625 0.0567067442884006 0.0027964565828865 0.0566256871101787
0 0 0.000395088228113485 0.0394866934592712 0.000405174286582993 0.0399947536459531
0 1 0.00117422747110744 0.0361219493968279 0.00120231170533715 0.0352103990696702
1 0 0.00125863977882436 0.0295165210262097 0.00121699991899203 0.0296534013961728
0 0 0.000355579413823788 0.0446878644903989 0.00036348662634319 0.0453527342194049
1 0 7.85046458398159e-05 0.0396393757164468 5.27346690287179e-05 0.0399985424386086
0 1 0.000337686648168477 0.028367006936172 0.000347929549985038 0.0281346410601617
0 0 0.000675936597544944 0.0300397509240894 0.000689762630783088 0.0307229211066736
1 1 0.000154479035370637 0.0379594915155141 0.000151579138959397 0.0376943952420032
0 0 0.000354525495792679 0.0368066490073725 0.000376094570154616 0.0368086575452062
1 1 0.00241726754763191 0.050325768628612 0.00240223838013568 0.0496028949163003
0 0 0.000307120784023233 0.0435545328171145 0.000316463512982994 0.0437562859363229
0 0 0.000407250926057174 0.0317511188626974 0.00042086718202591 0.0323663844903545
0 0 0.000624728500269109 0.0376231200236016 0.000648844469053519 0.0387418599500982
1 0 0.000641371169842341 0.0394118765665635 0.000617774277571648 0.0403577933435942
1 0 0.000725551132199634 0.0386496299916985 0.000688532916348286 0.0387258032401535
0 1 0.000410770016400787 0.0390801325277874 0.000431134928024369 0.0387179163526596
0 1 0.000315554456376501 0.0310309159316621 0.000324536023894855 0.0301786619360734
1 1 7.99133692405352e-05 0.0387189973810574 7.722869507209e-05 0.0382252742121136
1 0 0.000238106976715983 0.0328726316276736 0.000229114649805488 0.0332077603382961
0 1 0.000832046511180067 0.0425043458371694 0.000838321809438047 0.0419726705851705
0 1 0.000125799583667909 0.04034499573305 0.000130324931868888 0.040256742454771
0 1 0.000386741275125987 0.0367049253709992 0.000394906112140266 0.0359870952502777
0 0 0.000331302281166978 0.0438204133766849 0.000345509523794437 0.0444277629551931
0 0 0.00105972952843117 0.0381164692520214 0.00108273278440447 0.0397848056235119
1 0 0.0002947338120457 0.0379662886482855 0.000285416987242301 0.0386485234412667
1 1 0.00153117976106355 0.0357745495775148 0.00150945704133756 0.0352714351831738
1 0 0.000857770438565632 0.0356884802077448 0.000834632978540676 0.0368547674643806
1 1 0.000616089036109526 0.0341569003441557 0.000604631925227735 0.0338263149938032
1 0 0.00047012349255496 0.0320157284724628 0.000456066819580872 0.0334759587910801
1 1 0.000503624206572723 0.0431601467325256 0.000491727287530649 0.0420708909848634
1 1 0.000482870661316807 0.0425585561654239 0.0004749786620699 0.0414344169031738
0 1 0.00040596356531834 0.0370877552172983 0.000417336812045664 0.0361074410820455
1 0 0.000171151957046473 0.0345670844722566 0.000167264372376727 0.0348923473075773
0 0 0.000718699159362155 0.0332775495715959 0.000720368367405817 0.0346177370993949
0 0 0.00100394438311265 0.0391104647236584 0.00104307789499436 0.0401175026880692
1 1 0.000658576119031432 0.0368723824733823 0.000656477932488377 0.036544055005475
1 0 0.000593444116514139 0.0339373292477737 0.000590424373425135 0.0345683664838404
1 1 0.000231165249426654 0.040561336091576 0.000216561560196583 0.0396146247981504
0 0 0.000428312806904556 0.0352674393679625 0.000443831226840455 0.0360009291214572
0 1 7.95329474221178e-05 0.0400755610647172 8.07585503588282e-05 0.0386336994202783
0 1 0.00108440364705996 0.0288785866834253 0.00109977623372512 0.0288545791852858
1 0 0.00071582835000992 0.0419025999763418 0.000673317298224238 0.0441411235999392
0 0 0.000554956448918292 0.0326328786397274 0.000574013284890675 0.0328671313679147
1 0 0.000336708037455488 0.0350716196686069 0.000326634085784267 0.0351120488717525
0 0 0.00120486085384751 0.0389229893324251 0.00124984030826086 0.0390098730451817
1 1 0.000823681803302403 0.033769283669372 0.000822575880679334 0.0334521679146143
0 0 0.000214715807629177 0.0309465126976646 0.000218686722227814 0.0313000117425579
0 1 0.00020345502868273 0.0358518796335456 0.000206254437522286 0.0345568618459621
0 0 0.000445445647605434 0.0350985419339362 0.000446516454513339 0.0355044797640568
1 1 0.00125182531462338 0.045819346069454 0.00123553175301849 0.0451073243800264
0 1 0.000408344874212199 0.0341760516439133 0.000409315768813966 0.0335767869627877
0 0 0.000368542056217393 0.0349244409148471 0.000387227447684619 0.0350136798892872
0 0 0.00105398484841578 0.0402643785203171 0.00106517492486245 0.0409779643555695
1 0 0.000755803570073995 0.0405892789534368 0.000749724324081901 0.0406358676401263
0 1 0.000958781687616076 0.0356767869842905 0.000994090049474214 0.0350031853609966
1 0 0.000859942927326062 0.0297527201848204 0.000837585043746291 0.0305350526283038
1 0 5.04615258154494e-05 0.0338563795196006 4.98766859282739e-05 0.0343056174311896
0 1 0.000474364532236521 0.035026070158046 0.000477609892591233 0.0339675514987988
0 1 0.000218797726518944 0.0449612858370778 0.000226557376729576 0.043717410792387
0 1 8.73977474885896e-05 0.0537619659673034 8.9650536269702e-05 0.052354829491563
0 1 0.00110999786419145 0.03947150305051 0.00112000892990794 0.0372483594655788
0 0 0.000453822608064596 0.0396671566699238 0.000474979840309088 0.0405418185604385
1 0 0.000210281364682383 0.0317040158182334 0.000208205971535973 0.0319479031356373
0 1 0.000355312313317558 0.0419902418207977 0.00037162667416149 0.0412481391705724
0 0 0.000442703594296902 0.0360565072269785 0.000449355324979687 0.036525660966798
1 1 0.00080797550689276 0.0350854754988657 0.000805317997104864 0.0339452118605949
0 1 0.000208585872892857 0.0377615027878637 0.000210069276417608 0.037637779419216
0 1 0.000455534914011975 0.0360593060262015 0.000462378276250808 0.0358854814862489
1 0 0.000338546775602486 0.0279682172114254 0.000333813557787477 0.0293441742367778
0 0 0.000492640716555993 0.0313147547747885 0.000504011877341063 0.0324940889742797
1 1 0.000579098422016134 0.0368464411413511 0.000577854796597348 0.0363793375318087
0 0 0.000446904505579962 0.0368817568778857 0.000457799794099326 0.0377161030881605
0 1 0.000722027350362123 0.0330970411354647 0.000738901451935815 0.0330690338599509
0 0 0.000394383239388846 0.0360599994677416 0.000414222241518326 0.036731847957646
1 1 0.000100434395120377 0.0381472088028436 9.8352952178116e-05 0.0375809675582446
1 1 0.00137624095847801 0.0390175179615322 0.00135137508146468 0.0386375740205676
0 1 0.000850653888814442 0.0411370199534549 0.000865952974309573 0.0408835703717044
0 1 0.00111478667032624 0.0342405839302016 0.00120348455200109 0.0340203169889114
1 1 0.000948489695714684 0.0391389454066614 0.000907005261630332 0.038089128071702
0 1 0.00051180549652825 0.02682408191348 0.000525057486837718 0.0265437272692154
0 1 0.00137200753972167 0.0456776872584298 0.00141120263782283 0.0455687214289938
1 1 0.000238244271695427 0.0386331289313313 0.000237126941412762 0.0378619737476933
1 0 0.00240246586200369 0.045772797827326 0.0023144787361321 0.0462192426447565
0 1 0.000873305903172295 0.0342125475509391 0.000904495684823181 0.0338455362176493
1 1 0.000577992648450093 0.037774130293822 0.000548510771268445 0.0375772071654051
1 0 0.000289419902161877 0.0386973914204956 0.000273507918125721 0.0392044250730704
0 0 0.000717047571131602 0.0389307711102299 0.000727771333813224 0.0390036656658132
0 0 0.000793813808160574 0.0476431869511113 0.000811041646787929 0.0478651641772101
1 0 0.000207899568537016 0.0376229967540781 0.000198858112615865 0.0379710526568682
1 0 0.00175505370586663 0.0460670119650247 0.00173475455011964 0.0480396986991084
0 0 0.000307794036444233 0.0330547512419536 0.000312278417472826 0.0336064423296993
0 1 0.00131586266067898 0.0631675934082401 0.00131673113373105 0.061684774368365
0 1 0.000325530086778076 0.0321596970931062 0.000339680917403943 0.0320142685738176
1 1 0.000152627933040454 0.0306940056445107 0.000144127801018814 0.0303071381339545
1 1 0.000211946204786377 0.0361475800600547 0.000204760004468699 0.0352032748516371
1 0 0.000305023247852448 0.0292514721326963 0.000294340064236395 0.0297224955210678
1 1 0.000738193767006771 0.0408908487657617 0.00071931818397202 0.0399709947058786
0 1 0.000281401805566119 0.0370529623353586 0.000297223257634713 0.0359074650584533
0 0 0.000166673214244617 0.0471616617142189 0.000171325822074138 0.0476855569232387
1 0 0.000821599559848825 0.0426703917652592 0.000796826381406758 0.0437656507782873
0 0 0.000698677571181513 0.0357911918824259 0.000727761378557722 0.0380639218194091
0 0 0.00095153903543549 0.025430469685772 0.000966200460984994 0.0260725297397441
1 1 6.32087006596814e-05 0.0303383172671788 6.11937206375991e-05 0.03007463289189
0 1 0.000733540030545593 0.0296272902438778 0.000782753506289548 0.0292508951110139
0 0 0.000786094807910915 0.0447386689309873 0.00078806094378392 0.0452534457233921
1 1 0.000127798913999872 0.0437766371793298 0.000118213069578703 0.0435083172062443
1 1 0.000121710925028991 0.0417099424672366 0.000111951463358995 0.03985132234207
1 0 0.000463000114721939 0.0255366533098084 0.000460485065535603 0.0258558858697374
0 1 0.000792569552792036 0.0395424152662343 0.000800451554659146 0.0389772959184664
1 1 0.000437240716242618 0.0344269267107017 0.000415052894211623 0.0344008210073562
0 1 0.000565852743181121 0.0422159801052774 0.000569749234306406 0.0404729015061056
1 0 0.000370969701236055 0.0324247685703041 0.000368982056232364 0.0325802004187098
0 1 0.000849455337945515 0.0483182387864561 0.000869457068203312 0.0474636677079941
0 0 0.00132182427345861 0.0441669523063285 0.00136031386906522 0.0461057291014583
0 0 0.00036795012707867 0.0367128739209246 0.000369754774598174 0.0371271840603216
0 0 0.000311312744044881 0.0440662161065494 0.000316697672698657 0.0446738136651828
0 0 0.000602415969882164 0.0344331291134591 0.00063110789236035 0.0345559462695928
1 1 0.000135385594713596 0.041064605027777 0.000133727993800569 0.0410214970170953
1 0 0.000556004449897075 0.0366808721221365 0.000553169419511521 0.0368588897793571
0 0 0.000314148761641728 0.0374744144670962 0.000331565216845943 0.0377229287776267
0 1 0.00160395204054943 0.0299921693474444 0.0016494983989027 0.0290328101546801
0 1 0.000895572547363827 0.0294504752754698 0.000895760044503475 0.0285585062700475
1 1 0.000783329334555305 0.0430994138281776 0.000750963951471032 0.0425437434958641
1 1 0.000284618569833789 0.0380296670970242 0.000279471237132403 0.0376084552013046
1 1 0.000142030096042919 0.0389910516834145 0.000141873933808491 0.0387649548966458
0 0 0.000865172587564869 0.0378260520548173 0.000877024705464122 0.0389692726160616
1 0 0.000223427607573622 0.0341473981356977 0.000219225005384559 0.0343770916272235
0 0 0.00110230747181292 0.037927941029536 0.00112776017395826 0.0383907160830556
0 0 0.000651973629938064 0.0333265836247147 0.00065824895141377 0.0337815895680104
1 1 0.000591226250674501 0.032574435174172 0.000589791010385534 0.0320625223430016
1 1 0.000645728668422133 0.0372809416374948 0.000632943397755168 0.0369039400732457
0 0 0.000262952432432661 0.0287636709166343 0.000275208004769458 0.0292068597218112
0 1 0.00118615609640256 0.0400844185715727 0.00122221700503688 0.0394429088329325
0 1 0.00249254595478993 0.0477045836890123 0.00250046330022221 0.0458990861031943
0 0 0.00143493596238343 0.0352166583492913 0.00148708060009114 0.0356841120590518
1 0 0.000313262618661251 0.0331105379723081 0.000300212140110315 0.033134087472137
0 0 7.16795355345345e-05 0.0465625765925576 7.85822996794318e-05 0.048167016178684
1 0 0.00168026594623763 0.038590930915011 0.00164960043962476 0.038888311685715
1 1 0.000775865868414433 0.0289111420245617 0.000753007068962621 0.0285367399435015
0 1 0.000615173235256831 0.0390127250684782 0.000615528129417429 0.0385555826319804
0 0 0.000824402599106559 0.0321918076355363 0.000828473957987664 0.0327529677364505
0 0 0.00031941636789079 0.0401226503384934 0.000339120859081729 0.0412658049483932
0 1 0.000603019315081974 0.0461299047665059 0.000608097710905992 0.0451517740923402
1 0 0.000111312175768631 0.0413904691688955 0.000108466013928661 0.0415547901072666
1 0 0.00154366916540879 0.033933167458358 0.00150920889875785 0.0347115479022435
1 0 0.000300670078374385 0.0385533632189138 0.000287741796031606 0.040360711863732
0 1 0.000622163659372601 0.0420265144699042 0.000628584678367297 0.0412705315213425
0 0 0.000880100814941077 0.0338201293293059 0.0008805442936871 0.0348790189504866
0 0 0.000506428805753995 0.0392259936551381 0.000565692589195108 0.0402178463444375
0 1 0.000643325092460293 0.0313583451788858 0.000646519236614228 0.0309228974860618
1 0 0.000127489435915131 0.0328462886329103 0.000125591149717744 0.0338220998424215
1 0 0.000436879336176711 0.0477696959128197 0.000426766638480402 0.0483433751448205
1 0 5.22478794788295e-05 0.0361860624859572 4.52631038122174e-05 0.037484177840991
0 0 0.00023032287976845 0.0342002195903486 0.000239142963323513 0.0343488821790575
0 1 0.000466521527998419 0.0410410843358599 0.000469965955152338 0.0408266991409407
0 1 0.00025301975664118 0.0410952730988287 0.000259605148281198 0.0401048485476339
1 0 0.000101997455816557 0.0331162097329491 9.86108755889365e-05 0.0338146818557728
1 0 0.00104344592121862 0.0361165531433804 0.00100388504193704 0.0370866258514665
1 1 0.000396365966288383 0.0390091529791855 0.000386974466859699 0.0381318674453652
1 1 0.000961534162340116 0.0415973051937004 0.000921085008672824 0.0400562201583289
1 0 0.000120489511344193 0.0326924564884546 0.000110113344303707 0.0328543613548001
1 0 0.000288846526190589 0.0362430081048019 0.000281852550954083 0.0366181806460129
0 0 0.000577239342695771 0.0338352024584487 0.000583039651628019 0.0338991660272776
1 1 0.00054835571425625 0.0295087662016934 0.000541100964355216 0.0292661317371032
0 1 0.000323488916222761 0.0324394103317909 0.000339544340223855 0.0321139906884596
0 1 3.69896175310513e-05 0.0404299543311914 4.80487560370489e-05 0.0401688126786887
0 1 0.000434933776725371 0.0305715491972281 0.00044681125209255 0.0272048007657665
1 0 0.000134950237944886 0.032785529023489 0.000125558717932932 0.0334159604757403
1 0 0.000602042170349625 0.0419225503221488 0.000591007027454933 0.0426287471399657
0 0 0.000543945444003174 0.0326778209484341 0.000549727568676943 0.0330551146104185
1 1 0.000210380605388001 0.0334581789277584 0.000208415477273276 0.0324906254359103
1 0 0.000490248950846524 0.0323024958275779 0.000488023371972857 0.0328215497685918
0 0 0.000226688406063235 0.0337217910032484 0.000234045645434843 0.0346259047126399
1 1 0.000217224610887661 0.0343564451569583 0.000216991444627166 0.0342591341045105
0 0 0.000187045361705404 0.0400707181185266 0.000192919317993042 0.0416216566897582
0 0 0.0005392129759263 0.0294834612104914 0.000569165143280282 0.0295182317671494
0 0 0.000558172615428945 0.0371324212050368 0.000565225686730992 0.0374414857982389
1 0 9.7042069403601e-05 0.0340407118199833 9.41615351576483e-05 0.0341059869130824
1 1 0.000407249767287367 0.0398563468939607 0.000406851089389674 0.0383988334147751
0 0 0.000666556649115782 0.0405356230687161 0.000680653700491978 0.0407790281563502
1 1 9.37330792736552e-05 0.0389396409675755 8.70533829716349e-05 0.0383571970097366
1 1 0.000318537059489006 0.0325951319727363 0.000313042232794957 0.0319046662443136
0 1 0.000562592168929783 0.0394120550703991 0.00057379834163607 0.0392742292941348
0 1 0.000422724637594506 0.02782483252208 0.000434013438788025 0.0275962795798454
1 0 0.00029623878458861 0.0319880712406657 0.000283408935287731 0.0326965381429869
0 1 0.000929775373940544 0.0296492724772987 0.000947368964074668 0.028726606322567
1 0 0.000272194076830382 0.0383043516801349 0.000267901705798718 0.0397486802702002
0 0 0.000323158691662358 0.0375310344849657 0.000323240976861439 0.038011571536792
1 0 0.000215336377722378 0.0537705022455514 0.000208045599278725 0.0557089810533311
0 0 0.000466697289171472 0.0290944374738836 0.000479560880863576 0.0300227600944886
1 0 0.000569178446536442 0.0373856653529817 0.000565630555457268 0.0375803107052782
0 1 0.00095548527053859 0.046911702862932 0.000999734956926273 0.0467852547074479
1 0 0.000467109107688444 0.0239676678038931 0.000462869454599721 0.0250506001597836
0 0 0.00077777015166121 0.0354134490749514 0.000781253790318984 0.037358466589351
0 1 0.000846420693388417 0.0397091788906919 0.000850292772698652 0.0393042178573343
0 1 0.00125297293846817 0.0541181045205406 0.00127757466016807 0.0522665619893975
1 0 0.000326996176070707 0.0347759947860877 0.000325407763303285 0.0354547816422705
1 1 0.00020950129981655 0.0299762538585972 0.000206255559573924 0.0287122325158385
1 0 0.000678910131929151 0.0420939787589568 0.000669939103709035 0.0422868442932024
0 0 0.000801638486857958 0.0381454373332422 0.000830668067518629 0.040181600897659
1 1 0.000883898266220701 0.0426414436605919 0.000879898915711337 0.0421263331462545
1 1 0.000290961627124754 0.0356262848805819 0.000288383415247686 0.0352243571354949
1 1 0.000817611653883259 0.0421004638182345 0.000798741067494554 0.0413975193962211
1 1 0.000516523067153384 0.032063766487561 0.000505665659355387 0.0320610104548993
1 1 0.000239333823061638 0.035634499958967 0.000233281168227774 0.0356073007218258
0 0 0.00120346133060733 0.0420622003975475 0.0012432072826709 0.0428325435825866
1 1 0.00126827885576507 0.039818985467184 0.00125125930103508 0.0391929583638567
1 1 7.59275851398256e-05 0.0295156034977702 7.28429723431502e-05 0.0293811197646918
0 0 0.000635397148329179 0.0498002568880458 0.000637689794542871 0.0521610541112049
0 0 0.000417707643912688 0.02995306122484 0.00042956079574025 0.0302845730762912
0 1 0.000355103310985189 0.0331251063363428 0.00036489315907131 0.0330471757087224
1 1 0.000404466306327611 0.0319829582971799 0.000395114647151563 0.0319260641378351
1 1 0.000326328106127129 0.0385360886255346 0.000313351705485527 0.0368604830651049
1 1 0.000239679481523061 0.0516643267070743 0.000238745310254512 0.0507853919148524
0 0 0.000192555117017625 0.0467758585767609 0.000196991573878928 0.0487979004715935
1 1 0.000832403868888521 0.0355027632293916 0.000772873486124092 0.0354469353319884
0 1 0.001198677136087 0.0483574819104946 0.00127467032475607 0.0480557375758462
0 1 0.00065992017061271 0.0427457433594332 0.000674120314478637 0.0416758666811174
0 1 0.000168205812241844 0.0417112122586045 0.000177120924067601 0.0411739473453792
1 0 0.000829379852337571 0.0386642143156856 0.000822630569613134 0.0390391350524944
1 1 0.000192804195457304 0.0348951685280257 0.00018683356726846 0.0333433596044885
1 0 0.000314319076319595 0.0380129842127513 0.00031172226828732 0.0380231869069496
0 0 0.000467164097937562 0.0352382099570076 0.000478108294075014 0.035250516656332
1 0 0.000259348317777741 0.0367551596546576 0.000253899389235819 0.0377681434738872
0 0 0.00033242828427083 0.0364203209362946 0.000343572662248618 0.0365540902449003
0 0 0.00024052040815757 0.0320957629387293 0.000240966300797666 0.0322224299941192
1 1 0.000191225672990364 0.0518202503587921 0.000187623818237326 0.051765638751084
1 1 0.000139410384214456 0.0359094258284797 0.000135119120001613 0.0359093095938713
1 0 0.000600050209823328 0.0408094656736325 0.00059082701407117 0.0411365318111599
0 0 0.00025065174444312 0.0243398494196754 0.000260633900627795 0.024977410783415
1 0 0.00048729198204418 0.0400705926708665 0.000474331143667595 0.0410914158057954
0 0 0.000418113109364562 0.0377143304768036 0.000419947684590395 0.0385579734388927
1 0 0.000374489808349791 0.0294926647551915 0.00035790298755999 0.0306800701588061
1 0 0.000367848608152342 0.028524593469723 0.000357803796676187 0.0289495745148948
0 1 0.000469096598829704 0.0450891603631686 0.000481613485924068 0.0443513500533471
1 1 0.000112714034792405 0.0386232058873139 0.000105517639018733 0.0385037714748717
0 1 0.000221349896813601 0.0355353680981066 0.000226668365426874 0.0354550187560604
1 1 0.000254079443063675 0.0413757887293216 0.000250373085235665 0.0413754547659187
0 0 0.000456020248371118 0.0379092439864297 0.000457996631626156 0.0382166668684574
0 0 0.000766770417046494 0.0352689398155948 0.000774526541149608 0.0356670260788138
0 0 0.000306733213347753 0.0433831692846632 0.000313650098308409 0.0452019227864494
1 1 0.000497354625788697 0.046161470397855 0.000485681020411414 0.0448806304489464
0 1 0.000894415323989598 0.0364058750832437 0.000906686020300717 0.036250666270367
0 0 0.00010208224813824 0.0371466345829632 0.000106457464386809 0.0373595976209406
1 0 0.000312099487929515 0.0325882446299452 0.000263293434654224 0.0328969331163097
1 1 0.000534001669438066 0.0444010226496606 0.000517500053677613 0.0443851102794052
1 1 0.000542837903850027 0.0392225136014596 0.000539038361335304 0.0378107107431978
0 1 0.00011220915996163 0.0295244288746638 0.000116807571279544 0.0283684371198367
1 0 0.000250991315386936 0.034149722568105 0.000246840043891164 0.0343134272189469
0 1 0.000261473948647766 0.0381160154976608 0.000272071449911714 0.0375035413605943
1 0 4.39052296496791e-05 0.0383282371510089 4.26940840935348e-05 0.0384214871635787
1 0 0.000375133061806149 0.0349326061529463 0.000363162252121715 0.0352577507216366
0 1 0.000660028227771139 0.0422917367482815 0.000672199503184419 0.042113007437144
0 0 0.000366647527422118 0.0367456899891118 0.000370923736905596 0.0371366102853601
1 1 0.000637951164047501 0.036984002039822 0.000594753059538908 0.0363512326754804
1 0 0.000453932869263844 0.0415778591293938 0.000444275735966314 0.0422672160303846
0 1 0.000597088922938055 0.039008825028327 0.000615178438740042 0.0386113005148131
1 0 0.000402094763095548 0.0368707632467392 0.000401414006396418 0.0384346063880844
1 0 5.70799082759629e-05 0.0281188174396792 5.23631379545462e-05 0.0284499720083869
1 0 0.000456060204718817 0.0404023049620661 0.000447991625295952 0.0406037203211832
0 0 0.000224631123656731 0.0335541778906909 0.00022964595541842 0.034439212274287
1 1 0.000525354420665756 0.0273657801161095 0.000480584054801108 0.0268904442772813
0 1 0.000436769987938073 0.0371293193895189 0.000449155874837849 0.0368381886399688
1 1 0.000642482090614753 0.0384138976487934 0.00063382216299809 0.0363261868887518
0 1 0.00114006712573183 0.0380317101766726 0.00120641433968509 0.0368677757815976
1 0 0.000219085824169957 0.0344376938028158 0.000213645753564806 0.0348730501854605
0 1 0.000387273872171676 0.0419065898171815 0.000398590823346433 0.0411129031602447
0 0 8.51992623625475e-05 0.0329231767860635 8.82144031583423e-05 0.0335843244630599
0 0 8.468583587966e-05 0.0447276473739919 8.76573791461538e-05 0.045563531870259
0 0 0.000252969259396031 0.0315591194019855 0.000262297842593898 0.0335904624278029
1 0 7.75441719172317e-05 0.0431047958936243 7.51360618529573e-05 0.0444098660604784
1 1 0.000876979343026266 0.0386084632187069 0.00087006828726195 0.0381530998341846
0 1 0.000325102326582839 0.0347106543953754 0.000345321591723711 0.0341947355100563
0 1 0.000104268584621706 0.0408409677766726 0.000115350540872888 0.0407667064442421
1 0 0.000454895274798825 0.033600771335002 0.000453521777356686 0.0349607543212554
1 1 0.000113251596574241 0.0327261725488682 0.000112200304795509 0.0324777515128234
1 0 0.000100743618572485 0.0385990707532375 9.98033737225262e-05 0.0388096832650061
1 1 0.000661559878085508 0.0346154950310477 0.000646055355886625 0.0330752876714933
1 0 0.000239438435122771 0.0503863937227408 0.000233186934731653 0.0504235424980546
1 1 0.000372044238020493 0.0337830426166357 0.000366847047479519 0.0335311196268264
1 0 0.000232896692006712 0.0277242695935076 0.000226236633329188 0.0279119721365174
0 0 0.000155080975918788 0.0442667013141482 0.00015916173666246 0.0444227675290764
0 0 0.000674886509151648 0.0361863531803202 0.000697792882268964 0.0369460159297978
0 0 0.000482502750237039 0.0325612680533207 0.000492530398722114 0.0329716018586066
1 0 0.000477443782461376 0.0480373288461383 0.000456485468366147 0.0500684397515955
1 1 0.000980687324074728 0.0333984668601167 0.000975913794703483 0.0329860917881918
1 0 5.40556024881222e-06 0.0322579422021153 5.32340204784276e-06 0.0330536705246307
1 1 0.000310984449184432 0.0459375436228924 0.000307604133427361 0.0450129504061568
0 0 0.000230552539078802 0.0377258839101685 0.000233683234103938 0.0386834860605033
1 0 0.0014481984127214 0.0313313779005403 0.00140475543124086 0.033380309402987
1 1 0.00057056471728464 0.0344939930608209 0.000560662393998662 0.0343435871289269
1 0 0.000512410848004412 0.0349049180156827 0.000500858796774528 0.0354066900540874
0 1 0.000774109526936133 0.0375925480127601 0.000785864092514017 0.0373693018379875
0 1 0.000283312902976882 0.0337728093634472 0.000287814826394482 0.032345308091946
0 0 0.000469826151588722 0.0324245058203545 0.000474480933980579 0.0329712768830473
0 0 0.00148594547006519 0.0516755638170536 0.00153162552171025 0.0526631504289781
1 0 0.000347606370693223 0.0365101350841732 0.000332092297737559 0.0368510854451989
1 1 0.000591598080467978 0.0326109750125015 0.000568146288104293 0.0326029816245018
1 1 0.000898430464166378 0.0361394077863264 0.000894040314319429 0.0356006882974848
0 0 0.00258850682969236 0.0336235545007567 0.0026009227134814 0.0341504553248193
1 0 0.000417782456080173 0.0358088504856101 0.000416239626428009 0.0358616627941532
0 1 0.000380959040874071 0.0517338827519125 0.000385292861090148 0.0513645282779474
1 0 0.000619862129827736 0.0398860716069653 0.000609534958081644 0.0399482779227226
1 0 2.86365067308181e-05 0.0344156817865715 2.71111612480332e-05 0.034830485996485
1 1 0.00025116771400389 0.0413637327004346 0.00023152863504456 0.0408462443067805
0 0 0.000777122167541038 0.0345305974947778 0.000780503725384642 0.0363286346921985
1 0 0.000409084846074311 0.0387492998611175 0.000401162635761563 0.0390433318198686
0 1 0.000713527211079476 0.0434091299634675 0.000730066220802249 0.042479770867169
1 1 0.000711037888210346 0.0390859635400637 0.000705621760667235 0.0382971795161766
1 0 0.00116161324639482 0.0280247759949216 0.00112884593194033 0.0288411393178331
1 1 0.000227919211039367 0.0396102238753908 0.000223837350285594 0.0366923104563264
0 1 0.00014834536942211 0.0316925080644362 0.000153565132351967 0.0309528160725813
0 1 0.000315952959767664 0.0280015031208298 0.000342733077862234 0.0278292112682528
0 1 0.000561806449325416 0.0361453160110771 0.000578502541870465 0.0356706681711063
1 1 0.000485749529086957 0.0335143465530429 0.000480110408499582 0.0325912437315554
1 0 0.000305637472834533 0.0339692613585427 0.000300747608823395 0.0349805036221046
0 0 0.000930717960594308 0.0445459065776801 0.000940281060137514 0.0448587653568526
0 0 0.000340614268364268 0.0373564388325897 0.000344635569159333 0.0374247755983089
1 1 0.000803567404629204 0.0372655948205497 0.000775616136889057 0.0363744886303539
0 0 0.000194014169577728 0.0292437037157587 0.000209809304756821 0.0302328494686672
1 1 0.000238119196090837 0.0308292750007885 0.000231253695755226 0.0300495906674993
0 0 0.00039039674345387 0.0395628876152867 0.000396916511197008 0.0396543098010863
1 0 0.000818262407091239 0.0335081253704267 0.000794196331037074 0.0335426840166582
0 0 0.000290975255751202 0.0358648275726442 0.000294851782399914 0.03682896809361
0 1 0.00134435000773064 0.0371195951722068 0.00136935352687917 0.0358277156355827
1 1 0.000973022258723673 0.0460796001024322 0.000960522108461503 0.0453149667245377
0 0 0.00124285121020085 0.0332807072880208 0.0013161672953339 0.033589455132594
1 1 0.000902084258035014 0.0406957414631489 0.000875618156327527 0.0400336008081337
0 0 0.00100202763540866 0.0392755238655534 0.00102536940864997 0.0395281585175933
1 0 0.00300810222976654 0.0620609770084581 0.00297987143080355 0.0624973615089823
0 1 0.000573229531067109 0.0371708651153043 0.000592519458923764 0.0359240008725994
0 1 0.00113482054237199 0.0484206743437859 0.00117689816409735 0.0484061625855888
1 1 0.000966692000030374 0.0479594455617589 0.000962409194310244 0.0451782967722816
1 1 0.000536325890220155 0.0411938746784095 0.000522857851626411 0.0410156485448342
0 0 0.000172155689704958 0.0283598247305029 0.00017358730732445 0.0294994355540069
1 0 0.000292372070735655 0.0398433116452248 0.000273743543580757 0.0405152258108025
0 0 0.00130787987674832 0.0297902811425149 0.00132001499484746 0.0298963750717196
0 0 0.000795202787554052 0.0582904150994768 0.000832522984572488 0.0589084671291457
1 0 0.000594574690320039 0.0436258660955711 0.00058332393526354 0.0436765324588048
0 0 0.00110607576474494 0.0319870355993722 0.00111377053145458 0.0321574281893041
0 1 0.000476443174199909 0.0350072843229689 0.000482096027336923 0.0342867521823109
1 1 0.00217772300722698 0.0435352925868155 0.00203730720238359 0.0426907204928645
0 0 0.000974188327584242 0.0427585964613948 0.000985231285901872 0.0428793294726947
0 1 0.000318913989081358 0.0284618549384892 0.000327297269754242 0.0283824470779017
0 0 0.00112189980567774 0.0534577623126137 0.00113440643955344 0.0535738912161211
1 0 0.00180895543288787 0.0332544895091988 0.0017901396246418 0.0336365377130797
1 1 9.37696726177164e-05 0.0340763384494057 8.41761214934107e-05 0.0334736991788405
1 0 0.000612499146073315 0.0345152893136305 0.000579492807371234 0.0349442201385236
0 1 0.000429565232962944 0.0383484710866223 0.000458223009691355 0.0367676678320387
1 0 0.000352227437227303 0.0305899198225574 0.000347790632676156 0.031625824947274
1 1 0.000254677642401972 0.0323274475456752 0.000246114123920858 0.031999090985724
0 1 0.00227709282161452 0.034713827861974 0.00227904728918719 0.0330474073927739
1 1 8.6064006774262e-05 0.0283605532597355 8.3079630744107e-05 0.0276250287503554
0 1 0.00138777735546449 0.0346185230555482 0.00138970455938937 0.033658379000098
1 0 0.00101070272932764 0.0272648646995881 0.000990567359246599 0.0284540647818415
0 1 0.000272901084111755 0.0362398214178032 0.000273920959703843 0.0357094816102928
1 1 0.000450817526517412 0.0310275138089885 0.000446799669467369 0.0309775360628491
0 1 0.00121756956316165 0.0482448685401564 0.00122622596374986 0.0476788736640612
1 1 5.40684865218375e-05 0.0425227950046234 5.3254898658822e-05 0.0422091897410304
0 0 0.00109577384502518 0.0452459169975279 0.0011110792354197 0.0456922771733996
1 1 0.000111064032680258 0.0644644301678149 0.000109555252950609 0.0630701975572909
0 0 3.79303747926979e-05 0.0337814550652578 3.9220168042238e-05 0.0342568687579027
1 0 0.000395354332543896 0.0373095492125897 0.000388675361880367 0.038964756793571
1 1 0.000408991332750785 0.024539108009044 0.000406387919750326 0.0240923597764367
0 1 0.000842179939253093 0.0431764821076749 0.000848473991900855 0.0426513082134899
0 1 0.000740368920691693 0.0441111203447616 0.000762662752282735 0.0429048294492635
1 0 0.000480417658811959 0.0346375048039237 0.000466302627374705 0.0353990542031716
0 1 0.000639221648268748 0.0389758938076114 0.000645631567127563 0.0385251266512423
1 0 0.00129472508885597 0.0392280239643872 0.00125984262171934 0.0394741862612785
0 0 0.000133083823796196 0.0324116709686652 0.000140623188210452 0.03285337287056
0 0 0.000727837752887175 0.0467307209383496 0.000732207635820311 0.0476189730211565
0 0 0.000444036808964556 0.0367601653513594 0.000456068716581708 0.0380685901000795
1 1 0.000548090590246114 0.0500512847496499 0.000543251379828635 0.0492728603983331
1 1 9.70524421581932e-05 0.0377220345177806 9.64048968821047e-05 0.0375107490160369
1 1 0.00018530740136471 0.0286173170789547 0.000183150140909393 0.0285061279651662
1 1 0.00146440627533302 0.040799751984753 0.00146422122164264 0.0399670035236629
0 1 0.000807812449292064 0.0479962144631579 0.000809403485760045 0.0472393834138586
0 0 6.37805511085234e-05 0.0291922503713463 6.51075185916005e-05 0.0294074095600151
0 0 0.00035322125735039 0.0351197233658968 0.000365719971946084 0.0360404221941987
1 1 0.000800905537027234 0.0385456431158606 0.00080035755592954 0.0385042784299276
0 0 0.00149019647222041 0.0498694331766465 0.00151391263672795 0.0511599512847479
1 1 0.000197041394145118 0.0304689910301318 0.000194229677601868 0.0302296002086688
1 0 0.000328677842746171 0.0362221724434913 0.000316852472719883 0.0368873046573463
1 1 7.46547200487695e-05 0.0383671355877474 6.89287686628133e-05 0.038041524839613
1 0 0.00014409990566537 0.0360850630639712 0.000139965995374109 0.0368377027005292
1 1 2.16216065847057e-05 0.0387779575780059 1.66464864883401e-05 0.0374328445088335
0 1 0.000102457872596656 0.0303638652469888 0.00010406215576736 0.0291790225153208
1 0 0.000477380142126749 0.0452613642953803 0.000462011369409615 0.0458224494993056
1 1 0.000561164901551468 0.0330711805546511 0.00055443892955531 0.0322693483590754
1 1 0.000491487057384855 0.0388854382842361 0.000475941387362471 0.0386460101853759
0 0 9.49253855944526e-05 0.033920535830924 0.000101125504171766 0.0345140740188584
0 1 0.000443514741953786 0.0394929164369864 0.000460161525996814 0.0381556968402115
0 1 0.000438462914002446 0.0297301284687899 0.00044522662446882 0.0294761359159039
0 1 0.000143337799118997 0.0300760595437461 0.000148773899802249 0.029291781925574
1 1 0.00010880892957407 0.0385463427236076 0.000100281824592887 0.0367403916569912
0 1 0.000801282361738264 0.0321877385186507 0.000825878692749277 0.0321497711034063
1 0 0.000802899932472527 0.0300465577987374 0.000794646155791619 0.0322052230324582
1 0 0.000402079192152512 0.0369261591747466 0.000392480582201148 0.03780973086765
0 0 0.00244140326052709 0.0385800921522247 0.00245345741597116 0.039855226292551
0 1 0.000538422041145233 0.0394666572440923 0.000559880622062918 0.0387705268787842
1 0 0.000988552381683834 0.0440645847544631 0.000977027639855467 0.0447999294338808
1 0 0.000700961285791792 0.049773793392435 0.000686003391337092 0.0504621304364183
1 0 5.49056484190822e-05 0.0342997610350139 4.98018229431917e-05 0.034390095736282
1 1 0.00057468973568406 0.0357945802584443 0.000550524144728426 0.0350421753577131
1 1 0.00141563483057448 0.0341870344481912 0.00140815407011107 0.0328417506382171
1 1 0.000654823060830723 0.0366376903736612 0.000648380918710892 0.0362618949016537
1 0 0.000435090490373362 0.0316671294465238 0.000426274499365838 0.0322207529214214
0 0 0.000230300678629895 0.0330452252310476 0.000230335239838281 0.0333342016915094
0 1 0.00101873421868449 0.0412912959535459 0.00101907957626272 0.0409378422803596
0 0 0.000309443572539724 0.0396506007396733 0.000312313075012634 0.0399872342341761
0 0 0.00102571968742049 0.0345768259177626 0.00105420692199348 0.0348612982463461
0 0 0.000103100683567341 0.0364158613514333 0.000104960132379967 0.0371754642866628
1 1 0.000127583247918309 0.0314292086905598 0.000115159568081218 0.0312029304250922
0 0 0.000583467044302562 0.0254987751409919 0.000589565663109433 0.0259101674680567
0 1 0.000749464599193588 0.0427678567729873 0.000756118859669605 0.0417927745400808
0 0 0.000141822567279446 0.0326097687512811 0.000149907156607273 0.0331694762208709
1 0 0.0010450412172779 0.0462483865922336 0.00100682420605738 0.0485587618997971
1 0 0.000329812022969005 0.0397904007930862 0.000328583386839497 0.0429052165625314
0 0 0.00047333042037896 0.0399734897251448 0.000475299221020487 0.0403807189805973
1 0 0.000453173938163153 0.0365581552473866 0.000442368988594863 0.0391167748697175
1 1 0.00034860600919567 0.039263408447888 0.000345173095398223 0.0381203871773267
1 1 0.0013864495682586 0.0350077641656967 0.00135754756098516 0.034548616378483
1 0 0.000343593787767428 0.0409438387919016 0.000342100078534783 0.0409519110643489
0 1 5.14845923252633e-05 0.0395779620827269 5.39319326146577e-05 0.038924112350926
0 1 0.000298837342308307 0.0351908823402958 0.000301836525614261 0.0342545340005906
1 0 0.000264366365328552 0.0321278254511585 0.000256834054577847 0.0326068537237854
0 0 0.000879572061029353 0.0484477601522688 0.000910131572905359 0.0502912730934194
1 0 0.000815847134768938 0.0368334310588965 0.000807948551395873 0.0371063293658642
0 1 0.000424783815754931 0.0409764112578723 0.000427605301880329 0.0401069423153239
0 0 0.000655001289301595 0.0484364960686856 0.000666541822008428 0.0488806366997602
0 1 0.00125208497594578 0.0420289657535934 0.00130680642637749 0.0418996584955506
1 1 0.00162082071487768 0.0434776350033541 0.00158572539091761 0.0425696455853553
0 0 0.00116597853871188 0.0417976269160675 0.00124419216877728 0.0430618129095622
1 1 0.00066993614734663 0.0430489282259887 0.000645985572713483 0.042680671947158
0 1 0.0002828729485003 0.045324131699908 0.000293085878381383 0.043415346947752
1 0 0.000556340708914881 0.0354775440014373 0.000528516272642292 0.0359751312485398
0 1 0.000635038937939513 0.0302060354284591 0.000655795179193346 0.0299032690355919
1 1 0.000403096864834373 0.0351806418222163 0.000396761573688127 0.0348902609814402
0 1 0.000577964141548232 0.0344808823347494 0.000590762925529404 0.0339438777188926
0 1 0.00143654262521594 0.0399320047303491 0.00146737507943354 0.0395809883291578
0 1 7.73233607861884e-05 0.0316734290533022 7.97549370374921e-05 0.0311842330266191
1 0 0.000344166066058441 0.0392838348883643 0.000332117261706148 0.0401194832461417
1 0 9.55611353220067e-05 0.0354496495481144 9.31154902703526e-05 0.036306663754467
1 1 0.000679788040250977 0.0318970239235792 0.000666381733865858 0.0313056440039194
1 1 0.000462870898019307 0.0377863158436145 0.000460135722541506 0.0371389528620995
0 0 0.000297637698359883 0.0343522169033836 0.0002986644187125 0.0343964187909001
0 0 0.00100027384221371 0.0480491608926419 0.00102157983089767 0.0486883399922832
0 0 0.000379072339385982 0.0309899255846331 0.000387394772479925 0.0319034251208991
1 1 0.00116016561558378 0.0333371083183769 0.00112421740597247 0.0331292630610021
1 0 0.000499079949802423 0.0334866238175436 0.000491208032707508 0.0348517778919236
0 1 7.59626936405683e-05 0.0392070235053729 7.80098817880284e-05 0.0387996322314547
1 0 0.000966865884917335 0.0414361756392866 0.000933763707263496 0.042002559462115
1 0 0.000132886955551477 0.0476153413594474 0.000130264725005952 0.0476801602681321
1 1 0.000662042007748606 0.0373309358561129 0.000638246056929223 0.0362719170505789
0 1 0.000461056262223097 0.036635382280983 0.000464767361200839 0.0360232900966307
0 1 0.000173353361932914 0.0270412880649917 0.0001759166755244 0.026261050431819
0 0 0.00103565306939235 0.0369471022974619 0.00106601033852654 0.0371776919419416
1 1 0.000465923453789779 0.0322460207990824 0.000446642234471893 0.031462177924716
0 0 0.00114083790558816 0.0346632134370766 0.00114786038619311 0.035027188194673
1 0 0.000206827969293632 0.0305909270851673 0.000205174998371123 0.0325130267020462
0 1 0.000350759363585863 0.0376993722766939 0.000355659322247701 0.0374497264648807
1 0 0.000241388046896881 0.0300653520139707 0.000212718034636091 0.030779933562642
1 0 0.000350592834223297 0.0379388765456141 0.000339163779654499 0.038735288146006
1 1 0.000430320308118476 0.0360230117292255 0.000425791526421785 0.035152771770809
1 0 0.000568674138517994 0.0296096300138571 0.000545300546163467 0.0307838007014095
0 0 7.49129715238614e-05 0.0468173219868698 8.0871674647303e-05 0.0469938597119983
0 1 0.00129404077385701 0.040481799250334 0.00134585800000892 0.0393856524001208
0 0 0.000410299941787138 0.0288356838952693 0.000422185108902383 0.0290322566491452
1 1 0.000485065223220313 0.0413915218156624 0.000478769900795579 0.0399647763710728
1 0 0.000477434022198241 0.0392366439857345 0.000459223804307348 0.0396388571541741
0 1 0.000165635010361414 0.0327850234185614 0.000168908126527652 0.0325551919726978
0 1 0.000542914987310821 0.0388956108340484 0.000543971856697173 0.0387399206846175
1 1 0.00184397514851019 0.0275551683391896 0.00181474531658017 0.0269859690030387
1 0 0.000287043612397921 0.0334583884302924 0.000275229566889527 0.0336361216381202
0 0 0.00173316747596272 0.035682899705602 0.00175798051367962 0.0359266518298631
0 1 0.000912915852356205 0.0388979484030633 0.000937046379402137 0.0378435200806705
1 1 0.00109299356578618 0.0411348430863098 0.0010400167012455 0.0410788009964546
1 1 0.000380029439467636 0.028774169155829 0.000366016980897539 0.028532148560144
1 1 0.000163115238929933 0.0333247361040372 0.000157210145502635 0.0328544658213207
0 0 0.000190068247261615 0.0325437396843557 0.000199257822907638 0.0334710465609269
1 1 0.000359617988408701 0.0281125296314952 0.000347538176659056 0.0274516397006908
1 1 0.0004009585950051 0.0344565010944209 0.000391829206258348 0.033897040148613
0 1 0.00119176074101325 0.0464150214032031 0.00125826117994404 0.0463228928368968
1 1 0.000376087358590802 0.0310891235259117 0.00036613057618357 0.0303033578477743
0 0 0.000177368001759335 0.0444137084551155 0.000182528782590091 0.0444826959662084
0 1 0.000827427994950363 0.0396366636728262 0.000839088267961758 0.0385991245924278
0 1 0.000104077338913828 0.0319568618810558 0.000104914818592806 0.0313231706618414
0 1 0.000440213405624918 0.0327074182645941 0.000447172324725225 0.0323087765280573
1 1 0.000289776626538594 0.0305049307453919 0.000285204626699631 0.0303588887898411
0 1 0.000545263462472867 0.0357196246661466 0.000552198052073999 0.0342974835699438
1 0 0.000902462831874969 0.0402634335142631 0.000897784245336856 0.0406577899523975
0 0 0.00086600246360225 0.0475593550445303 0.000882579446627895 0.0478857159551794
1 0 0.00134214397405279 0.0399941764661398 0.00129584260181964 0.0408716713703967
0 1 0.000366489692622552 0.0557966719117913 0.000372654287704045 0.0557789027686197
0 0 0.00041935283345969 0.0257011952417021 0.000437243311527209 0.0260955207107741
0 1 0.00106710387955561 0.0399490590148103 0.00111630372646388 0.0396526665361973
1 1 0.00016061272107904 0.0355947602043774 0.000155944291841345 0.035515805963976
0 0 0.000474738350290857 0.0410234842158144 0.000474905278420238 0.0410591224980236
1 1 0.000414082928249802 0.025434336391661 0.000405243398961786 0.0252058373304759
1 0 0.00076067466036589 0.0363976402854032 0.000736571728447361 0.0369170424516746
0 0 0.000159355492567058 0.0317866704921479 0.000168644438446586 0.0323944884675035
1 0 0.000777449710699899 0.025080429197074 0.000744042421925487 0.0257393560894921
1 0 0.000550652161253218 0.0383375017228027 0.000526158430675142 0.0389175888546733
0 1 0.000426458594556495 0.0412604137973877 0.000442588011596663 0.0407563375496949
1 1 0.000576597599443905 0.0350792922728487 0.00054298512642449 0.0344244241307773
0 1 0.000193979708891437 0.0351601972231358 0.000200614377554489 0.0351150632881842
0 1 0.000426677400932371 0.0438037713716351 0.000431681116339329 0.0427692886075725
0 1 0.00123010948803605 0.0361274038877812 0.00128657868091551 0.0359271805108299
0 1 0.000596423916650316 0.0366227404328641 0.000616711523747813 0.035228793051763
0 1 0.000626982819783518 0.0311604736441889 0.000662883254093831 0.0306603661353166
1 1 0.000467311399903805 0.0322018789810878 0.000451015550273526 0.0316254985566464
0 1 0.000192542140253784 0.0483038639920774 0.000193536828763803 0.0477676580308159
1 1 0.000415832930341802 0.032899453949301 0.000411638366941466 0.0322955312619948
1 1 0.000433995159696153 0.0326801605188015 0.000430716202962093 0.0324396232247272
0 0 0.000435089176232148 0.0355299583469117 0.000465366688262737 0.0369172098925631
0 0 0.00136614772464329 0.0314780242814283 0.00142165930343014 0.031670564388757
0 1 0.0011135816034272 0.0299596406602883 0.00113382923979398 0.0292149490654482
1 1 0.000373403986230663 0.0285160956478949 0.000354501685503985 0.0277861687446924
1 0 0.000676568825724979 0.0376557192002657 0.000651879849481388 0.0387521895491525
1 1 0.000204647909498795 0.0215931492412241 0.000202539637662474 0.0215253778630042
0 1 0.000213372460551255 0.0552998021737028 0.000215701264010552 0.0550289055386519
0 0 0.000178431883424291 0.0315760478459386 0.000187876265072833 0.0319367515529447
1 1 0.000789427316274915 0.0395179036948908 0.000787483834894993 0.0377192246976696
1 0 0.000156037267496379 0.0361304848138253 0.000142595110438673 0.0368313505986383
1 0 0.000549743894088494 0.0380440725298112 0.000539309348989294 0.0382606264141518
0 1 0.000644713657757537 0.0425826355478319 0.000660162662549115 0.0421487430835458
0 1 0.000455897721968473 0.0358570460928248 0.000471970567436615 0.0357026195433483
0 0 0.000553085769182303 0.034097274385255 0.000556355012315636 0.0345043396410234
1 0 0.000351676337386399 0.028987622323086 0.00034973529984874 0.0300857607225563
1 0 0.000318291429246336 0.0306559651753861 0.000312816869805266 0.0316148586074299
0 1 0.000341023389928896 0.0447568009001111 0.000360633117770181 0.0434296281850875
0 1 0.000176819761112016 0.0345027698628086 0.000177317182248525 0.033385924406361
0 1 0.00108435731758261 0.0342010343707368 0.00111581163791332 0.0316528987371823
1 1 0.000406126547641197 0.0297508202269448 0.000398539137651178 0.0295135523637478
0 0 0.000981560836257232 0.0334582213966958 0.00104512225125681 0.0336751808191951
0 0 0.000484831517423045 0.0366997288443218 0.000502394296381244 0.0371652010544628
1 1 0.000430635873865469 0.0404875271659577 0.000427231958560159 0.037799186201509
1 0 0.000350753997460695 0.0325401778677071 0.00033784131791963 0.0327796441184699
0 0 0.000407641195113102 0.0401126115429636 0.00041188714469854 0.0404299067167927
0 1 0.000274873451472071 0.0515373725199639 0.000294263223283577 0.0504660114447303
1 0 0.000616893557090788 0.0307351517771872 0.000600703712128994 0.0312837522083687
1 1 0.000310606974308082 0.0312910053773779 0.00030769063493419 0.0309782041474754
1 1 0.000155273733826628 0.0326643981697385 0.000154362373978176 0.0320435049785171
1 1 0.000745571347743721 0.0337006256046588 0.000708279332799202 0.0335505973906923
0 0 0.0011808026817904 0.0337834290133676 0.00118372134101572 0.035127050878717
1 0 0.000472072323099442 0.0357205015004281 0.000457120870917282 0.0358287274626504
1 0 0.000263545664696718 0.0272817812211562 0.000261804991682867 0.0278269925106109
1 1 0.000741950498669803 0.0388322460907032 0.000707156249941516 0.0382926066133968
0 0 0.000407403327004941 0.0292830047809475 0.000438267401081353 0.0294313533782046
1 0 0.000309229108081734 0.0310839469155089 0.00030160811863441 0.0315005230014668
0 0 0.000155604700684094 0.0392577367721289 0.000160533802788495 0.0396510492728311
1 0 0.00155559622923153 0.0352586397131839 0.00152206434720536 0.0366909807761134
1 0 0.000232367191382919 0.0342699579172606 0.000225908323447371 0.0361422290160299
1 1 0.000598247110241984 0.0359797226167519 0.000584982890572356 0.0356397639966902
0 1 0.00138719328953518 0.0344297833762172 0.0014023624452921 0.0338454324215177
1 0 0.000185015769184903 0.0419976675802052 0.000178603027538561 0.0428857687581101
1 1 0.000740578545457728 0.0361087732559702 0.00073706502939409 0.0352943786121264
1 1 0.000315073040909234 0.035218961019131 0.000307763424629678 0.0341929575047469
1 1 0.000421884079659328 0.0436274613124842 0.000411127123019394 0.0428150346207703
0 1 0.00187733064012191 0.0438023475137114 0.00193525156631681 0.0425636026859798
0 0 0.000543343390006882 0.0344879294690876 0.000550338947624333 0.0355742736503236
0 0 0.000158570147105372 0.0408726259480746 0.000160140116092166 0.042587172671747
1 0 0.000299740127701875 0.036999169100167 0.000280688425357416 0.0386818865753314
0 0 0.0016857882053475 0.0479481307840112 0.00170821723497302 0.0483163509525352
0 1 0.00015264265933318 0.0330119153890574 0.00015476805486518 0.0322538500912999
0 0 0.000997963530354713 0.0392769990863157 0.00102415378991219 0.0412811473003652
1 0 0.000202911003961359 0.0355979166430933 0.000198486185840695 0.0369331828831982
0 0 0.000220540022336191 0.0272841199092944 0.000225261233327894 0.0281285764566901
0 1 0.000799591892736069 0.0318596443270487 0.000807378064431123 0.0316931969953368
0 1 0.000248611233599525 0.033006818829988 0.00025222530430591 0.0324010013950471
1 0 0.000210432275226634 0.0320159365040542 0.000206259899842054 0.0326066565963666
0 0 0.000511919489379745 0.0334982634099435 0.000525631893338765 0.0337442427347978
0 1 0.000100563643690641 0.0363499043960654 0.000102393709498488 0.0351892647669891
0 1 0.000534535629512685 0.0450997904772263 0.000541780782939512 0.042839353956922
1 0 0.00160143705922354 0.0377583433855736 0.00155302249858406 0.038679743968553
0 1 0.000778442295816726 0.0349776139619394 0.000800223463709939 0.0346867192314486
0 0 0.000703657918186349 0.0391150475169062 0.000734023236219101 0.0399819771244152
0 1 6.63432433806164e-05 0.0366197523273415 7.62106562315531e-05 0.0362093629268768
0 1 0.000234366300295458 0.0415883424272488 0.000236414332574626 0.0413739007055569
0 1 0.000148616140703907 0.0407844149886754 0.000153321267844142 0.0407124146706751
1 0 0.000314307622138514 0.0416758716099488 0.000305831831259266 0.0418846166788183
1 0 0.000191665702728992 0.0348935934571723 0.000184436075484146 0.0350872336137551
1 0 0.00107564571056565 0.0382278977423334 0.00106286938679167 0.0390316917842388
1 1 0.000252306405406837 0.0270550577244466 0.000251635044594951 0.0264839360789338
1 1 0.000363329281688201 0.0343650214845346 0.000362730141734495 0.033652522924869
0 0 0.000429342079273736 0.034047519496654 0.000438605795736363 0.035689801402038
0 0 0.000445083016794412 0.047578985688963 0.000454750159012874 0.0477049878540437
1 0 0.00046312175848448 0.0284021738046379 0.000451730924110427 0.0294185534643633
0 1 0.000648672056814688 0.0373523815851627 0.000662524177088669 0.0360728778199697
0 0 0.000660460414660704 0.0392906607027316 0.000679122416351285 0.0393173219230843
1 1 0.000476946181456897 0.0350780615650415 0.000471985954013779 0.0344770856298699
0 1 0.0011428906453923 0.0343641654944551 0.00122979029584474 0.0338803832452825
1 1 0.000786823445393469 0.0391408116930255 0.0007521618018651 0.0380437110179943
1 1 0.00154837075790937 0.0453773427299372 0.00153250680493879 0.0451713435921338
1 0 0.000207103215636003 0.030303115663806 0.000203740875982041 0.0315272506549078
1 0 0.000717571463271516 0.031393835777221 0.00071511285124232 0.0326426135152491
1 1 0.000547664987786371 0.0401249447963632 0.000516841652547955 0.0400838127757099
0 0 0.000105860510926874 0.0252138351656402 0.000106045106249724 0.0255452845218267
1 1 0.000973021643201866 0.038026932940209 0.000963772175882371 0.0375922284772298
0 1 0.000123628506461969 0.0365129152236026 0.000140487271408917 0.0363162211085404
0 0 0.000658261705854053 0.0465690494322246 0.00066260766302749 0.0471374346293069
1 1 0.00123098372128263 0.0450369679891017 0.00122764197237006 0.0436968126549609
1 0 0.000457778103969042 0.0326361650107778 0.000456404540035295 0.0335270578831127
1 0 5.57743706488523e-05 0.037003786663943 5.57259042964336e-05 0.0371863733970462
1 0 0.000497599482093381 0.0388898572568277 0.000491396291553462 0.0415277069368855
1 1 0.00201283263720744 0.0379345098696117 0.00200795147142421 0.0375913593783316
1 0 0.000218138859815416 0.040641805399876 0.000215177341454731 0.0415459906410367
1 1 0.000605815080072607 0.0313973669405368 0.000574276740281679 0.0308953720562349
1 0 0.00103574546524866 0.0425151519567984 0.00103346629163639 0.0425429827988585
1 0 0.000981491380066071 0.0508761747825203 0.000961451559980756 0.0519816879809523
1 1 0.000523525891407395 0.04288501576723 0.000502350208995952 0.0421005152624224
1 0 0.00073063986072253 0.03580722411448 0.000724610727931545 0.0368855663868135
1 0 0.00059171575586488 0.0297680820119526 0.000561694724237404 0.0299622079285493
1 1 0.00113562659531634 0.0477269041880043 0.00108043900577736 0.047662739415748
1 0 0.000611598030887854 0.0325423268984581 0.000582606191422527 0.033823218675731
1 0 0.00097564300828225 0.0293671756035969 0.000924507425961748 0.0299439586821481
0 1 0.000146212678003321 0.0302511516127306 0.000148725027325067 0.0300633807407136
1 1 0.000916098785503502 0.0365055333791439 0.00089456426615635 0.0358847493423519
0 1 0.000158497626156352 0.0444304092218736 0.000162385740146166 0.042824748734455
1 0 0.000365918452154469 0.0240721203391327 0.000357092869845654 0.0247009301456229
1 0 0.000564248102797787 0.0417657881888333 0.000552708483957738 0.042199398446151
0 0 0.00154827526168128 0.0329744109443508 0.00155088798288449 0.0362379154287062
1 1 0.000191081261327724 0.0360810753626891 0.000189057648976321 0.0351562339434193
1 0 0.000292287226299895 0.0396699243457988 0.000281256093398232 0.0400139024472392
1 1 0.00116050808929208 0.0353633131979652 0.00116041505675982 0.0349243772898788
0 1 6.59562141661706e-05 0.0389992721724202 6.66162178435985e-05 0.0388336523518035
1 1 0.000325187388563648 0.035302603041767 0.000316915401900814 0.0345830594738602
1 0 0.000276752078297137 0.0343071281388603 0.000270885912237365 0.0344140027612352
1 1 6.71811342141975e-05 0.0484799105120496 6.52702364824333e-05 0.0483592867134192
1 1 0.000215105929388165 0.0339404114507212 0.000211018801376167 0.0325214069457094
1 1 0.000220021589577456 0.0334543818402704 0.000211075817151813 0.0329950798589927
1 0 0.000193735441456575 0.0291204125821606 0.000185906630204641 0.0295470113555786
1 0 0.000571205222441646 0.0292380006160139 0.000552554404101649 0.0294774712620094
1 0 0.000396073052112364 0.0441911576727193 0.000380643862133695 0.0448549115393397
0 1 0.000190013183247854 0.0380649605516252 0.000206547854065851 0.0373861727030416
0 1 0.000100877576914969 0.0410688910103413 0.000102089976451561 0.0410668100940704
0 1 0.000258587351554122 0.0340695648989471 0.00026074870280266 0.0338813133028949
0 0 0.000355632363793984 0.0301098307625749 0.000371402104410032 0.0311113733956643
1 1 0.000884493809000717 0.0332277639565879 0.000875211663130034 0.0330868185904678
0 1 0.000177270486361618 0.0353652025383123 0.000182928965658396 0.0341968620432129
0 1 0.00123666270456863 0.0395523339473272 0.00125451848277503 0.037942569098364
0 0 0.000329407889579317 0.0288621747860062 0.000345508062120999 0.029660014149941
0 0 0.000698824102974483 0.0365722442202898 0.000708644806524006 0.0374880578238041
1 0 0.000809113374728311 0.0377830336345248 0.000807603361416774 0.0379292409809663
0 1 0.000385184924007225 0.0395605244524155 0.000399316385585393 0.038533630300922
0 0 0.00037207500931187 0.0395155167885837 0.000379900305768536 0.0402808746602965
0 1 0.000654983548518433 0.0337291354500462 0.0006673682545818 0.0328053904018912
0 0 0.000307263599079717 0.0524680813785053 0.000309313356824517 0.0527805923332747
1 1 0.000734894751948639 0.0336937314711162 0.000730462476191276 0.033340737446083
0 0 0.000811898189570749 0.0332979434563773 0.000816312008025887 0.0335048549697793
0 1 0.000705795075530893 0.0329090567380958 0.000719747012525375 0.0328058816278354
0 0 0.000272742155055888 0.0348154738840256 0.00028123658263024 0.0353541171842047
0 1 1.48525275315073e-05 0.0345817004243658 1.84635874622749e-05 0.0345309563347046
0 1 0.000412308052004396 0.0416755772956117 0.000447438589396523 0.0405352752769163
0 0 0.00152886894565683 0.037838931815792 0.00154457830891226 0.0392092330770288
0 0 0.000785119163276577 0.0540043602787296 0.000790856757126393 0.054006074402325
0 0 0.000612404119913194 0.0328153126018194 0.000619320166532385 0.0332944120432604
1 1 0.00098250224465102 0.0337064729782171 0.00096422122947269 0.0327211084552423
0 1 0.00018166407303327 0.0319410556968187 0.000195020588003628 0.031211874732943
0 1 7.36088828116128e-05 0.0270694584180229 7.71137965332862e-05 0.0264572049935814
0 0 0.000303991537014654 0.0492863696908681 0.000306705743133796 0.0509823603685768
0 0 0.000523769471877042 0.0429761119971897 0.000526114359633238 0.0434141254430398
1 0 0.000651453684369822 0.0383766813086224 0.000634364216499195 0.0384923755193823
0 0 0.000441493206554459 0.0329801327229968 0.000447785437758678 0.0337972599408091
0 1 0.000427061228292489 0.0334880668255911 0.000439729569459271 0.0332485713094813
0 1 3.4569249316153e-05 0.0406025897316896 3.53758757346255e-05 0.0398333994261264
1 0 0.000656230311740389 0.0385551041475439 0.000643476479982481 0.0389637112283443
1 1 6.1991302444225e-05 0.0394743544312372 6.17096922691629e-05 0.0391340143561632
0 1 0.000868037616299068 0.0418665995883216 0.000872053240723385 0.0417880001486831
0 0 0.00226569407692829 0.0445864868250213 0.00232307599627937 0.0446122070486345
0 1 0.000226909216707588 0.0297808892244909 0.000234340570924744 0.028847646837502
0 1 0.00076641636347859 0.0386087491586475 0.000793731635511164 0.0379263468722515
1 1 0.000660214487087889 0.0428171259484207 0.000656181411036032 0.0417588836115095
0 1 0.000572309697169399 0.0415993212402767 0.000595173995213895 0.0412974835710336
0 1 0.000121881373728243 0.0316596460345609 0.000124236205038755 0.031591927705029
0 0 0.000313122842916018 0.0311704650630865 0.000346690360435177 0.0320546758220445
1 0 0.000125384923750859 0.0305077501220948 0.000118697615092879 0.0316608234337749
1 0 0.000543145856804528 0.0434519052706326 0.000522326603826213 0.0439791104572116
1 1 0.00146819253412713 0.040831141388505 0.00146485275740505 0.040828604489264
1 0 0.00136265798784236 0.0391732146956726 0.00132509958073414 0.0396926884769534
1 0 0.000645905097093427 0.0339841625288365 0.000617419841143242 0.034570246231008
1 0 0.000925584630511125 0.0441534066570764 0.000885510865778365 0.0450562920113143
1 1 0.00099884902938586 0.0428228544536688 0.000974984617202682 0.0412043480297741
1 1 0.000278957137319954 0.0326198641930471 0.000277217071609006 0.0311775190927918
1 1 0.000252213033354407 0.0383295069667428 0.00024510015413489 0.0376701456764991
1 0 0.000534870299140277 0.0425337950850246 0.00052471224615271 0.0431749561387363
0 1 0.000283078652948949 0.0345220808657962 0.000283082447921961 0.0336091835169344
0 0 0.000333786496631112 0.0426731938838106 0.000341423890940857 0.0436148893311789
1 0 0.000606292731114775 0.0377190350410144 0.000589678485364638 0.0379409471858308
0 1 0.000115410718354916 0.0371414363270538 0.000120264802604246 0.0370640772947717
1 0 0.00127593892988234 0.0411772166714037 0.00124687106862528 0.0412059636103439
1 1 0.000418650405641288 0.0411775936804022 0.000411340304860716 0.0405916950366883
1 1 0.000447665523164405 0.035558351844374 0.000443896339976722 0.0343358958321298
1 1 0.000342530389135683 0.0303053941890092 0.000335633836136074 0.0298140084466792
1 1 0.00101755402775487 0.0486359470706576 0.000979610990410813 0.0482984871499973
0 1 0.000444706772984144 0.040548748634553 0.000455718488321407 0.0397801614505522
1 0 0.0006139886351189 0.0374460196163892 0.000596270308572666 0.0374491534536363
1 1 0.000591823856429041 0.0268763282603814 0.000562241728906844 0.0257339021179221
0 1 0.00106696710561963 0.0361933376211184 0.00109768988776058 0.035725840158587
0 1 0.000214122266483727 0.0334107114536571 0.00021441033995176 0.0331351240348739
1 1 0.000966093703057919 0.035125960406726 0.000963008822673605 0.0345548934604489
1 1 0.000693113591124299 0.0368350571959789 0.000684979790353952 0.0366413434070708
0 1 0.00111499747267284 0.0362446637652595 0.00113949035213 0.0356088232784925
0 1 0.00127984884804319 0.0393071602238926 0.00129036519532053 0.039102009922464
1 0 0.00010732891500231 0.0356291516088598 0.000100292063478949 0.036161792893475
1 1 0.000436764735244663 0.0447795492208876 0.000434692215388638 0.0441537964799484
1 0 0.00112757013617075 0.0402428795474513 0.00110505733787432 0.0402532638752341
1 0 0.00118697399624449 0.0354084002665673 0.00112749483937499 0.0360981727481934
1 0 0.000419433750974065 0.0382559261878768 0.000416434592266768 0.0390387103157077
1 1 0.00049123768927978 0.0435358143045525 0.000469511033214626 0.0425204242351121
0 1 0.00196966439500246 0.0450568642690099 0.0020157953281064 0.0446683795623698
0 0 0.00010526372971661 0.0262543198413977 0.000105439327991198 0.0264490320207311
0 0 0.0001738611888336 0.0312051406324236 0.00018970508038917 0.0315959332219719
1 0 0.000646003916030394 0.0441915207476235 0.000642000276420316 0.0449836249950891
0 1 0.000437292817861361 0.0315736829882407 0.000443520782303876 0.0313017979157397
0 0 0.000152363805828079 0.0254926635129955 0.000153084938298515 0.0274870121877969
1 0 0.000227983495198095 0.0442977020281554 0.000217034499398987 0.0444066336349011
0 1 0.000359044345100211 0.0418173372400961 0.000368898264893106 0.0413877167658052
1 1 0.000489527349374397 0.0444832619814205 0.000473926306033357 0.0442816011509729
1 0 0.000733417958510163 0.040702143087213 0.000727558078748446 0.0416052648057118
1 0 0.000129663240913294 0.0405560517182644 0.000129356734516182 0.0405891433892785
1 0 0.00121806023951293 0.0481555559524095 0.00119735602493889 0.0490521877943692
0 1 0.000596151455861733 0.0479727314320097 0.000603709053163905 0.0479169696257219
0 1 0.00091415435451261 0.0298280043083016 0.000924649928065116 0.0297424393957244
1 0 0.000823280358223625 0.039455856382131 0.000761146576424333 0.0394926007465833
0 1 0.000500369741157084 0.0431675824342391 0.000521694732132479 0.0419414329861298
1 1 0.00140299805832405 0.0411720584347964 0.00126511058122709 0.0408379624739491
0 1 0.000388603948226142 0.0469798014009872 0.000398829836901197 0.046688583645723
1 1 0.000342309955609581 0.0365179443814862 0.000325410952181184 0.0364709721564877
1 0 0.000382528097326061 0.0362078546190747 0.000369176945379399 0.0367511918888327
1 1 0.000460568072519853 0.0439778617115965 0.000436266690252839 0.0435085231809765
1 0 6.76222534237684e-05 0.047805320987092 6.65425951907724e-05 0.0485441808142975
0 1 0.000209045268479409 0.0411513196453822 0.000224211287525133 0.0405624011078694
1 1 0.000382265647382354 0.0458337200142269 0.000377869730200289 0.0441735407315647
0 1 0.0013652919113164 0.042351649961986 0.0013791618381476 0.0414024587375538
0 0 0.00131878554289065 0.0348069827020577 0.00141107907278597 0.0360638450911105
1 1 0.000265502719774774 0.0376453788342451 0.00025244424683879 0.0375479214755636
1 1 4.60343708925902e-05 0.0329249759927985 4.60202912481885e-05 0.0328441296712668
1 1 0.000484071083828668 0.0417724200723781 0.00046453828534646 0.0411132575441667
0 0 0.000900386910915896 0.0292029850284406 0.000930949440511165 0.029595678304348
0 1 0.000286729138527296 0.0396662310437694 0.000290227561192341 0.0392014646338871
0 0 0.00122641046923933 0.0345085067501428 0.00123674909358039 0.035073264565979
1 1 0.000491080648423502 0.0358296086189807 0.000489207885150597 0.0356586620875401
1 1 0.00198489956911075 0.0506075353363124 0.0018942713021206 0.049067434776037
0 1 0.000114944347750242 0.0383863348726818 0.000128004771695488 0.038264634542231
0 1 0.00122630634533148 0.0374923789690257 0.00122891277839602 0.0374344633774404
0 1 0.000154540169365094 0.0328753942500077 0.000156594588243589 0.0319918042517254
1 0 0.000252053217857632 0.0366128439381087 0.000248719275062455 0.037551577027025
1 0 0.000458830991327316 0.0307789764551623 0.000446826896188423 0.0314800097819405
1 0 0.000419821379053074 0.0392444942643562 0.000403170407935377 0.0396832982542075
1 0 0.000325582571269197 0.0312056027090461 0.000313021109485231 0.0318837778355792
1 0 0.000144601248033016 0.0322533218455038 0.000139361912086194 0.0336452338964045
1 1 0.000918468497550712 0.0400623810065443 0.000914278674014571 0.0393386406112722
1 0 8.42440997342168e-05 0.0394111799549782 7.94092813357303e-05 0.039496025249441
1 0 8.79325338166389e-05 0.0344632327198567 8.69213534210872e-05 0.0351558997832664
1 0 0.000988770248590213 0.0365328952563216 0.00097346676224143 0.0373780318723362
0 0 0.000338646040626391 0.0444287004112398 0.000347718885922679 0.0448384570575189
0 1 0.000458715209270864 0.0382632361061329 0.000469025100942569 0.0382177371166926
1 1 0.000490453882977468 0.0540184044401659 0.000466705834866543 0.053217021359425
1 1 0.00020917576532427 0.0397890718378935 0.000208681682623082 0.0378869950976328
0 1 0.000531574303717561 0.0455071808148102 0.000545833454002463 0.0453711980316187
1 0 0.000659123398715101 0.0392658964055964 0.000657247777425494 0.0399098383984371
1 0 0.00042436816253027 0.0280950530005012 0.000407183105618603 0.0281319259690581
