linear.pvalue quadratic.pvalue linear.boost.stat quadratic.boost.stat linear.true.stat quadratic.true.stat
1 1 0.000278561178064375 0.0336230886605901 0.000269559813215786 0.0322072206336667
0 0 0.000126598310196094 0.0274800556692501 0.00013225496675089 0.0279762788577884
1 1 0.000343385559551428 0.0288444114156808 0.000335631720140307 0.0284663266555434
0 0 0.000131412564159027 0.0311509793845833 0.000136460699778875 0.0316824661482546
0 0 0.000883425620712383 0.0403413490962889 0.000919822489790926 0.040445299570227
1 1 0.000618366764324122 0.0372878043274448 0.000615840654905529 0.0366639566589433
1 1 0.000481093617357452 0.0372300109864604 0.000475446554166383 0.0362540644472339
0 1 0.000578830848214989 0.0406042873241257 0.000604248947517207 0.0397746632273476
1 1 0.000397060145448454 0.0391841201384 0.000390234482432237 0.038793295836888
0 1 0.000420421453032712 0.030830712664986 0.0004278544286153 0.0305779982363586
1 1 0.000236006857628589 0.0323665365861948 0.000234044964104695 0.0321910477024767
0 0 0.000182967265923383 0.0319565618140568 0.000184032861158327 0.0320522707695128
1 0 0.00158721161219161 0.0368254552300869 0.00157740646688116 0.0383773811696
1 0 0.000895174919233311 0.036879400655666 0.000886575952904761 0.0375059425488503
1 0 0.000183878748218208 0.0326686426059241 0.000183771323912174 0.0342695458147324
0 1 0.00246523739726238 0.035549498798978 0.00252953506717811 0.0350891126786316
0 1 0.00188351434008432 0.0366915081248668 0.00190093061250752 0.0365674405484772
1 0 0.00022878928576852 0.0193540341408929 0.000217818977402691 0.0194834152162209
1 0 0.000335630994621523 0.029945124185192 0.000322006226380827 0.0314589676998157
1 0 9.79199111678913e-05 0.036666483209546 9.60472368722074e-05 0.0381488551537111
0 0 0.000116448183403094 0.0345594016966558 0.000131409471501242 0.0352936691589369
0 1 0.000864143607134775 0.0362638224391335 0.000894443924324771 0.0348543291729941
0 1 0.00124146124358671 0.0412903730536628 0.00127491802167851 0.0408144837353457
0 0 0.000149419453542851 0.0120906865555347 0.000155329725868073 0.01252455671716
0 0 0.000309366542057542 0.027736267580804 0.000324775075095912 0.0277677034414486
1 1 0.000365346712334179 0.0214111545439199 0.000346619626025207 0.0212016974978303
0 1 0.00017187031603813 0.0271249018410851 0.000179148234867923 0.0262055267349491
1 1 0.000434051465542085 0.039920376425673 0.000426372082235139 0.0398620464328945
1 0 0.000448516305472312 0.0499817564823593 0.000436335908419483 0.0503478120333929
1 1 0.00124120428727197 0.0400255591882137 0.00123366570992341 0.0398825293724238
1 0 0.000121578084429402 0.0322931485903489 0.000121008515384254 0.0326034597329144
1 0 0.000382457681309272 0.0394338104930173 0.000373325456111489 0.0408853686649738
1 1 0.000606564371183826 0.0214555222045963 0.000604637898772022 0.021044375685751
1 1 0.000483579795130601 0.0376915318111861 0.000478024660136097 0.0360656543113723
1 1 0.00118389334808206 0.0438397870327816 0.00111842274037737 0.0436751730080284
0 1 0.001955756035925 0.0385990683303718 0.00202342641451367 0.0384764537400978
1 0 0.000111524236555677 0.014364344964548 0.000110863237369371 0.0152420988419905
1 1 0.000387417866771547 0.0309045528988929 0.000386593225300575 0.0307016718705388
0 0 0.000152869066626767 0.0098999794881249 0.00016288115413545 0.00993622884205416
0 0 0.000234359042874888 0.027201625017818 0.000237164681489033 0.0273629564214616
0 0 0.000893787048142271 0.0367474883287505 0.00090922436107542 0.0372069117048189
0 0 0.000194336529034627 0.0258822651117515 0.000201823259403329 0.0262774692521445
0 1 0.000530877087874764 0.0217589427987087 0.000536678212390252 0.0217088511022155
0 0 0.000824385916575569 0.0404696585826373 0.000851420254986909 0.0420596566455008
0 0 0.000117847274822904 0.0281298091687289 0.000119561244829127 0.0289547564867602
1 0 0.000111141618842686 0.0300991147244022 0.000105384955672746 0.0305947167805011
1 1 0.000139949049902862 0.0438624236301069 0.000133201317371922 0.0435302316779564
0 1 0.000610075830457328 0.0423839408007298 0.000629999098526164 0.039462348920634
1 1 0.000376999369769077 0.0270548434512627 0.000369976019547241 0.0267696507569989
0 1 0.000201649871487653 0.0350454300794501 0.000204658149973969 0.0344594300321666
1 0 0.000893671350814677 0.027751642574754 0.000861858629993132 0.0285922675252583
0 0 0.000235993180790743 0.0137923183194988 0.000236907969771818 0.0138477803757078
1 1 0.00177472148677046 0.0294739285402803 0.00174497229257532 0.0283763600428593
0 1 0.000482492110541615 0.040159534681436 0.000483728943101097 0.0401243390741339
0 0 9.35840703585366e-05 0.0165716088164925 0.000102899009696577 0.0167118595625798
1 0 0.00201657613154703 0.0328289236793504 0.00198301188952125 0.0329224785905989
1 1 0.000672399958470595 0.0379353278695015 0.000646376220644087 0.0377375220616449
0 1 0.000319980373106082 0.0307960248530198 0.000325777165746458 0.0302451777090929
0 0 0.000253774954525318 0.00718658525898554 0.000280395878800403 0.00723988232891968
1 1 0.000232097943391075 0.025635469764869 0.000222635767293023 0.0251602509583372
1 0 0.000396460478776779 0.0289355753869334 0.000385222892391713 0.0294999140025696
0 0 0.000194485524547271 0.0290453839700448 0.000196258194786813 0.0294484575047945
0 1 0.000380998133488165 0.0297438504873267 0.000386154727197487 0.0284280393262357
0 1 0.00051545184144454 0.0359064227181016 0.000530672769816304 0.0351397958169529
1 0 0.000722694090847155 0.0236385946545891 0.000706358757725559 0.0243337506977639
1 1 0.000192726244580195 0.0312259740777877 0.000187385923141954 0.0311148633908199
1 1 0.000771154328135699 0.0339540996553248 0.000741689698298267 0.0330566024841474
0 1 0.000986185271375585 0.0361886125175377 0.000999357932344772 0.0354251358051247
0 1 0.000155839303486432 0.0284292660833418 0.000158460405198924 0.0283809830862439
0 0 0.000137440392337061 0.0335226535577874 0.000144576128012309 0.034293563071074
1 0 0.000213666369662254 0.0287567274135056 0.000205950924241131 0.0288638241241829
0 0 0.000326715341608486 0.0354245877961319 0.000332745380686587 0.0369722687241692
0 1 0.000763700796378726 0.0360935822388745 0.000786131329836046 0.0356370689864712
1 0 0.00171285805589489 0.0379818447052358 0.00168320837489992 0.0389287527670011
0 0 0.000359995738102144 0.0287396103651707 0.000369893077224664 0.0294063354504228
0 0 0.00168684052394335 0.0435912721471033 0.00177246522809189 0.0449114277815017
0 0 0.000205955505322337 0.0279144493783053 0.000207072908451054 0.0282837955211678
1 0 0.000207052540148379 0.0352941557914854 0.000204007120403759 0.0353881157275372
0 0 0.000182208259413366 0.0351118123410145 0.000183212862902414 0.0354030350822514
1 1 0.000183687887040357 0.0305441227677076 0.000180966496946201 0.0302183568803268
0 0 0.000538240948086277 0.0253274225153651 0.000546740151009261 0.0263807181972588
0 1 0.000215426493453041 0.0281615458595641 0.000215574684411078 0.0276601620651648
1 0 0.000646458775646826 0.0543844743338305 0.000633300934189326 0.0546203700069188
1 0 0.000424289230628734 0.0327761777749793 0.000400086951032902 0.0339145301232439
0 1 0.000723858947106748 0.0202132507102211 0.000728629713360025 0.0200311838420248
0 0 0.0017423984883786 0.0492437461309481 0.00176553937098207 0.04950007182548
1 1 0.000570319923243937 0.0347697259842968 0.000544530427687321 0.0334022674500542
1 1 0.000538228371456165 0.0256233361439656 0.000525879316852193 0.0248368752953544
0 0 0.000554364465904788 0.0360101776949925 0.000561000027619842 0.0368466401686767
1 1 0.000247555263003604 0.0386761217223723 0.000239599584001354 0.0379353669936332
0 0 0.000347871806090429 0.0430316835486922 0.000351203454286151 0.0452764420290675
1 0 0.000215516695039914 0.0212945382925216 0.000209806867297626 0.0214137647231309
1 0 0.00134151792388482 0.043962754686892 0.00133324668740801 0.0443885871154123
0 1 0.000655784684021263 0.0360406483935679 0.000656909331722929 0.035275271330365
0 0 0.000775582236773723 0.0420391054378061 0.000812875322168307 0.0425627283009902
0 0 0.00105313552999799 0.0271183317822812 0.00105361142799762 0.0279861185513235
0 0 4.91890116966193e-05 0.0140723367475831 4.96612855738023e-05 0.0141236956451926
1 0 0.000961880385808086 0.0285900739355384 0.000944826669592167 0.0294735795658271
0 1 0.000376772932132394 0.0291065158540183 0.000398996287573351 0.0286214043804455
0 0 0.000186868966386355 0.0223483076618362 0.00018951109536151 0.0226034574147054
0 1 0.000683902526999305 0.0440394245311312 0.000703367981795013 0.0431993478832021
1 0 0.000171252054222008 0.0343009593858003 0.000167867196775904 0.0359889599846245
1 1 0.000442530422916662 0.0410817154153475 0.000423278158094194 0.0402757671725855
1 1 0.000103508403164573 0.0307078242270162 9.93589659139113e-05 0.0304810241272052
0 0 0.000389606353846021 0.020208930491936 0.000396670910201656 0.0205919007732699
1 0 6.43321417520249e-05 0.00391597489352057 5.81872298006096e-05 0.00402429999481997
1 0 0.000418851769290126 0.0281068624984353 0.000417020779428584 0.028312851733171
0 0 0.00049761074707685 0.0327518125786802 0.000500870704223888 0.0333936379058628
0 0 0.000494687876133169 0.0447084909750216 0.000508977610773058 0.0447364060183043
1 1 0.000555280644899741 0.029370368660612 0.000550418807887306 0.0281780387200557
0 0 0.000613549166998008 0.0420194013820693 0.000613829693844635 0.0423174643582752
0 0 0.000259805454921705 0.0162403503081348 0.000260010125680756 0.01630136713446
1 0 5.37054965671653e-05 0.00686210274944812 5.29311781293736e-05 0.00691240267588747
0 0 0.00033557742953173 0.0396467409862594 0.000339702649972883 0.0396873637601128
1 0 0.0001784425196975 0.0431740047075203 0.000167112626903802 0.0446442228258169
1 1 0.000120638145399824 0.0274868137512543 0.000115369584403416 0.0266871071911689
1 1 0.000219312194133237 0.0189760039299481 0.000215556510762807 0.0187560356583776
0 0 0.000625406715103498 0.034330342905407 0.000627654161133774 0.0353707422918004
1 0 0.000313608339171733 0.0230712360700507 0.000313180035414917 0.0240080046093826
0 0 0.000829989882863636 0.0230259022469472 0.000845115001036063 0.0238997806828142
1 0 3.82621773960166e-05 0.0131340923710811 3.70745734748919e-05 0.0138324585962224
0 1 0.000281784310731235 0.0322319184489703 0.000295177007120743 0.0321506407052593
0 0 0.000178539934618777 0.0282052801244033 0.000180654210925786 0.0282077102015656
0 1 0.000561747888151519 0.034034115049131 0.000573539885670552 0.0333844492574915
1 1 7.58909510010752e-05 0.0136951582269296 7.49236200619613e-05 0.0133976965611609
1 1 0.000137262180350611 0.0380249340501021 0.000135765853416695 0.037758775761364
1 0 0.00101509350964282 0.0342276015922008 0.000979377816596275 0.0344196859952742
1 0 4.7747484307468e-05 0.0124479879448393 4.74151153396146e-05 0.0131630254816574
0 0 0.000333632531703079 0.0313105497866322 0.000374167505889496 0.0323758562393629
1 1 0.000118032095147922 0.0224020113624232 0.000112566414063496 0.0217008033625853
1 1 0.00125348664421759 0.0350881876830663 0.0012528468792062 0.034951874935393
0 1 0.000276372752095015 0.0403956752147249 0.00027712927264255 0.0398995106556079
1 0 0.000715571135066987 0.0380962816714437 0.000694704049428071 0.0383853636526897
0 1 0.000263426976291517 0.0331660552910498 0.000290868773106328 0.0315873137543294
1 1 0.000286324416271824 0.0291666504312881 0.000273373896839055 0.0282553510321824
1 1 0.000144714617116014 0.0314963492496277 0.000143379168404916 0.031077973234485
0 1 0.000352153751577794 0.032040111315433 0.000355698233493171 0.0309141763439954
0 1 0.000396467255885997 0.0415582769503287 0.000396705079112576 0.0407750069394493
1 0 0.000701754066072693 0.0448812489411962 0.00068492283391132 0.0456789075281339
1 1 0.000492484739021657 0.040156412888683 0.000487642482578743 0.0394653271843302
1 1 0.000347524014859331 0.0367194186655696 0.000346322704154495 0.0361659996710663
1 0 0.00111182976963164 0.0344053375871553 0.00108753404926417 0.0353193572849418
0 1 0.000104930316829124 0.0173956179657022 0.000107310230621835 0.0168225418699618
0 1 0.000319525784781429 0.0495400540410583 0.000333775634936237 0.0492990246677178
0 0 1.90995574217787e-05 0.0263901850222449 2.07575157251305e-05 0.0269725416171996
1 1 0.000854911841551745 0.0404023713511232 0.000851723380719481 0.0400293914749865
0 1 0.000476099589009916 0.042336083708269 0.000481267670501742 0.0420020657397275
0 0 0.000120489979745493 0.0363489944521746 0.000130443601424511 0.0369518164649465
0 1 0.000926583894534216 0.0287524114491673 0.000948008820650348 0.0285512664629495
0 1 0.000487654910012432 0.0249536727742821 0.000500722264816684 0.024856028780859
1 0 0.000305914496336988 0.0316653001310865 0.000303165351315519 0.0331511804285361
0 1 9.37620901808015e-05 0.0231237654305538 9.81944304036735e-05 0.0229836537011534
1 0 0.000232205875921637 0.0237674307529812 0.000221888843782254 0.0238137830945693
1 1 9.95456961409289e-05 0.0316270271450434 9.45022948985174e-05 0.0313028776604185
0 0 0.000243497020597213 0.0271971516112408 0.000249081098918395 0.0279246057969442
1 1 0.000287635483247269 0.0331589073421524 0.000267362536122413 0.0328128406264517
0 1 0.000746941542496988 0.0476303255232677 0.000749250615280882 0.0469486431857136
1 1 5.31237318091832e-05 0.031890872580414 5.20214906474567e-05 0.0318703476873164
0 0 0.000678440439997504 0.0369590387090899 0.000685906023903665 0.0370995910578647
1 1 0.0018548514978882 0.037517684072807 0.0018022479633709 0.0367720899539688
0 1 0.000327760927918371 0.0356866352355646 0.000333408411373565 0.0353159859380976
0 0 0.000299436360061605 0.0497540900549082 0.000314816584537909 0.0501914343152201
1 1 0.00154538430249854 0.0376091402608096 0.00152652652945717 0.0372220830331851
0 1 0.000590693332899197 0.0390477906563167 0.000595474429771419 0.0383022856992704
1 0 7.86682363556834e-05 0.0186194662388721 7.80418796667421e-05 0.0194891331728245
0 1 0.000180538489610103 0.021199127422009 0.000182377019265829 0.021159781353954
1 0 0.0007833727079479 0.0317120341230894 0.000771217836010372 0.0322668167736955
0 0 0.000175443328079672 0.033783132440191 0.000176791475618538 0.0349897491055134
0 1 0.000316824999256054 0.033876650619453 0.000318922264731334 0.0338696301351888
0 1 0.000241867268877299 0.0139446401286076 0.000249114157352642 0.0137835949765263
1 0 0.0010159434214301 0.0403647322821323 0.000968315959857807 0.0412142872809516
0 1 0.000236779937788073 0.0176582490636313 0.000253265951744337 0.016018954813963
0 0 0.000595671040133198 0.0283830655928327 0.000603569932478763 0.0288216139198368
1 0 0.00065913758096012 0.03356981883705 0.000643809216008144 0.0345651105256503
0 1 0.000194900067586342 0.0159041967764086 0.000210236989854634 0.014696499015568
0 0 0.000524357481660727 0.0367435142011424 0.000537755984502988 0.0368516518694676
0 1 0.000126049405134028 0.026597116511211 0.000146542138506919 0.0258119310443852
0 0 0.000430905510591713 0.0308890909807777 0.000455446084374374 0.0309218542776288
1 0 0.0006058918023185 0.0332908452307524 0.000600981953094629 0.033692469225308
0 0 0.00047437465767201 0.0359379922666416 0.000486297047067823 0.0373435202128103
1 0 0.000268657864366643 0.0318507377861914 0.000265445909575864 0.0324324387910356
0 0 0.000307895123993295 0.034943654380471 0.000308270653783312 0.0350545513135729
1 0 0.000604288284406066 0.0374014380285768 0.000599508222688374 0.0386382805677346
0 1 0.000425575688123539 0.0401096162754355 0.000430618664976459 0.0387992161060582
0 0 0.000231874792495675 0.0414579112432817 0.000242796820224599 0.041484007513442
0 1 0.000627460691611152 0.0350564746274475 0.000653524568581989 0.0350121927665332
1 1 6.27201964256613e-05 0.0109754008620939 6.07468312754924e-05 0.010756248357279
0 0 0.000274116924010437 0.0284560520942345 0.000282777908268763 0.0293245190821972
1 0 0.000638952537454561 0.0349413173682924 0.00063786593614393 0.0351825959697347
0 0 0.000167685359750553 0.0270737601580635 0.000172189234065302 0.0274493003136416
1 0 0.00013758344257083 0.0240936976682189 0.000132912181081483 0.024467111010551
1 1 0.000454841235999573 0.0230203892723721 0.000425117882363437 0.0228573735270814
0 1 7.3370269119892e-05 0.0274657729732501 7.79354993587659e-05 0.027396527387394
0 1 0.00076720767164984 0.0315909544511993 0.000769785128441799 0.0311259827143976
1 0 0.0005409081172844 0.0305459961835565 0.000511359937023537 0.0309132763615871
1 0 0.000514239121606942 0.0325977353866639 0.000505069726492439 0.0328258982999342
0 0 0.00031810873515354 0.0151827027613431 0.000336999222339126 0.0155888042620696
0 1 0.000215695755635788 0.0310085133019723 0.000241254272128311 0.0307497644584438
1 0 0.00149434592624061 0.0500663051441883 0.00149246120931553 0.0510905560044566
0 0 0.000518652517806123 0.0360019009004116 0.000543583571654901 0.0362141897387499
1 0 0.000564279341989641 0.0426989223843845 0.000539312081715446 0.0437957198934628
0 0 0.000177637912409927 0.0172378692027157 0.000177787414334718 0.017624664778536
0 1 0.000209227637578033 0.0287197536777187 0.000213468651032377 0.0273243405127125
0 1 0.0002248507314299 0.0371041375568154 0.000233921130021652 0.0355565325180022
1 0 0.000297685011161675 0.0211387843244537 0.000294952767616444 0.0216937297913715
1 1 0.000396572857141018 0.0325329804040739 0.000391214792751592 0.0324520398809443
1 1 0.000603559103564769 0.0276078715419722 0.000587520290965546 0.0275075985382376
1 0 0.000539702024418632 0.035123487383449 0.000533235606374054 0.0356304122213533
0 1 0.000593191347474723 0.0301575962971772 0.000610950405439164 0.0296460578247287
0 1 0.000805438920494464 0.0483381877107472 0.000807603533848816 0.0477898001132369
0 0 0.000158578436943438 0.0284020083152585 0.000160009836810533 0.0300921368886567
1 0 0.000120188767117126 0.0140206101724429 0.000108472823986025 0.0140243763335157
0 0 8.43572210425644e-05 0.00332344009656611 8.5058285483829e-05 0.00354942738936283
0 0 0.000201511582068895 0.0241144194330285 0.000201787314175598 0.0244925121157912
1 0 0.000214914643556529 0.0341295577227921 0.00021450844882716 0.0342580112377519
1 1 0.000297377524819084 0.0311848036623477 0.000296660363594502 0.0310049569827906
1 0 0.000142910904013659 0.0347797836039654 0.000138815789322007 0.0356230572405699
0 1 0.000547680979846448 0.0187581039667845 0.000561908395957044 0.0176904106027352
0 1 0.000224660139778696 0.0250412534644061 0.000229787859888656 0.0250072129011211
0 0 0.000189083813257078 0.0373890404881123 0.000191247518003645 0.0382437271672933
1 1 0.000616853923816532 0.0349694480108083 0.000595429643046796 0.0349653653208057
0 0 0.00037865821896405 0.0225813244161854 0.000388918537646487 0.0227781879889543
0 1 0.000312771336548581 0.0297739310990313 0.000312996178058115 0.0288307435795174
0 0 0.000296747930987359 0.024003341027673 0.000301520862471627 0.0242955876838895
1 0 2.14139038114987e-05 0.0370839882745004 1.98773568141605e-05 0.0373167338566754
1 0 0.000165861231456115 0.0271042453890665 0.00016067305133576 0.0275092114029512
0 0 0.00234316174285725 0.0393795624575349 0.002411920643654 0.0410983600019703
1 0 0.000394953359240829 0.0421445245248998 0.000387328822740647 0.0424388034286411
0 1 0.000192393728686867 0.0323403936488583 0.000203107615467956 0.0317649428229879
1 1 0.000227822073658675 0.0325725150883083 0.000225194616472489 0.0317517158935147
1 0 0.000164482961756349 0.0238799695122539 0.000163172005145228 0.0243414598173266
1 0 0.00013396007586544 0.0144687004955223 0.000124908327895148 0.0145401500228911
0 1 0.000293709723592217 0.0300581649402531 0.000312268947906329 0.0288963442703481
0 0 0.00015906755652396 0.0437606924008823 0.000161180581533668 0.0437817439046308
0 1 0.00062789520153017 0.0290442642340677 0.000634520388182729 0.0279082771068222
1 1 0.000417871929769287 0.0355540033436212 0.00041216498586254 0.0339135762972986
1 1 0.00016538459972241 0.0367873028178539 0.000161189835291611 0.0363522356724363
0 0 0.000554014104933175 0.0311631339758348 0.000558124687430119 0.0318068709801136
0 0 0.000165025188452838 0.0215845992549721 0.000170123615155156 0.0220901165420419
0 0 0.00093655549549403 0.0346177211354308 0.000962423714052613 0.0352643106309597
0 1 0.000330381147391376 0.0263916678978855 0.000335064341570232 0.025871742164866
1 0 0.000202076987458219 0.0295519968285299 0.000192559020668971 0.0305123887895723
1 0 0.000652920221172168 0.0328060511667729 0.000638785422025695 0.0344007874741193
1 1 0.0011630728359851 0.0219308693618163 0.00115943364891669 0.0209698445614417
1 0 0.000118584779117399 0.036307397992775 0.000116947885709792 0.036397773679069
1 1 0.000349314088649127 0.0302758952063364 0.000347507151471764 0.0297320585525816
1 1 5.44756412940543e-05 0.0330863840015995 5.35211672852235e-05 0.0329774405704662
1 0 8.70082987704882e-05 0.0165051458168601 8.64432073770839e-05 0.0167811248601431
0 1 0.000190125134262289 0.0248487226572141 0.000199481527267993 0.0245463118077855
0 1 0.000629668922526546 0.033561677717355 0.000631550956600061 0.0335598222073234
0 1 0.000825801763959958 0.0386597711536285 0.000837542868395971 0.0380794197251341
1 1 0.00178750596805446 0.0397627697185529 0.00170772129738018 0.0394258180953754
1 1 0.000165309130925901 0.0377608291215766 0.000158727879202814 0.0376745554588363
1 0 0.000519594590148544 0.0374885675642935 0.000510414982019325 0.0377707941704981
1 0 0.000504718508434347 0.0388450266095454 0.000462563904311598 0.040249121822982
0 1 0.000336710463900844 0.0377353487757343 0.00034317488636774 0.0373072796301972
0 0 0.00172311180312628 0.0374662738652091 0.00173342466751501 0.0375779306599629
1 1 0.000121846469959907 0.0149138601356085 0.000113319730294639 0.0143413912903183
0 0 0.000195846031376539 0.00527431049940198 0.000218731253855757 0.00550774543160798
0 1 0.000314891063287756 0.020659321856486 0.000321278963823901 0.020445087415219
0 1 0.000573512315480073 0.0231877668238239 0.000587064741199762 0.0228909461587359
1 0 0.000735336686336305 0.0353823974052111 0.000710814936133559 0.0359306480329366
0 1 0.000768724929547299 0.0329816285988192 0.000806807326922097 0.0325694310378459
0 0 0.000387545763406732 0.0298967725011472 0.000397244510063074 0.0304742863320351
0 1 0.000274824006779049 0.0299919697578847 0.000278760964534197 0.0287877035769823
0 1 0.000407264761008734 0.0450634692809356 0.0004090322984387 0.0443197828524005
0 0 0.000233460358319612 0.0274842567509179 0.000240121345277037 0.0281161424004699
1 0 0.00123746442716771 0.0339224269103284 0.00123009884595938 0.0345313416183631
1 1 0.000396793947557294 0.0215548729102511 0.000368248190706574 0.0211641371134136
1 0 0.00118410981471777 0.0294661047181134 0.00113743987754929 0.0301121161650822
1 1 0.000500646048816318 0.0271208155679103 0.000472822012250244 0.0264047566943292
1 1 0.000228700817714037 0.0254256537529164 0.000221864258803088 0.0251637930327255
1 1 0.000140874977875283 0.0390856084259707 0.000139327269300594 0.0388464823061243
1 1 0.000890206759423024 0.0373982754060469 0.000881245581697229 0.0353848412445849
1 1 0.00022808474286549 0.0323390904601393 0.000207986430488421 0.031645041354422
0 1 0.000263021190141471 0.0326900970260036 0.000270036916638987 0.0323424525901066
1 1 0.000187212530960285 0.0266275907635145 0.000181841373117705 0.0265500770107405
0 1 0.000671230869642929 0.0304273250653175 0.000687539369939276 0.030386576594674
0 1 0.000429295890319717 0.043418192649383 0.000432976203151241 0.0425059784767785
0 1 0.000177169366360652 0.0126903712048265 0.000180024076048503 0.0123316920223403
0 0 0.000416393831627743 0.0321842162401846 0.000425995867804362 0.0323687185688011
1 1 0.000323434608381513 0.0338249654428347 0.000315747661892656 0.0333582233536224
1 0 0.000378276602194116 0.0344089345898521 0.000367374359323881 0.0351393245591863
0 1 0.0006429053668545 0.0415572777062305 0.000670592894672562 0.0404755733430929
1 1 8.98365201229569e-05 0.0229377278113315 8.66674173989728e-05 0.0220934877490731
0 0 0.000946866749652769 0.0337836480486453 0.000963177675817381 0.034122021947817
1 0 0.000332948650707493 0.0191587047486767 0.000316071481707049 0.02009326877771
1 1 0.00017040392125856 0.0176269667622741 0.00016770298632458 0.0175498584071009
0 0 0.000116605575787052 0.011822690947471 0.000117878158567585 0.0119878461595983
1 1 0.000234700409306923 0.0303935878462258 0.00023405246272035 0.0294817925728219
1 1 0.000568557731965494 0.0398895448461727 0.000542671630863234 0.039412329981668
1 0 4.91663787636234e-05 0.0240572863613539 4.34737903609263e-05 0.0242133129060998
1 1 0.000125179988210881 0.00913865248370377 0.000121012943541469 0.00910357618065434
1 0 0.000331493290087389 0.0274738556322139 0.000318260596679073 0.0277097783353702
1 1 0.000934529353054431 0.0464225788382833 0.000908653862585667 0.0459717213290119
0 0 8.01926014447801e-05 0.021666726833821 8.69283362857781e-05 0.0222449984061918
0 0 0.000310187611251619 0.0320845370449033 0.000318101658937239 0.0324626644566658
1 0 6.37577805844956e-05 0.00994037847226067 6.14693053186674e-05 0.010010373529299
0 0 0.000865176534468529 0.041346220732577 0.000867119245057065 0.0419553523143584
1 1 0.00106483475275417 0.0380868862633552 0.00103743031988495 0.0370658406616121
1 0 0.000643268480292845 0.0330889368116799 0.000632929685976393 0.0335609750266026
1 1 0.000244537857176549 0.034005070765949 0.00023831260845585 0.0338127513070954
1 1 0.000379577605832155 0.0294007048450597 0.000360713690027702 0.0286475536596754
0 0 0.000363686132450135 0.0325101409709613 0.000365838795143337 0.0325640724158903
0 0 0.000227764582647319 0.0336812509281587 0.000241681007082775 0.0338913642815948
0 1 1.74428964059103e-06 0.000522350620800825 2.52988379565755e-06 0.000512915106320398
0 1 0.000296118478211618 0.0333486835406625 0.000302604213943731 0.0332450587258546
1 0 0.00120301772213462 0.036837749553661 0.00119578647454143 0.037664509192582
0 1 0.000231356476923194 0.0280948378269975 0.00023798257034837 0.0273279922614267
0 0 0.000391078524426057 0.0364112119946946 0.000402935368962092 0.0368779587497706
0 0 0.000457403166887736 0.0316211516512815 0.000483683264134518 0.0321124087357312
0 1 0.000229732584559334 0.0278617911646008 0.000242087754178353 0.027572243672416
1 0 0.000115104769848746 0.0160317435789367 0.000111481320646367 0.0162317899915479
1 0 0.0012610798831511 0.0372376170598481 0.00121982394551451 0.037274005489344
1 0 8.2029113154711e-05 0.00421623111922561 7.13413332694306e-05 0.00427896284843675
0 1 0.00010110261022009 0.0308978727681268 0.000104326071930937 0.0301893863770843
1 0 0.000773617359546797 0.0475872939098213 0.000772704230701495 0.0477474347365622
1 0 0.000255879813342336 0.025202982280516 0.00024566730268861 0.0255570506611659
0 0 0.00010319893661231 0.0323419831139264 0.00010329788394989 0.0324233850132535
1 1 9.25953868221455e-05 0.0345275314091584 8.82052570239781e-05 0.0344994572233595
0 1 5.26136051378655e-05 0.0313965964827015 5.7602550307388e-05 0.0298824113695427
1 0 0.000879242751339528 0.0318944039776778 0.000868151995178076 0.0325186495740816
1 1 0.000701927210106958 0.012834551342837 0.00067470397572445 0.0128037951651888
0 0 0.000779506379859175 0.0359207004728316 0.000804005420939001 0.0375864714797249
1 1 0.000449519609867727 0.0322578032133689 0.000435268196447935 0.0319603353781787
0 1 0.00107761174646012 0.0377887356095135 0.00109682369070651 0.0377005518498369
1 0 0.000434728702496022 0.0215934375036155 0.000426919966442841 0.0223544193479854
0 0 0.00013265295481667 0.0267957897634039 0.000133947193077288 0.0275848409572334
0 0 0.000670155589078245 0.035146316732506 0.000670523012433497 0.0352656897913433
1 1 0.00106929467465582 0.0309722428628494 0.00104984723173433 0.0308812371439382
1 1 0.000384252502869548 0.0395915153941477 0.000366765432475235 0.0384884771353234
1 0 0.000112113984912693 0.0440629003556001 0.000111227872282611 0.0451201634154757
0 0 9.05494043283527e-05 0.0354924334317201 9.35710089243136e-05 0.0358709250685283
0 0 0.000240598623661607 0.0352989543714906 0.000240883175688389 0.0360779116138728
1 0 0.000309068033771567 0.0325382363859274 0.000304531072279356 0.032987242449989
1 1 4.64890521820572e-05 0.025633775596295 4.42272845588089e-05 0.0255249295835877
1 0 0.000163168941655874 0.0241466358917098 0.000156961273819567 0.0248025426163114
1 0 0.000635064759636701 0.0424419295039565 0.000625682287698736 0.042469783106341
0 1 0.000136149284080204 0.03039304911118 0.000148202832859578 0.0295125052356985
0 1 0.00147360966788644 0.0471066770295551 0.00148382808296298 0.0454479020904851
0 0 6.37592563886737e-05 0.00579924857076675 6.98695153509848e-05 0.00584869734680973
0 0 0.000158254295401077 0.00641172716743803 0.000163496278405653 0.00672543180476942
1 1 0.000652513355403937 0.0315054194219025 0.000644764136880349 0.0298312227941277
0 0 0.000754452921099875 0.0214978903549712 0.000789654064649281 0.0218216190689224
1 1 0.000411520328259534 0.0457696337355142 0.000385295556244057 0.0444793907212065
1 1 0.000148403343565452 0.0188576019348688 0.000129790515136446 0.0182279928351918
0 1 0.000529207181633291 0.0322395981812827 0.000537177140643147 0.0311166852475332
1 0 0.00024263545389374 0.03687405529464 0.000241170668930856 0.037046926425025
1 1 0.000543523840045429 0.0301031545854718 0.000525087949783962 0.0299765751493318
1 1 0.000457254815893122 0.0404954149105007 0.000450082427039553 0.0399531448738786
1 0 0.000415344455811979 0.0493921926234535 0.000411333753263068 0.0503793088036899
0 0 0.000201218223166747 0.0238599537733357 0.000228231131061015 0.0239274280693313
1 0 0.00107054941803688 0.0368462926849148 0.00103662358859096 0.0376706000528289
1 1 0.000247396728451588 0.0372500568600916 0.000242989249744111 0.0372427800589819
1 0 0.000169738733892364 0.016132140827855 0.000161134809575225 0.016244985348444
1 0 9.1036488164061e-05 0.0301565372034667 8.89490323582133e-05 0.0305014454897584
1 1 0.000946310280453772 0.039311002296203 0.000929205100834019 0.0385180678617941
0 0 0.000161128336611351 0.0211098305299547 0.000165675860827821 0.0215299867081063
0 1 0.00108876611308881 0.045357434070284 0.00111304530977442 0.0435844350732785
1 0 0.000244281330364851 0.0257306656104871 0.000233599198442719 0.0263012980912349
0 1 0.00105304347912546 0.0469236178038263 0.00106187557056414 0.0464709826942668
0 1 0.000983713951392692 0.0379333792160309 0.000991337989732358 0.0374500484861951
1 0 0.000283766274569107 0.0318472565319173 0.000278632548355764 0.0320319796048352
1 1 0.000316479032831868 0.0459019466327283 0.000313132756725183 0.045458110956288
1 0 0.00024514125612274 0.0185584428392648 0.000243599041555757 0.0192341134073953
1 0 0.000922652204374276 0.0419527903686956 0.000907999132484349 0.0428098544393087
1 0 0.000301694754239963 0.0144039722521333 0.000290129331272213 0.0150501899667026
0 0 0.000285691984399565 0.0212953827202392 0.000303578404187061 0.0222152911945523
0 1 0.000189115595441195 0.0289787107079681 0.000191410182478765 0.027744977056426
0 1 0.000567985502651209 0.0424665267706384 0.000579848303867207 0.042437407269917
1 1 0.000549744194042655 0.0417565889999448 0.000520906841155573 0.0412274419495851
0 1 0.000243926906452181 0.0353937256476036 0.000256738464188657 0.0345672909601054
1 0 0.000588041245536181 0.0255488320829915 0.000586258747700063 0.0259542683439872
0 1 0.000232375273827902 0.0366454432204196 0.000235839979002617 0.0352621069786303
1 1 0.000797979639221812 0.0295229451476572 0.00079098995935346 0.0294707810662091
0 0 0.000504073341164855 0.0194573377836904 0.000515047015565627 0.0200638893918549
1 0 0.000696766623659242 0.0333205742325224 0.000692901998044189 0.0344988690885119
0 1 0.000608876737051224 0.0278003993743493 0.000622460406361218 0.0272646424076541
0 1 0.000479261357106793 0.0234894875594073 0.000508564450484948 0.0220257957290275
1 0 0.00114740916760759 0.0328308609662903 0.00110806140105608 0.0334271221590757
0 1 7.70078674489997e-05 0.00705658515372743 7.73847236781735e-05 0.00703874263708682
0 0 0.000417726970902563 0.0354125581892684 0.000417915511893492 0.0363264907873073
0 1 0.000344046572655754 0.0297557452963416 0.000372206086879201 0.0290907159770891
0 0 0.000721410086658115 0.0316883798067048 0.000726935655435835 0.0320681506722599
1 0 9.90403575424515e-05 0.0337686144215286 9.40859204834089e-05 0.0343704588651428
0 1 0.000151942984690016 0.0308572593727991 0.000157994410228515 0.0298524961727885
0 0 0.000145928860796724 0.0157225939488636 0.000147869556019039 0.0161714960418273
1 0 0.0012029478779145 0.0291881817095962 0.0011799792015044 0.0293707705918224
1 0 6.72746447476958e-05 0.0177063343494339 6.39658512233256e-05 0.017925846233242
1 1 0.000330736033584489 0.0138620928222941 0.000326266231201304 0.0131524058150733
1 1 0.000182576209635122 0.0149464257265832 0.000179391277037445 0.0148374141367361
1 0 5.64867677380286e-05 0.0132097739647118 5.34401073863118e-05 0.0132481775610971
0 1 0.000498884022263127 0.0375115406015769 0.00050464573760828 0.0368229390778289
0 1 8.81374967154385e-05 0.0251083636389611 9.79419839607267e-05 0.0250702414606425
1 0 0.000900568648985911 0.0311053214786005 0.000894465694603198 0.0315700785295712
1 0 6.55096917427987e-05 0.0211258676286365 6.27528761058895e-05 0.0211396889992003
0 1 0.00028777145169348 0.0210164891771582 0.000316523395846013 0.0203340489411256
1 0 0.000452318288283542 0.0368740594933429 0.000437689823042222 0.0370537557998786
0 0 0.000472758956389353 0.0330536501914855 0.0004792425228382 0.0342513130381881
0 0 1.50148985901934e-05 0.0233707890252793 1.59073937304174e-05 0.0235833725548199
0 0 9.26127318635484e-05 0.0314280264248019 9.51970320380781e-05 0.0329777351053889
1 1 0.000665701034336528 0.0312594260132688 0.000658601411507692 0.0309353752693447
0 1 0.00011007846660086 0.0272169760995439 0.000111101755822464 0.0263536457756295
1 0 0.000406168359167716 0.021327396370571 0.000401499145956563 0.0214304919385057
1 0 0.00105935280078319 0.0495518288588723 0.000989379839676241 0.0498391851600625
1 0 0.000539820639253963 0.0260160506506012 0.000524820608858868 0.0262110061213371
0 0 0.000255413149557749 0.0302959280786021 0.000264086711994992 0.0305280700885714
1 1 0.000283510738978494 0.0455357782717588 0.000259529488157092 0.0447690958583853
0 1 9.65277480868929e-05 0.0345210177801895 0.000109628873657706 0.0333384353974715
1 1 0.000539066495269448 0.0379290423466577 0.000511673741727401 0.0368253488609879
1 0 0.000115019581067105 0.0437554027979791 0.000113869491205007 0.0443096963657899
1 0 5.60431497913796e-05 0.0312828563588553 5.34823094200019e-05 0.0318077287557202
1 0 0.000252751351825129 0.0130728233918494 0.000250797856062024 0.0134872656416887
1 0 0.00093025695793664 0.0340360451027082 0.000885319435090376 0.0346944145301823
0 1 0.000132642004815626 0.0389228344341213 0.000141484030033455 0.0381836339401091
0 0 0.000157742918029088 0.032696780449248 0.000165477287230388 0.0333603573345909
0 0 0.000240691299570283 0.0260606296829039 0.000242885586112765 0.0269294301824197
0 0 0.000529629084745581 0.0293731282727836 0.000532537237991144 0.0299648217143422
1 1 0.0011920041028702 0.0375179948724005 0.00116623215760825 0.0367162408004703
0 1 0.00101843866349617 0.0443905324496056 0.00102032484333476 0.0427132323971406
1 1 0.000730090830896767 0.0218129556414494 0.000688754028612726 0.0213028862070655
1 1 0.000723386235304144 0.0213014965483724 0.000693544520754314 0.0211972282564511
1 1 0.000454484897406141 0.0239647157008578 0.000440322250931497 0.0232989115388645
0 1 0.00100616475356072 0.034212623493853 0.0010062028700949 0.0317612194537574
0 0 0.000235603003125817 0.0314719749016983 0.000236047252148102 0.0319968948836436
0 0 0.000112026463817555 0.028993358615399 0.000113138717068618 0.0295814728197532
1 0 0.000812203701413963 0.0325351853114542 0.000794638442853681 0.0326826210755847
1 1 0.000741373906170826 0.036017460076895 0.00072799510713343 0.0349530502936729
1 1 0.000927497577555476 0.0374175224547039 0.000910522093493844 0.0366644711316104
1 1 0.000263525341882493 0.0483280325100341 0.000258361096594116 0.0476291070999546
1 1 4.27759977893884e-05 0.0382012464789716 4.13925329168683e-05 0.0374773443527729
0 0 0.00112024111022696 0.0372544357408171 0.00114438349438058 0.0378134872542494
0 0 0.000505604930077663 0.0345514391502431 0.000540606878590923 0.0351687961116574
1 0 0.000805554040171394 0.0410224844536268 0.000802486292000735 0.0415876028368976
1 0 0.000319017681855569 0.0297658869764936 0.000312050270801464 0.0302273757262692
1 0 0.000399207837291392 0.0359450088347742 0.000378236099545358 0.0359589772660746
0 0 5.53569789044178e-05 0.0274030955877934 5.92095632239105e-05 0.0276253905500372
1 1 0.000221047017949988 0.0331124664509932 0.000214208418624327 0.0329888722069287
1 1 0.000522107505101379 0.0299606408542558 0.000510420844434296 0.0297176845874625
0 0 0.00270879315326708 0.0492600781092629 0.00276473025310344 0.0500071498141008
1 0 0.000299330106948091 0.0431042738223332 0.00029504285845744 0.0432173639092738
0 1 0.000235172157829602 0.0352334515234494 0.000239300614386146 0.0348258244763367
1 1 6.91558965030885e-06 0.000401505945302791 6.7226789362044e-06 0.000400793560228562
1 0 0.000342006914555202 0.034638250985626 0.000335153790594173 0.035071248422221
0 0 0.000169537285516266 0.0191453831103239 0.000178796692260147 0.0200817248806842
1 1 0.000125142422565398 0.0224838867816623 0.000125082245700972 0.0215708005544235
0 1 0.000543188195652906 0.0328740505158481 0.000556965928175694 0.0326549693158168
1 1 0.000329213075026075 0.0299957406266089 0.000322403604266532 0.0299502129854105
0 0 0.000353805981364563 0.0219240818125672 0.000354449128435063 0.0221339220615761
1 1 0.000311846223218176 0.0423214461774933 0.000308131464616165 0.0409244853977679
0 0 0.000504605787160546 0.032123670306358 0.000505681491688648 0.0323320618242543
0 0 0.000298921497069508 0.0271301741505632 0.000328767451912129 0.0274141685036202
0 0 0.000456778609951969 0.015566358125395 0.000461293902694867 0.0157826508813967
1 1 9.86242045823705e-05 0.0305601504631841 9.6330858346372e-05 0.0300128235218722
0 1 0.000452119497912186 0.0344182493283124 0.000453986481506956 0.0338565103652312
1 0 0.000289858920054106 0.029391506877467 0.000289202475141569 0.0296805076376016
0 0 0.000376643230427904 0.0316205941539493 0.000386400633356018 0.0336649639321492
1 1 0.000682665544328528 0.0402954997583921 0.000646078865148039 0.0397989285863785
0 1 0.000250701946902541 0.020987539834251 0.000253580294517188 0.0207566732520938
0 1 0.00182454593386523 0.0421660802003221 0.00183533645868522 0.041632673981638
1 1 0.000292018161650836 0.0458916405388582 0.000274228620720786 0.0456459431025783
0 0 0.00160883562648421 0.0430134626386407 0.00166924755198566 0.0431462940721134
1 0 0.000427391821935899 0.0318060648760096 0.000414614480255919 0.0322650820082041
0 1 0.00036902281656548 0.0323200068094943 0.000372514125778065 0.031857293204044
0 1 0.000478210711823825 0.033750253340391 0.000491127660627598 0.0336668766717997
1 0 0.000199739063553054 0.0177682054357575 0.000197513018863877 0.0188019739997713
0 0 0.000797065211183183 0.0387975940455915 0.000798758891431572 0.0394199853150751
1 0 0.00042564238968404 0.0269721482254942 0.000405635093773555 0.0270109930478437
1 1 0.000644373217978453 0.0296403129773984 0.000614152547596604 0.0286713095213145
1 1 0.000255751252768853 0.0261115237766434 0.000237300910461146 0.0249747969226785
1 1 0.000539472111206799 0.0332079475745472 0.000520569647546595 0.0317205536439278
1 1 0.00190578756183939 0.0491018930714157 0.00190411317230929 0.0487947108167332
1 0 0.000431405143933404 0.0296074671513114 0.000408931401648807 0.0299480244633012
1 1 0.000931935990411803 0.0447948044502937 0.000926124797094427 0.043553826376149
0 1 0.000728005192662175 0.0210700627676256 0.0007806833001596 0.01991421477536
0 0 0.000698027936158691 0.0215768238307124 0.000707436794614048 0.022315004282849
0 0 0.000333812858087021 0.0315249183392244 0.000340035699669611 0.0324916828759764
1 1 0.00021346789869678 0.0305351433532535 0.000213321391975996 0.0304104780137993
1 1 0.000215461633886521 0.0341424611781615 0.000209592600619601 0.0337875488060463
1 1 0.00013467148016652 0.017641491350064 0.000133682224267008 0.0170554045126553
1 0 0.000674775625212706 0.0228425379396546 0.000669576250712651 0.0244342613618642
0 1 0.000728718659715493 0.0332956129670056 0.00073002508182966 0.0327502809730748
1 1 0.000700635051286154 0.015251764401496 0.000687907659772949 0.015118559145559
1 1 3.53546434903017e-05 0.0146254709714335 3.19115382264729e-05 0.0143443886066202
0 1 0.000132591229112877 0.0284639849161607 0.000137126132081834 0.0283918022313434
0 0 0.00092757276891531 0.0344459043112504 0.000956422298374531 0.0349652066962685
1 0 0.00102758808069984 0.0322250978941627 0.00102511781823517 0.0327778927594276
1 1 0.000474763668771968 0.026142041665625 0.000451818569916662 0.0254140855368118
1 1 7.17940062180413e-05 0.02046200765733 6.66619212790579e-05 0.0204053427892865
0 0 0.000277512700709776 0.0325495383915685 0.00030609622600824 0.0330474584079447
0 0 0.000223231560586629 0.0309099501572165 0.000233211864413421 0.0319496717366543
0 1 0.000714665338519591 0.0191094740546651 0.000728090978487153 0.0190621829659962
0 1 0.000618185723619404 0.0375752866477008 0.000627497920933776 0.0360985480793032
1 1 0.000188979088911202 0.0435038221723892 0.000184101782905683 0.0434830909724555
1 1 0.000114155539077906 0.0209212488720229 0.000111282881148672 0.0208361594080507
0 1 0.000731856787754788 0.0329474003117929 0.000755079453382826 0.0325796788614969
1 0 0.00053260594024686 0.0334635938657414 0.000532178354582658 0.033546031368992
1 0 0.000563865200375097 0.0322624988426378 0.000552804084653769 0.0332758489145111
0 1 0.00011560433513237 0.0182812772262153 0.000118258933440942 0.018242887725818
1 1 0.000421300056665023 0.0380157952181785 0.000413406905222353 0.0378500322758867
1 0 6.09892077156968e-05 0.0371161081401041 5.83878323113316e-05 0.0380332507861134
1 0 0.00102120711187652 0.0250331379928756 0.00100276099579954 0.0251314781731722
1 0 0.000327286150104998 0.0240847031157712 0.000321021881041694 0.0249616329115916
0 0 6.08921064635767e-05 0.0238744226530607 6.5223722266601e-05 0.0242296752674565
1 0 0.000412919348407148 0.0279716788912289 0.000412145253224568 0.029898587497705
0 1 0.00192285471660431 0.0378986892842901 0.00194536678760268 0.0378732954636749
1 1 0.000563787314049269 0.0379891589963978 0.000557178461057341 0.0370825835511367
1 0 0.000541910355363729 0.0341001248203266 0.000515417721012392 0.0349534575426819
1 0 0.000632252630039298 0.0347006052078009 0.000629682589354313 0.0350487636818448
0 0 0.000591041804792603 0.0387663270541117 0.00061280052754448 0.0393031675906353
0 1 0.000896568599655478 0.0368458254089264 0.000935149806117518 0.0365400033283383
0 1 0.000311548673344927 0.0317600782807123 0.000314111965290133 0.0309648597756469
1 0 0.00039558190375883 0.0161125901922655 0.000390170496675944 0.0167807460330348
0 0 0.000102528356592316 0.025010571976564 0.000105628740375247 0.0257387447826877
1 1 0.000771132999866842 0.0269300856048233 0.000750457096337151 0.0259621962831264
0 1 0.00106864359255179 0.0415102076530388 0.00110062592387016 0.0410699126318642
0 1 0.000907877940711997 0.048819523486865 0.000913597432676557 0.0470234609145614
1 1 0.000121817941453191 0.0296242666306546 0.000113640837699984 0.0293475149146067
1 1 0.000621308835981829 0.0441943263377495 0.000620680238207643 0.0431511590899872
0 0 0.000216726677633337 0.0189995021179157 0.000220527432683366 0.0197014515423839
1 1 7.33614154277994e-05 0.031323968873432 6.79060804784532e-05 0.0311093483217992
1 1 9.27503682746147e-05 0.016658809270816 8.8652712842572e-05 0.0158239233609525
0 0 0.000537688843903428 0.0172390693484693 0.000538185052463446 0.0176000601886658
0 1 0.000466540469378345 0.0266094114313268 0.000485236691244837 0.0254934620797549
1 0 0.00112223489430558 0.038677425792767 0.00109539821067922 0.0388337587931801
0 1 0.000340145140340302 0.0384257205755477 0.000349101333522791 0.0360702610586553
0 0 0.0006446499982762 0.0321007266756465 0.000672958578469882 0.0325200574004109
1 1 9.68924131005311e-05 0.0157825784866322 9.38961872144166e-05 0.0155129084277548
1 1 0.000186297757293429 0.0346943181554611 0.000182039332051027 0.0340955009024262
0 0 0.000852536467415658 0.0249863670786752 0.000863785951098586 0.0254022486489588
0 0 0.000110434960743858 0.0190346086817821 0.000112463801633968 0.0197839264752948
1 1 0.000447744739802482 0.0288792152042506 0.000444852453865658 0.0287968117767983
0 1 0.00055318229957488 0.0434918290435086 0.000557544129960018 0.0427974591854785
0 1 0.000438245653043214 0.0274812121932968 0.000443321832785202 0.0269167773720504
0 0 0.000155499304823914 0.0417323359191981 0.00016215260397503 0.0423256083573335
1 0 0.00105384863819578 0.0272465257218514 0.0010408557393768 0.0275867109321563
0 0 7.62679014192225e-05 0.0250039487474968 7.82952041917922e-05 0.0251342679403709
1 0 0.000753369648768936 0.0350577068039985 0.000741995204706886 0.0351816386846236
1 0 0.000255178561172685 0.0275859984029848 0.000249161524856145 0.0276195408310702
0 1 0.000108832779122871 0.0195070491001875 0.000125377573082685 0.0191901837783479
1 1 0.000500151491727492 0.0358062802747736 0.000488419954300019 0.0353653764248742
1 0 0.000119017181310599 0.00797754239131365 0.000106507860321868 0.00830255572725142
1 1 0.000339299946230653 0.00629136366669118 0.000302613612925315 0.00598065409288339
0 1 0.000311127706179615 0.00962656354769114 0.000332970323101559 0.00905801635274734
1 0 3.89950003554478e-05 0.0294701539347776 3.73704161357043e-05 0.0298537874142934
0 0 1.99601309259063e-05 0.00966406154160186 2.14630162631717e-05 0.00991320229105165
1 1 0.000391761721441694 0.0276234241676032 0.000385066244721529 0.0273728863867732
0 1 0.000281499299631936 0.0365428596099129 0.000294428955406776 0.0345424142251546
0 0 0.000641909898715229 0.0252046829674476 0.000669674045433819 0.0278121363101458
0 1 0.000205609865883155 0.0268043527928366 0.000217029049778584 0.0260439054594983
0 0 0.000215265222333127 0.0338552004754646 0.000219716387002613 0.0339773448410049
0 1 0.000636684389436382 0.0377102708230273 0.000639435967102591 0.0357185478777383
1 0 8.50638613415737e-05 0.0141702713850323 8.15764914586832e-05 0.0151466842362643
1 1 0.000578478935379159 0.0264572462976521 0.000567577566078264 0.0261701185471356
1 1 0.00137490779881574 0.031211261195852 0.00134100608595974 0.030674181278551
1 0 0.00064552030877906 0.0342190864627362 0.000630455510765206 0.0355790666713253
0 1 0.000483855365693949 0.0213317748391984 0.000489918605112706 0.0206172041158054
1 1 0.000170050830621356 0.00930909183777746 0.000163113136405474 0.00919414616381312
0 1 0.00121876551101646 0.0412756721311946 0.00125852623429798 0.0393163569403286
1 0 0.000101114324756558 0.0176687020745027 0.000100504179245065 0.0179302410532095
1 1 0.000110224506357152 0.0260419294914756 0.000106951084948702 0.0257881189993092
0 0 0.000466645985984087 0.0338651710994806 0.00047065653797578 0.0338837940049672
0 1 0.000207842201618597 0.0361851297359711 0.000208116909030055 0.0354941510278085
1 1 0.000211144405501721 0.0324019901838497 0.000207467212064304 0.0318803203991114
1 0 0.00108262503434459 0.0261715139844214 0.00106371407316997 0.0265726668024327
1 0 0.000416189866025895 0.0171655274798568 0.000396487916183174 0.0174412688225532
1 1 0.00110341030675034 0.0418713639053799 0.00108884888868166 0.0416785127748602
0 0 0.00124277473919207 0.0372884592130916 0.00125597426874952 0.0373730893373394
1 1 0.00032557136498598 0.0237307982690802 0.000317920717365497 0.0233103990338109
1 1 0.000547638825336659 0.0376514888983602 0.00051536173764621 0.0360409772320687
0 1 0.00108068833902677 0.0513377666802955 0.00109717676211498 0.0509048641033597
1 1 0.000531182016790125 0.0187606619811313 0.000511379257503297 0.0180611882429096
1 0 0.000240767018063023 0.0317753364337443 0.000225740847299699 0.0329385382962675
0 1 0.000509743536027783 0.0365890497586945 0.000524191305841858 0.0350892210602182
0 0 0.00034690684421035 0.0360654904970613 0.000354770486977514 0.0362865831433213
0 0 0.000144709678255035 0.0100242373082958 0.000147479059166165 0.0101275122664466
1 0 0.00162393192395137 0.0321606729367173 0.00155716140020687 0.03244021181341
0 1 0.000144307903311798 0.0333690580119298 0.000150109200712077 0.0317276298673815
0 0 0.000967894316480369 0.030170312291416 0.00100960921161123 0.0312635629547223
1 0 0.000995731057053753 0.0306113686631126 0.000941688144602883 0.0311193621261581
0 0 0.00055490349214004 0.0257659764335277 0.000570906444631275 0.025802342281384
1 1 0.000251977008472908 0.0243100393519959 0.000248980442320191 0.0242086514947128
1 1 2.58310741529636e-05 0.0209659320281959 2.28858281238511e-05 0.0200221663317156
1 1 0.00102276749427656 0.0390563954485557 0.00101832535829351 0.0389773040274328
0 1 0.000191252314826479 0.0345885443708465 0.000194675436159334 0.0335519593918953
1 1 0.000839076702236823 0.0191194157196716 0.000822101957260498 0.0184587042905207
1 0 0.00290779868347335 0.0568145047169556 0.00285719253647444 0.0586866217269124
1 1 9.74724928202722e-05 0.0433431659013501 9.53507096666232e-05 0.0423856120016836
0 1 4.3707919344983e-05 0.0262214002061515 4.61238399979852e-05 0.0261995584781233
1 0 0.000454831555480866 0.047896408643251 0.000453983794180486 0.0485904160201753
1 0 4.0412721131282e-05 0.00836620822166998 4.04126220094924e-05 0.00852292565831844
1 0 0.00114994018426728 0.0413203300040269 0.00111424153588395 0.0417817416953766
1 1 0.000298563950905914 0.0431551809859127 0.00027835328659634 0.0430224437817815
1 1 0.000108002193851661 0.0297358540352633 0.000105954381966064 0.0290456100920786
1 0 0.00019300685958114 0.0201246291401904 0.000190235925599735 0.021076691730347
1 1 0.000134475487047012 0.0390387821344111 0.000132264645464377 0.0386287526242072
0 1 0.000693176146898804 0.0287780567818461 0.000699881676749571 0.0285517253906107
1 0 0.00020325822725583 0.0197737671728273 0.000198405025468344 0.0199471166635219
0 0 0.000534068627613571 0.0244148509216844 0.000563957361545036 0.025378100089571
1 0 0.00128357357178251 0.0205498684892135 0.00123614121128776 0.0211672773733264
0 0 0.000512906218754492 0.0313452984142367 0.000529089347932468 0.0317302888770066
0 0 0.000364031362446178 0.00881236732240359 0.000373828486538384 0.00912068321795508
0 1 0.000286501905893994 0.0373811758849743 0.000300319835599415 0.0358305807941397
1 1 6.79164000603542e-06 0.0293604888297874 5.16205135014528e-06 0.0287971451015577
0 1 0.000195146711329065 0.0242349854569387 0.000208650015644984 0.0235532974724309
1 0 0.000513387786363295 0.0172545859849525 0.000504770807070704 0.0181065244400919
0 1 0.000381243927345277 0.0157340926162127 0.000400226697819536 0.0154200465454866
1 1 0.00016295345135553 0.0162653186646504 0.000153952936000088 0.0159845035233568
1 1 0.000246166269887603 0.0166014923048021 0.000240836347005174 0.016244820491218
0 1 2.04976635758461e-05 0.00433947768876361 2.22066868636279e-05 0.00411753319493723
1 0 0.000301848010063114 0.0310590324513275 0.0002927098928444 0.0328424350001803
0 0 4.67149413524999e-05 0.0140599575013811 4.93033785062777e-05 0.0141177420681082
1 1 0.000890008410325922 0.0241711174665403 0.000855033671223722 0.0236383080905081
0 0 0.000798869299954644 0.0203774596938971 0.000801236310015533 0.0214833891089081
0 1 0.000169713574290178 0.0337846422491558 0.000180459555662788 0.033628985745397
1 1 0.000241227619346889 0.0173875124444691 0.000234091810430574 0.0161891341223643
0 1 9.66585551460568e-05 0.0398031859377432 0.000101977051873731 0.0390245379869088
0 1 0.000475715070768853 0.0288342282453936 0.000482651107179819 0.028555794695968
0 1 9.75822054008085e-06 0.0430710460042631 1.11314442286304e-05 0.0400099102498035
0 1 0.000200861466402468 0.0361530277278485 0.000204221583726671 0.0344629911945509
1 0 0.000352048750852718 0.0309972212825885 0.000347129064982699 0.031247176769946
0 0 0.000182606888229905 0.0300333773815559 0.00018804367446502 0.0301841053330541
1 1 0.000725134850221802 0.0547545831237674 0.000709061453444291 0.053601952753065
1 0 2.08891976334149e-05 0.0323436194045666 2.05880269363747e-05 0.0329025726116888
1 0 0.000355094135763169 0.0307688459393998 0.000354537706450549 0.0310504479711742
1 1 0.000766304437876947 0.0312958156391653 0.000759270747977157 0.0297009979603593
0 1 0.000258168206548327 0.0300932245783532 0.000260946082232139 0.029341014181035
0 1 0.000671850101117455 0.0299121822532113 0.000692416437205219 0.0284586888984051
0 0 0.00116990190186486 0.036600188962955 0.00117357142299953 0.0369869362096928
1 0 0.000174332410656284 0.0377776024397749 0.00017175204229909 0.0378912503818573
0 1 0.00119501247223525 0.0293870707720171 0.0012023336671668 0.0293604635955131
0 1 0.000209900356266466 0.0139408955312063 0.000217682586762049 0.0137199830322847
1 1 0.00048493114698163 0.0219611980465212 0.000479471034566549 0.021617094425837
1 0 0.00260773239728802 0.0539734323285869 0.00252398693055833 0.0550977066714943
0 0 0.000305014854710909 0.0340711320478155 0.000310514107561645 0.0342565014352449
1 1 0.000359539488211768 0.0250449367405633 0.000340500992927782 0.0243728953789226
1 0 0.000102333774596634 0.0272195369522636 9.96091874085348e-05 0.02761340778244
0 1 0.000555025798898321 0.026661838756492 0.000565583737647706 0.0257429435042443
0 1 0.000621370803251202 0.0233906248011742 0.00066029123223367 0.022508701311427
0 1 0.000700938680246606 0.032400608740613 0.00072220753723509 0.0323824448379844
1 0 0.000838823359583729 0.0226088197910091 0.000827389439206562 0.0228147968647105
1 0 0.00023320508503256 0.0322859569180432 0.000229456469576678 0.0327051842878373
1 0 0.000492409504752481 0.0372146866943744 0.000482793380085202 0.0385347862009243
0 0 0.000794232586723032 0.0365642781102234 0.00082776032332541 0.0371447161397857
0 1 0.000885755997460014 0.0523715951868649 0.000909352037558326 0.0502119837262972
1 0 5.10905731710451e-05 0.0326243797267999 4.30252015427761e-05 0.0327152007839026
0 1 0.000154200410124944 0.0379239974533954 0.000161283495454615 0.0373646496581633
0 1 0.000310922212419284 0.0347022275750238 0.000320940700408355 0.0325733258336659
0 1 0.000278570373122666 0.0246916737909747 0.000292702143181424 0.0246096035338341
1 1 0.00027301274390685 0.0488921996689497 0.000272901753924035 0.0479238010095623
1 1 0.000441969495633999 0.0349886970170333 0.000433617536807155 0.034268958171222
1 0 0.00101865910000408 0.0235408874217059 0.000998515223773276 0.0240614602853449
0 0 0.000478072768278838 0.0286893051873602 0.000483954170621604 0.0292410766231212
1 1 0.000977452983776387 0.0381387732431673 0.000932122691118651 0.0371551459055974
0 1 0.000336159955295935 0.0405381773817607 0.00035131075156963 0.0398150929576572
1 1 0.000137879718420279 0.0353543540516582 0.000135594784343578 0.0347173769789808
1 1 0.000185309457866816 0.0368139870899155 0.000183210471388003 0.0359745263990663
1 1 0.000815086745475113 0.0366217515221038 0.000814224725271524 0.035663859977831
0 0 0.000357024520810292 0.0289269289963234 0.000362807066482211 0.0303222943503302
0 1 0.000560484694170734 0.0404468062846626 0.000569643226249281 0.0392767363005417
1 0 0.000530429149123782 0.0347243371080449 0.000524647260930994 0.0352701649025248
1 1 0.000441717342632914 0.0302893727663536 0.000429961346151773 0.0288128453602383
1 1 0.000852962575997249 0.0279341938591844 0.000851637428109632 0.0275731443635599
1 1 0.000435806589306317 0.0372887869722075 0.000415719536826572 0.0356333065313548
1 0 0.000205406835980624 0.0322659991548579 0.000196482231568882 0.0325257139989173
0 1 0.000609619070072684 0.0316820608355784 0.000614520939187159 0.0310387825667801
1 0 0.00135420845451666 0.0316490935901555 0.00131652312589453 0.0322374789512286
1 0 0.000123161067048973 0.0105494706929767 0.000117292327125235 0.0108371143159268
1 1 0.000159653236065607 0.0256430960880426 0.000155271477818472 0.0249303252506149
0 0 0.000738198093313362 0.0278504466864673 0.00074863893595607 0.0279036731861272
0 1 7.76678317108894e-05 0.0173508391808529 8.2651327860895e-05 0.0162375842256508
1 0 0.0001932071846608 0.0448564129791811 0.000188298234822317 0.0463434212781647
1 1 0.000134295143654129 0.0152937815615026 0.00013294206560401 0.015058138897704
0 0 0.00056788832837494 0.0270461468711851 0.000590452218590202 0.0274736146663978
1 0 0.000424419940565855 0.0173746050686093 0.000410069542937071 0.0174668912580792
0 0 0.000323278631494729 0.0354919031435793 0.000324113159690588 0.0364238215644784
1 0 0.00075960634227259 0.0384400127555224 0.000752936392920736 0.0395087937268446
1 1 0.000178932736893967 0.0260707294675217 0.000174039225514781 0.0258757284347903
1 1 0.000223177517310105 0.0254393069641474 0.000222429953652365 0.0253599974167378
1 0 0.000145761629365084 0.0278701151462458 0.000138542743609059 0.0281996123198506
0 0 0.000852248293465601 0.0376032725842923 0.000861902093493287 0.0377861276017152
1 0 0.000232430629351419 0.0234720343616353 0.00021304773360718 0.0243493090457574
0 0 0.000856401517780938 0.0321918799059872 0.000860086785244612 0.0325591705572846
0 0 0.000741646687252733 0.0181844439086786 0.000751957290345758 0.0186845365495181
1 1 0.000565898547520224 0.0359896284476879 0.000552365935131991 0.0351202362736574
0 1 0.000491717440816859 0.0333723500117522 0.00049427645695352 0.0318473529740601
0 1 0.000177204143233264 0.0403376455232923 0.000177808449901055 0.0385330352175856
0 1 0.000163855597809211 0.0312505962942554 0.000164046581551548 0.0305860022629823
0 1 0.000627226460657757 0.0320563444652203 0.00067966362220299 0.0314728890069125
0 1 0.000339750899811751 0.0195885132405137 0.000351503395052915 0.0184095716601869
0 1 0.000220213406305592 0.046436284868617 0.00022128260530739 0.0457197895827031
0 1 0.000751811374084954 0.0422980818691475 0.000758459909908346 0.041083681214913
1 1 0.000784380029530954 0.0376255267535253 0.000769862843268806 0.0366915653792889
0 1 2.84383529080534e-05 0.0287722243696635 2.84677302264439e-05 0.0280922310748509
0 1 0.000949400768571663 0.0316953796165718 0.000967828415630066 0.0299549017833222
1 0 0.00108261922744261 0.0238792295912862 0.00106670434337279 0.0255805975654341
0 1 0.00123877814591406 0.0366300207305159 0.00130660989138726 0.036348817202197
1 1 0.0020674081812124 0.0338336707672127 0.00200095879040389 0.0334732561848381
0 1 0.00264217248783899 0.043638873131067 0.0026505502778277 0.0434324184514263
0 0 0.000159274392817563 0.0202219744510775 0.000163028573613774 0.0202987959836507
0 1 8.02879047552255e-05 0.0283458017205927 8.95681980493891e-05 0.0273480271589552
0 0 0.000355055123484452 0.0295433521262464 0.00036868766119822 0.0302078891185567
1 1 0.000390235265998204 0.0303442958467082 0.000373940635840861 0.0299120766405148
1 0 0.000259273776472375 0.0221774921023878 0.000249244402321456 0.0223186406246334
1 1 0.000396273737356368 0.0408569522108548 0.000391210954829222 0.040337514390508
0 0 0.000148321729183934 0.0378973058926402 0.000151325224750946 0.0382668956251275
1 0 0.000386818521248147 0.0464432482347692 0.000368533012296296 0.046818791208218
1 1 0.000395143372140961 0.0364308895475286 0.000392469308584923 0.0356980143641344
1 1 0.00039861216764462 0.0340729017972681 0.000396016091837371 0.0326373697290722
1 0 0.00027920678201801 0.0306477311719723 0.00027352597033411 0.0315101645834984
0 0 0.000724348876555826 0.0237617550519316 0.000729310874497689 0.0239155366859796
0 0 0.000135387393963771 0.0153621296105425 0.000141501602649316 0.0157438220434632
1 0 0.00109871087036277 0.0313685020071021 0.00109037532464326 0.0318762025747047
0 0 0.000105372364980229 0.0173180180470082 0.000106632275595755 0.0183321198197849
1 1 0.000525855348462983 0.0555747197824557 0.000516048288095094 0.0551768246104769
1 0 0.000582474938976838 0.0467787418334577 0.000581405766401647 0.0484726171346672
1 1 0.000272655577476597 0.0382779709461666 0.000261339357103263 0.0377685448336927
1 0 7.11564264116272e-05 0.0152620680214782 6.86503470035499e-05 0.0157250261949119
1 1 0.000156573014475479 0.0191807685582043 0.000155870426678912 0.0186125637793824
0 1 0.000789321053797122 0.037910274903518 0.000821276147947403 0.0373144082348893
0 1 0.00028223707565021 0.0308474143880331 0.000284493075994379 0.0292807365549136
1 1 0.000611493019398048 0.030073105142359 0.000610530364721677 0.0293565216566778
0 0 0.000661963636382348 0.0436899088615362 0.000669650256734975 0.04501963179536
1 1 0.000720362704316176 0.0217831826902451 0.000718377921923983 0.0215804900117508
0 0 0.000241595012336884 0.02620702288758 0.000242060129929834 0.027454265553536
1 1 0.000344531594255624 0.0271834890569893 0.000335137358980131 0.0260689948571515
0 0 0.000391789493609989 0.0456901861230486 0.000438804008703693 0.0459018922100295
0 1 0.000114277033666661 0.0329709171109365 0.00011961332626791 0.0328192942181304
1 0 0.0010019755585638 0.0374050649688416 0.000971094391870248 0.0375615138656203
1 0 6.34161300648988e-05 0.00334296690492823 5.85161665987845e-05 0.00346104531801341
0 1 0.000740825158457229 0.0369185148738104 0.00074181432241329 0.0366786629810711
0 1 0.000399583748765796 0.0358491702764433 0.000414178982273642 0.0351594600340346
1 0 0.000268102671098117 0.0317148690051121 0.000263167624592439 0.0321828092590082
0 0 0.000235082571028864 0.0241393442700458 0.000245847711818169 0.024901909731301
1 1 0.00013960726158052 0.0352968973523002 0.000139217099900475 0.0337528724878965
1 0 0.000199549924325461 0.0321036664088061 0.000192766102550377 0.032421222789666
0 0 0.00172246238002016 0.041650501835326 0.00178377784192347 0.0416612025205486
0 1 0.000103499807747501 0.0377019377905426 0.000114032907179935 0.0376752252711283
0 0 0.000650054156398043 0.0300073095802597 0.000664496697428363 0.0312091055217144
0 0 0.000401943427854877 0.0378553208335755 0.000404944170482225 0.0382012913861128
0 1 0.000756403533368185 0.0362587248299711 0.000776165290227249 0.0361631199060798
1 0 0.000615817355217174 0.0224231059272527 0.000609065900033322 0.0227435488779037
1 0 0.000293641840288948 0.0336970400332416 0.000286460191947614 0.0339271773439457
1 0 0.00177317247049344 0.0419522756182104 0.00176604982495733 0.0420663969946142
1 0 0.000268954612227687 0.0366779370254479 0.000257323290646614 0.0374889258268316
1 1 4.83469506879837e-06 0.0378186225360261 4.57232398806411e-06 0.0375674489423255
1 1 0.000382757677534556 0.0382085842970546 0.000363832022490092 0.0372634777242407
0 1 0.000265966701692362 0.035285315170663 0.000274467462608874 0.0342287147969899
0 1 0.000112421533784175 0.0239033200976496 0.000116951021507819 0.0234081369742835
1 0 0.000509073925287319 0.0270680023505729 0.000503649234813052 0.0272588204509142
0 0 0.000361725941923728 0.0311871990304072 0.000366521963660649 0.0328199670910546
1 1 0.000114259593623761 0.025141400663479 0.000111936879905699 0.0244048845141809
0 0 5.81232402458215e-05 0.019503892844572 6.27023088514407e-05 0.0200304257068854
0 1 9.44980757413989e-05 0.0257784042661535 9.49287155392224e-05 0.0257511062678829
1 1 3.29576984237391e-05 0.0397837632089729 3.2476100643075e-05 0.0387920912993435
0 1 0.000115232084577723 0.0137809852971951 0.000116257902051891 0.0133880866588894
0 0 0.000169256529403299 0.0308152699197552 0.000172733189590181 0.031180725241098
1 0 0.000445977692577063 0.0467100400046074 0.000440642463145379 0.0467465252892217
0 0 0.000610699900718859 0.0389589052093023 0.000612559907198402 0.0406528275798407
1 1 0.00076737447045638 0.0340180694719676 0.00076153585918993 0.0328852106109421
0 1 0.000601536040321222 0.043379906646815 0.000626021225136881 0.0429907082279226
1 1 0.000327171028452446 0.0234971951425961 0.000326121122386003 0.0233972271857838
0 1 0.000536190047066969 0.0328486635328697 0.000541055250281058 0.0323639307407324
0 0 0.000378994250909028 0.0329666007699111 0.000391961801159916 0.034703482434959
1 0 0.000795595698974694 0.0258656821635272 0.000749821600419342 0.0263548196989557
0 1 0.000349698338535728 0.0445137574735698 0.000350392329630161 0.0426097143993805
1 0 0.000570651059333152 0.0406306011840871 0.000570617479414846 0.0406942037069331
0 1 0.000384774618741133 0.0337846972182921 0.000389232364379788 0.0337085238585724
0 0 0.00105957382910005 0.0352620551297134 0.0010762836999152 0.0360058178339149
1 0 0.000142708952608198 0.0313522392545384 0.000139166583343382 0.0314380365941823
0 1 0.000179957434754742 0.0564484202505166 0.000181758023826817 0.0555146544058401
1 0 0.000129929370728266 0.0278794933441459 0.000128279545762177 0.0285611093281254
1 0 0.000303147092902621 0.0331188666100791 0.000295061877073995 0.0336959911832292
0 0 0.000519171251774775 0.0391256511386571 0.000533309077387164 0.0391557142892737
1 0 0.00024669498717306 0.0329885850795861 0.000233278370880166 0.0339345184518537
0 0 0.000164479828568451 0.0282689371585471 0.000164481991332543 0.0285956238018457
0 1 0.0017309704928954 0.0269324023652167 0.00177646119121308 0.0258071375860807
1 0 0.000320179315479972 0.0301415341324984 0.000298688842491134 0.0303978397428583
0 0 5.40993181910133e-05 0.0241150239346003 5.63387715965193e-05 0.0245590698861745
1 1 0.000260955054813838 0.0413685627717881 0.00024566943293191 0.0405062834630209
0 0 0.000381909035020236 0.0255963165023493 0.00039589051270863 0.0260881132748091
1 1 0.000180733367167689 0.0316725155938285 0.000179350107802211 0.0310749680724085
0 0 0.000206094234814948 0.0417445259551122 0.000211754025497981 0.0430655837685709
0 1 4.23955853530835e-05 0.0190474221578951 4.32250659849248e-05 0.0187580787389726
0 1 0.000823966104712836 0.0417516338873307 0.000828848976330505 0.0405378635392837
0 1 0.00037571216185573 0.0280203476743589 0.000388490004758374 0.0276133869532527
1 0 0.000278524989755191 0.031884885438377 0.000274166683413088 0.0325133243257915
1 0 0.000156199838440566 0.0307268827695019 0.000153896666839793 0.0314151166909232
0 1 0.000321034246730469 0.0423172038071734 0.00032989743780787 0.041662673177891
1 1 0.000190674498227515 0.0167983068369551 0.000190119077425304 0.0160815360234921
0 1 0.000392349219715106 0.0347394295025611 0.000394846638505292 0.0335436428361964
1 1 0.000381891588822321 0.0300438458655888 0.000376754290953008 0.0297884390886601
0 1 0.000468230523649384 0.0338627118121336 0.000478435805692771 0.0335735680338805
1 1 0.000301402798736258 0.0341235739610951 0.000293529528970371 0.0327446155231472
0 0 0.000901018513167806 0.0344073710777308 0.0009123960025512 0.0346695679270486
1 0 0.000335257874082415 0.0208382784380992 0.000332554019018265 0.020954633323818
1 1 0.000916227095499074 0.0180519816723558 0.000865518037519952 0.0178426806145722
1 1 0.00012980474617858 0.0168588066974411 0.000126122594699076 0.0167581419235253
0 1 0.000631875231486511 0.0415243783455698 0.00064143484945377 0.038703378242925
0 1 0.00101088098931483 0.0421451574351155 0.00101899758461646 0.04205106394798
1 0 0.000307220628311542 0.0354528818844311 0.000286581333092475 0.03585307161887
0 0 0.000161646360612975 0.00903589416122089 0.00016978612985881 0.00914327962211864
1 0 0.00173026223497373 0.0366036502227543 0.00167405919457299 0.0368286401688921
1 0 0.00088488136154265 0.0300995245742809 0.000862503458578616 0.0310012694346816
1 1 9.93315997875606e-05 0.02075765409893 9.44729939984296e-05 0.0207342006554573
0 1 6.07328014771511e-05 0.0135473164890103 6.26691452581575e-05 0.0133027556988028
1 1 0.000272666978220676 0.0236287400791892 0.000263718349226245 0.0234692961823042
1 1 0.000345498703630136 0.0296388029862837 0.000344630823290835 0.0293901800430307
1 1 0.000182867454618481 0.0206610383521437 0.000171625007928196 0.0199888372760213
1 0 0.000887914779688216 0.0340193147080238 0.000867053345525399 0.0345685880705101
1 0 0.000836334990474448 0.0413314304866706 0.00083613861162701 0.0418575729941972
0 1 0.000125604037256176 0.0154756318920353 0.000125752449592563 0.0153844413467924
1 0 0.000724598020101032 0.0316241832768618 0.000717478170770424 0.0320576887382401
1 0 0.000478373299997032 0.0286926608269443 0.00044034989003681 0.0288474678714474
0 1 0.00082264568287334 0.0465680904444656 0.000839874139977361 0.0448721690573113
1 0 0.000507138643420606 0.0316416320826614 0.000500726710903197 0.0325489656051154
0 0 0.00111938373361122 0.0294192113033679 0.00114326207719673 0.029493375497525
0 1 0.000986013011862364 0.0294630861528087 0.00100747818179327 0.0286294705584596
0 1 0.000322929421859698 0.02436685151713 0.000324799136197735 0.0238794409913315
1 1 0.000752199182509254 0.0284586239130234 0.000713285712019607 0.0282757776050041
1 1 0.000249996489579977 0.0288822446641507 0.000242810088592374 0.0288217401130885
1 0 0.000212760299161217 0.0372808399771285 0.000206810851735914 0.0381910962259151
0 1 0.00018109050735822 0.0149523207202217 0.000190265419761939 0.0144098412099362
1 0 0.00103075421890597 0.0475288197912026 0.00100289775002559 0.0475951313323485
0 1 0.000309865639251781 0.0180309084338833 0.00031361951231994 0.0172523963673747
0 1 7.99060904259653e-05 0.0341424601356555 8.9072950061082e-05 0.0336141966376979
0 1 0.000419222775446241 0.035510039486966 0.000433811838756712 0.0353642117141317
0 0 0.000411030731638088 0.0349191186475167 0.000424904428465296 0.0356347210693084
1 1 0.000187296031829391 0.0197631828532104 0.00017622785914388 0.019599824931692
0 1 0.000656298314700225 0.0311688027507953 0.000667342729078412 0.0300228170182394
0 0 5.66598047521023e-05 0.0159230096384707 5.86419731969602e-05 0.0168592499113153
1 1 0.000638850336358333 0.0307483066474259 0.000628598200208183 0.0303611423700325
0 1 0.00126579413910681 0.0319415826350099 0.00126825957757811 0.0310488102684983
1 1 0.000205789220363146 0.0127560568107396 0.000203632936186952 0.0121559143830998
0 0 0.000317372347520447 0.0210754714831652 0.000331170245137948 0.0213841712951021
1 1 0.000296325273091694 0.0301964119866182 0.000295350106777381 0.0292132941138867
0 1 0.000288745560612102 0.0187182514194287 0.000290276203224089 0.0184558431331903
1 1 0.000478358809139583 0.0273586360069727 0.000468994603933985 0.0273053530745698
1 0 0.000399373493797264 0.0309034129231329 0.000390118421161634 0.0333938896861864
0 1 0.000497041614530454 0.0295251224827334 0.000508710394040539 0.0274763413322849
0 0 0.00114361695907755 0.0313378944416194 0.00116027378213639 0.0314814617508854
0 1 0.000325137400374776 0.0402193740457051 0.000329272338999732 0.039198590143611
1 1 0.000783410650130333 0.0252537531459375 0.000743711921706112 0.0246596138477544
0 0 0.00111026511772514 0.0412844262689502 0.00120622201872602 0.0420332889749708
1 0 1.21315334649136e-05 0.0232439057150863 1.16778915892787e-05 0.0235617356786324
0 0 0.000505822296934862 0.0383513949558279 0.000519489207532076 0.0393373713193959
0 0 9.97379079437531e-05 0.0174666662663136 0.000102739227129764 0.0176565981981955
0 0 0.000153295344845356 0.02094849370705 0.000165496234879573 0.0218562268226523
0 0 0.000176729587148777 0.0255037247852174 0.000190349641086513 0.0261366601100873
1 1 0.000172038633010938 0.00633229009959202 0.000162467051748765 0.00618682122349059
0 1 0.000473685279411483 0.0463059643855101 0.00048408789607782 0.0453483045016282
1 1 0.000366361181624183 0.0322055966772335 0.000359490226345452 0.0320573604091455
0 1 0.000279611441030182 0.0182336446573039 0.000293383433178048 0.0175314757555792
0 0 0.000164120577313866 0.0273454530454506 0.000172772088914526 0.0276874836568732
0 0 0.000748854737567242 0.0391531710522207 0.000769710119248383 0.0394856668617596
0 0 0.000520561188239274 0.036261249271757 0.000527082836976626 0.0380254042849838
0 1 0.000303307935292374 0.0316369631052028 0.000310738411165494 0.0310627705785743
1 1 0.000979805477458943 0.0377372336846338 0.000959480525872373 0.0376633071777851
0 0 0.000864890125220091 0.0289174806785796 0.000896083080298575 0.0289338136726002
0 1 0.000679125306836146 0.0363649192547138 0.000698547944143424 0.0361439525865098
0 1 0.000320539799590773 0.0298655380302006 0.000321135461773632 0.0296056823361834
1 1 0.000350877924575196 0.0282900143380782 0.000338226000148014 0.0276276213780273
1 0 0.000231179993268024 0.00902192829909135 0.000226632392227973 0.0101553131027592
1 1 0.00147874841226376 0.033492776072274 0.00144118238798117 0.0325442949000524
1 1 0.000122752996369958 0.0334490177128731 0.000117841186655112 0.0322275048074714
0 1 0.000552428309012524 0.0379323201589551 0.000572178042907235 0.0374750470267258
0 1 0.000779161344396597 0.0269280753454092 0.000809296725765442 0.0266205964208263
0 0 0.000483250231548694 0.0205147424910856 0.000490890267565107 0.0212835542768608
1 1 0.000182153614645398 0.02841797787407 0.000179227668907332 0.0282272775395827
1 1 0.000348882800287585 0.0247011178579378 0.000343912890478966 0.0243953067110005
1 1 0.000727879061681382 0.0136644779580932 0.000707973150761089 0.0133583934051843
0 1 0.000236375316978537 0.0182818406072888 0.00023739125001915 0.0175742447193752
0 0 0.000273993045731382 0.0303184444719106 0.000277297640479326 0.0304210542373747
0 0 0.000592660070184567 0.0338063547246736 0.000624176680720223 0.0344258396804553
0 0 0.000448947838090831 0.0264852183645093 0.000450808519798791 0.0268338225222617
0 0 0.000753253607533882 0.038620168901984 0.000754697841878993 0.0393114933732214
1 0 0.00043430485387178 0.0392886345779914 0.000430524760336693 0.0400304910542226
0 0 0.00026710453524006 0.033396359097405 0.00027393648583629 0.0334142351786285
0 0 0.000154074511015228 0.0323823694161026 0.000157562628467815 0.0328074223943062
0 0 0.000226557970334394 0.028392601664029 0.000242721321276548 0.028489645048439
0 1 0.000123987847565263 0.0299502284634472 0.000125745236170795 0.0296069578386162
0 1 0.00111396986910689 0.0360890904586672 0.00112861368491866 0.0352176026132035
0 1 0.000548958940179315 0.0407216388009595 0.000550644757377371 0.0405935127826176
1 0 0.000123738325468383 0.0190839309165634 0.000113979856972147 0.0194730278262509
0 0 0.000317663986200828 0.0283000375514952 0.000326511892354959 0.0295752854685309
1 0 0.000193840295207625 0.0203530475519609 0.000192019587199636 0.0206457443242066
1 1 0.000724334141870873 0.0341427572631477 0.000712600045310232 0.0340907293605952
1 1 0.000821229985043245 0.0338061794430381 0.00081527746627117 0.0334127004763586
1 1 0.000847636839411782 0.0224722251108942 0.000846520307101451 0.0216077160712136
0 1 0.00243708267372025 0.0514819320053324 0.00249172763958966 0.0513989248312567
1 1 0.000106520031041205 0.0140251268372769 0.000105060954002963 0.0135315844155875
0 1 0.000242837766535687 0.0152104810720662 0.000255659185340886 0.0151284760236626
0 0 0.00103801059643833 0.0308685563334994 0.0010837789807073 0.0318751262976743
1 1 0.000358666475400443 0.0170054763515434 0.000347896513225971 0.0164486358579117
0 0 0.000367288820807183 0.0206726379860766 0.00036899947370538 0.0211271393424292
0 1 0.000686246149923689 0.0445756126808905 0.000687793879392484 0.0437350964500932
1 1 0.000498270287803126 0.0278191157331267 0.00047973554981498 0.0261402153816459
0 0 0.000268674440795462 0.0282646721459177 0.000279441439926515 0.0287065079646836
0 0 4.06398412295024e-05 0.032260745314992 4.70290761418696e-05 0.033149050574386
0 1 0.000288281447082592 0.0204798607394924 0.000289875251805681 0.0204159549881957
1 1 0.000220293450683046 0.0316607205078397 0.000207788576713265 0.0312642978614975
1 0 0.000335451177483597 0.0304865421269152 0.000327779884526752 0.0307183571354724
0 1 0.00042754099288734 0.0246607749244025 0.000431455112744394 0.024293049923072
1 1 6.02762916072324e-05 0.0433528713746421 5.78340016626732e-05 0.0418874520943998
1 0 0.000641487625391423 0.0422633002040529 0.000640348276853767 0.0426540990857101
1 1 0.000143746846350096 0.0129018563463843 0.000142108061155674 0.0128297959751414
0 0 0.000440656424393256 0.0287956922041838 0.000443862450372749 0.0294636299412854
0 1 4.18389910319822e-05 0.0440764065162484 4.48626550681344e-05 0.0424894344275112
0 0 0.000238212759615973 0.0270835388489225 0.000238863107686991 0.0277653214355747
1 1 7.31262235374053e-05 0.0121217409417687 6.69777154402186e-05 0.0115230899215994
0 0 0.000393673671112284 0.0335639600102997 0.000394276984840875 0.0336930661222295
1 1 0.000346883511516178 0.0368695477148905 0.000335502967720049 0.035688881110503
1 1 0.000104322966906762 0.00936204836708773 0.000102937872978678 0.0092644431721995
0 0 0.000336320575610839 0.0219291042798336 0.000370855518040496 0.0221420486770939
0 1 0.000245961324525778 0.0360395536005453 0.000248687637089611 0.0353259938696023
0 0 0.00051396602959274 0.0324165242289727 0.000520981778966446 0.0332367832182612
0 1 0.000364683054395167 0.0379100188414292 0.00036645852226183 0.035314332269559
1 1 0.000280703792496817 0.0359580694763741 0.000277441072460934 0.0350557176873599
0 1 0.00084509361680479 0.0317983813301793 0.000851557948905559 0.0306050161397313
0 1 0.00132735988529868 0.0348143847912994 0.00140809280785853 0.0346437182482789
0 1 0.000797653774421764 0.0407862112859493 0.000801066429047011 0.0395561634766652
1 0 0.000128183271912595 0.0159344900260537 0.000123139801651152 0.0163853133301575
1 0 0.00025239596599698 0.00878857655682718 0.000239994047610909 0.0091372219916263
0 0 4.2396614603659e-05 0.0167431307863798 4.25304311249392e-05 0.0171155299190773
1 0 0.000358328020765116 0.0354320846276193 0.000355537474249892 0.0365906771321583
1 0 0.000775941674749575 0.0301076160644412 0.000767851648261012 0.0305159007312087
1 0 0.000496034093902154 0.0314138209672578 0.000494125346261541 0.0318550014837892
1 1 0.000405223315126167 0.0210726985492266 0.000387680617998095 0.0197150364524286
0 1 0.000285705366845677 0.0461079484201559 0.00029327888990917 0.0456743824806558
0 0 0.000727001900656209 0.0371697109007097 0.000735281749490278 0.037420073880093
0 1 0.00066711003725884 0.0306565468330356 0.000680809317411981 0.0300920119401397
0 1 0.000110230323455844 0.0306432704021429 0.000116307164727913 0.0302836726423122
1 1 0.000495808805685371 0.0215127672119415 0.000447118407926169 0.0210010960730121
1 1 0.000260334106970319 0.0386857861522125 0.000258525407770367 0.0382417808093208
0 0 0.00036844211867888 0.0298480141158004 0.000373896318884054 0.0306988920573739
1 1 0.000703765626388413 0.0300819395438929 0.000696840901010679 0.0299234455998189
1 0 0.000383800382925178 0.0192989571249608 0.000379948709447497 0.0200142893699088
0 1 0.000357448347651692 0.0369135883944245 0.000370069754204408 0.0367270649725469
1 0 0.000193196845904111 0.007147547747419 0.000192331922693066 0.00757557988238988
1 0 0.00167579242607041 0.0374698671108384 0.001583286681504 0.0376349365958957
0 1 0.000166653139680034 0.0107333084629857 0.000175581449064505 0.00922124252191765
0 0 0.000484067134498605 0.0387733687424182 0.000488479805463571 0.040208719296667
1 0 0.00116526234486361 0.0349616418123006 0.00115142230207695 0.0352070165826465
0 1 0.000128839002483083 0.0344339154902289 0.000130883330943092 0.0342117895806349
1 1 0.000866647394351677 0.0351450897256978 0.000866040926943965 0.0351417888139156
1 0 0.00103882308149017 0.0551727067116795 0.00102423038200811 0.0554338246900177
0 0 0.000225261840174036 0.0201014066331326 0.000234604240374119 0.0209250901544522
0 1 0.00105563673368965 0.0359036874355277 0.00105805944457705 0.0346760556096062
0 0 5.61880687662881e-05 0.00382349098209189 6.88268464650434e-05 0.00407810468255928
1 0 0.00113282230699418 0.0316127952598072 0.0011297879177013 0.0317847558688166
1 1 0.000739247788928069 0.0265388556884382 0.000713395145494119 0.0257575764074211
1 0 0.00550126095882022 0.0627726954356509 0.00549254070393462 0.0629127300519367
1 1 0.000699892728480767 0.0378511861998936 0.000695832112816063 0.0375099880389564
1 1 0.000490782674323655 0.025806789879206 0.000463074658154152 0.0257572562599279
1 1 0.000500945974234348 0.0336939202483713 0.000497483316372803 0.0328471025586766
0 0 0.000534218042379309 0.0147580725255668 0.000537235483359884 0.0155751292727435
0 1 0.0011016273996816 0.0344981067035399 0.00112375260449126 0.034223530297414
1 1 0.000875412120289424 0.0411008656385353 0.000862570316140565 0.0405422389681676
0 0 0.000273032786008593 0.0262392430035429 0.00030265553764072 0.0285150522262505
0 0 0.000965672956379879 0.0296660188701911 0.000983312680587734 0.0303101743560686
1 0 0.000323927936815318 0.0314164510991244 0.000321878892950295 0.0314906479403059
0 0 0.000314178976037113 0.0228827238666562 0.000349142646309931 0.0231696327590973
1 1 0.000353006294316918 0.0216744561075718 0.00034857092998077 0.0213364148461375
0 0 0.000185799464564774 0.0213776527359753 0.000190941275156356 0.0224486593985733
1 1 0.00186503551612539 0.0450268360940062 0.00183338358752979 0.044876599272626
0 1 0.000208638816337349 0.0292217742628502 0.000209091176284655 0.0288261149060811
1 0 0.000336812663517367 0.0211401000193715 0.000326104330615282 0.0212453455021242
0 0 0.000570788802470077 0.0361501572778123 0.000603801360058009 0.0368697618586027
1 1 0.000378090103221159 0.0175767089194844 0.000359114906825929 0.0170839408189523
0 0 0.00104546805509888 0.0483172346459872 0.00108724893968688 0.0485364309798286
1 1 0.000776981538470308 0.0434018064343165 0.000761831766547665 0.0432009003317878
0 1 0.00012637450710899 0.0308784662874402 0.000132754499077157 0.0299026545045733
0 0 0.000967100604476867 0.0180330911618081 0.000971612393919773 0.0191757539477799
1 1 0.000712166002076268 0.0398909926205507 0.000670923002161112 0.0381501713676545
1 1 0.000873650311371466 0.0363779588025745 0.000871040650086551 0.0362133341148234
1 1 0.000920139019860021 0.0290617511346599 0.000876366371501346 0.0286964722750852
0 0 0.000469008792393617 0.0346032398253279 0.000470375055984612 0.035875978087838
0 1 0.000790546334626678 0.0584776042106837 0.000807601388015627 0.0553623004956294
1 0 0.000214157324468136 0.0299797681990615 0.000206368311554102 0.0299836155805615
1 1 0.000348421858247176 0.0324121923410375 0.000326506320292079 0.0322865232514672
1 1 0.000506437276820293 0.0116287147971388 0.000486225300625065 0.0115551994544573
0 1 0.00037037610865211 0.0394978157516138 0.000388173177319557 0.0387627329461209
0 0 0.000521775377659925 0.0276839937706832 0.000533264828731459 0.0278742123760031
1 1 0.00109735939635565 0.0403236305358276 0.00103516831321475 0.040075427452565
0 0 0.000743363160863315 0.0263517560307679 0.000834140812472264 0.0280499601829034
0 1 5.40632274168975e-05 0.0271468505912854 5.64746345814529e-05 0.0271278339128247
0 1 0.00093681362257474 0.0385161208290683 0.000951216586954995 0.0372728085914872
1 0 0.000265681144776665 0.0304306108245891 0.00026082473066189 0.0308866974693649
0 0 0.000168972362904334 0.042624993569273 0.000173457250178324 0.043909527333581
0 0 0.000324091682489061 0.0199991909382435 0.000328687300275278 0.0201895867403242
1 1 0.000485337216918599 0.0256917294461187 0.000448984417090714 0.0244588673679531
1 1 0.000256313755008436 0.0220261714847934 0.00024928795381691 0.0218359991190024
0 1 7.10128690695372e-05 0.0417515207549902 7.17150421490247e-05 0.0408303717731709
0 1 0.000650358122869274 0.0177048952222351 0.000664698665506711 0.0176519236858227
1 1 0.000426456460357404 0.0301875035158432 0.00041486202249078 0.0287055845374648
1 0 0.000634357479294231 0.0255271532051922 0.000613597863157355 0.0255631465340894
1 0 0.000407229581166021 0.0252429376978401 0.000389291715853276 0.0253230294606324
1 0 0.00014699805375679 0.0366004691182331 0.000145282000121934 0.0373211118094496
1 1 7.59161264357493e-05 0.00589218448712016 7.34702203310016e-05 0.00577371792018835
0 1 0.00016103329227685 0.033329153775636 0.00016153630140111 0.0317211011403628
