linear.pvalue quadratic.pvalue linear.boost.stat quadratic.boost.stat linear.true.stat quadratic.true.stat
1 0 0.000259521921015999 0.0272726290662275 0.00012354294313184 0.0275533592259456
1 0 0.000293185950558511 0.013999829886957 0.00015658130097693 0.0145553563797234
0 1 0.000108885205687373 0.00634910912579991 0.00012529673470167 0.0058251350632139
0 1 4.35147164196573e-05 0.00717169060102291 6.41989619429021e-05 0.00694947628713204
1 1 0.000338205218901335 0.0200052298236938 0.000288402060809617 0.0187600112362704
1 0 0.000133865643391301 0.0139947367507777 0.000104226685155804 0.0146629106573775
1 1 0.000180922623006253 0.00876258482515703 0.000123970887887079 0.0080476700887659
0 1 0.000100343319274028 0.0135436563466828 0.000164454327275816 0.0132836736002308
0 1 0.000132937672214568 0.0216092578945329 0.00016481329859898 0.0211301474833032
1 1 4.08514796852567e-05 0.0115158041235556 2.76533562654934e-05 0.0113437390386605
0 0 5.5308543954263e-05 0.0366094455837815 7.24034825956796e-05 0.0368237831855232
1 0 0.000135591140749134 0.0110571275131974 0.000126060299263444 0.0114263717222657
0 0 0.000214036947341027 0.0340656446665205 0.000245422914429081 0.0355913616919511
1 0 0.00026647099370119 0.0229599581510724 0.000197879477041396 0.0234971702432586
1 1 8.1812121730829e-05 0.0152862577385865 7.14842114631996e-05 0.014764072376319
1 1 0.000187208831053148 0.0205935204484188 0.000137867623419266 0.019701106932768
1 1 0.000363069327423073 0.0128418002256451 0.000212652898822791 0.0119351687769262
1 1 7.7315735390995e-05 0.0155518749172003 5.53720190611261e-05 0.0149269066155864
1 1 0.000182434763657494 0.012837526849201 0.000168675601885992 0.0124879503787042
0 1 3.84445077513024e-05 0.0155427024644748 6.8904086576693e-05 0.0149733005879408
0 0 0.000199416798774229 0.023150654275491 0.000266031020500561 0.0234716120705299
0 1 0.000178912175569054 0.0270033609430139 0.000207868834582382 0.0265659601750263
0 0 4.41477107956903e-05 0.0126207381612929 4.88562671841246e-05 0.0128186780588127
0 0 1.9606856495759e-05 0.0169671956254338 4.5094181293957e-05 0.0171367153035203
0 1 8.51508638510102e-05 0.0264814750868871 0.000114782354093923 0.0259880110007088
0 0 0.000399184713048271 0.0230236551590651 0.000558875807283542 0.0233178936425637
1 0 0.000534125443885124 0.0134020080821234 0.000496422699612472 0.0136308973689022
1 0 3.35109221186406e-05 0.0178498245718589 2.65389323650289e-05 0.0181595982777684
1 0 9.98070752076515e-05 0.0223056772612482 7.54128184854203e-05 0.0232585653039969
0 1 2.41437291766834e-05 0.0176949010837162 4.1514791349222e-05 0.0169419471038345
0 1 7.30709755695867e-05 0.02680352714574 0.000158367102469003 0.02530099071804
0 0 3.29926879849797e-05 0.0136049992779415 7.6042433469177e-05 0.0136775065328886
0 1 1.52982508914512e-05 0.0342716215281452 3.02190625327445e-05 0.0341638969424042
1 0 0.000206883392671249 0.016161101276504 0.000203183970210433 0.0165619044482356
0 1 0.000758438054776073 0.02247121961179 0.0010138065817118 0.0222621132392328
1 1 2.36155304740425e-05 0.0115601293217012 1.69825569363864e-05 0.0112765243499142
0 0 0.000580278121896357 0.0148978215303303 0.000692813609087947 0.0149799432589474
0 0 3.25303273125294e-05 0.0158367286608515 4.93051758089005e-05 0.0161675593872578
0 0 4.05204843540143e-06 0.00953217507738952 5.22502356835715e-06 0.0100952694232907
0 1 1.07341836840273e-05 0.00765498203215553 6.43688172319773e-05 0.00741693458973329
1 1 0.000310104074023841 0.0154549997157067 0.000308873634694246 0.0148780214817281
1 0 0.000101025772960939 0.0282387857053532 7.43285685604173e-05 0.028706747727718
0 1 0.000166711982753521 0.0295434276923942 0.00017983050987555 0.0286068264154758
1 0 0.000112180660094005 0.0183626237153149 8.00421695791509e-05 0.0189259250883922
0 0 0.000152732488010248 0.00890218497788238 0.000208727577061713 0.00942155339467843
0 0 5.04999608394226e-05 0.0139588491798904 7.41530914856088e-05 0.0144947829503757
1 0 0.000132376868165529 0.00476514112252237 6.57431813003909e-05 0.00481261078155642
0 0 0.000134342724204758 0.0160346656821645 0.000154726440315222 0.0163434391762834
1 0 0.000648714199755596 0.0229683949511356 0.000191808061433084 0.0242576570872661
1 0 0.000132890539168884 0.00734083443964788 0.000127785575411075 0.00757414563796483
0 1 0.00010311115929407 0.0377886785112368 0.000135074370947646 0.0370315201055775
0 0 4.73074744938721e-05 0.00404790184241426 5.33157008431719e-05 0.00446170463902923
1 1 0.000583628000695945 0.0191542045634565 0.000399842531186236 0.0189913035633042
1 0 0.000235262496113793 0.0314945722886947 0.000191838507717033 0.0318387253584782
0 1 0.000487568362229626 0.0307624556324901 0.000636540875484435 0.0300407793146467
1 0 0.00011099324911158 0.0190645024893511 6.20380281204561e-05 0.0199123645085787
0 1 3.92781145755794e-06 0.00608867010104025 9.86822468806953e-06 0.00561255486963448
0 0 9.81077876501156e-05 0.0179689264039923 0.000101321979979226 0.0189348632822485
1 0 0.000495270219808762 0.0183724027264907 0.000254099712821264 0.0186221905503346
1 0 8.02050395302432e-05 0.0336821522234546 6.53619925200194e-05 0.0343745320644468
1 0 1.20782237278528e-05 0.00614055248724659 6.94007036310131e-06 0.00617340104116493
1 0 0.000100360686329049 0.0224024425821485 8.21972115298739e-05 0.0226500086472748
0 0 8.2402545827619e-05 0.00546809490389955 0.000110610247356549 0.00578371108273199
1 1 0.000130534455310568 0.0209282063408241 5.45098565169767e-05 0.0207217299108697
1 0 3.61365698462423e-05 0.0263379367256803 1.63102060012321e-05 0.0264111878278028
1 1 1.83177094188044e-05 0.00635644957840687 7.40310302143011e-06 0.00607897428923271
0 0 4.67167868636405e-05 0.00739291238602917 5.43180820996896e-05 0.00791517136265057
1 0 0.000140265797546668 0.0187500252699702 0.000117535176899806 0.0195051075813654
0 0 0.000100035013072207 0.00661375840868975 0.000110637579901028 0.00688950322874568
0 1 0.000200379777959087 0.0128723225171982 0.000261066688501309 0.012400344809702
1 0 5.4385409296043e-05 0.00626569851075792 2.19626017774946e-05 0.00647654520602909
0 1 0.000183791104687375 0.011042709682022 0.000244442014395597 0.011018540903561
1 0 0.000139944571091949 0.011421271030232 9.49380183449558e-05 0.0115228115094214
0 1 0.00110820146245061 0.0264587853122154 0.00137065895964451 0.0258720250169881
0 1 3.3884232490744e-05 0.00682889538691635 4.05453891176275e-05 0.00660570725016376
1 0 0.000281907131513272 0.0206535190754342 0.000221018506925118 0.0210672341732734
1 0 0.000101572454747087 0.0389255712773386 5.71078657220284e-05 0.0397633514934934
1 1 1.4814677637239e-05 0.0144433220205584 3.61230438488978e-06 0.0140139927773187
0 0 9.67281643975026e-05 0.0209646338516855 0.000135609848321464 0.0213189565160258
1 1 0.000188978784986535 0.0260980716381999 0.000156408661361069 0.0256713419907656
0 0 0.000113321057439766 0.0153007273239648 0.000139621812342384 0.0157353530572739
1 1 0.000382070323243195 0.0331527363856519 0.000358390184350601 0.0324024826082479
1 0 0.000771538705572436 0.0358621132885917 0.000575429348239844 0.0360188812722144
1 1 0.000126504629447699 0.0208263548762745 0.000104319200018823 0.0203183881953868
0 1 6.16161348934537e-05 0.00452463290078399 7.65202345342213e-05 0.00418945459420697
1 0 0.000135802712288401 0.0152091668435437 0.000127483941178725 0.0157255464627205
1 0 7.97286509897376e-05 0.0229786649229937 7.39876064761743e-05 0.0256614480984901
1 0 3.02855741828512e-05 0.00751171196153511 2.36911757887459e-05 0.00789812884828244
1 0 5.82488101554949e-05 0.0108516040807339 5.42895258320904e-05 0.0112284183311774
0 1 2.40523851644935e-05 0.0454934900517455 3.56409756309677e-05 0.0429678040591147
0 0 0.000171274072816275 0.030289009565493 0.000264417866328106 0.0303205857358635
0 0 5.92680647992213e-05 0.00797327189960344 6.49862816770584e-05 0.00799942655748222
1 0 0.00038441585334706 0.0140964282598546 0.00033125327939134 0.015045516301583
0 0 9.66453795438991e-05 0.0128421561172968 0.000116035323032938 0.0131989755872248
1 0 0.000235530058856009 0.0127307718380854 0.000218234404398445 0.0128262955088883
0 1 0.00100742340230948 0.0261525460535952 0.00107200717601285 0.025557906606142
1 1 3.43058866281414e-05 0.00645213143915864 2.56759242142839e-05 0.00634502054912831
0 0 0.000791351230485879 0.0250841244269633 0.000873160868807488 0.0251967454128289
1 0 0.000235954756187377 0.0151637689261084 0.000193536387840773 0.0154604119308218
1 0 0.000382524634070261 0.0210553933885878 0.000208740953835496 0.0216430601483547
0 0 0.000359328868362437 0.0412903196850757 0.000388167402312516 0.0426297453394773
0 0 5.25471280771069e-05 0.0107424552640942 5.748233923877e-05 0.0109641253247121
1 1 5.39375471755884e-05 0.0119813729212211 3.18656033075746e-05 0.011306612247959
1 0 0.000408199791670038 0.0262445301868856 0.000355448151786539 0.0268957735948921
0 1 0.00012562777862285 0.0133584103209735 0.000174134596824571 0.0130161689831269
1 0 0.000154867541110976 0.0178086982812068 0.000105311078947327 0.0179573987855957
1 0 0.000514473668127238 0.034296235777154 0.000467759701721702 0.0350565375756205
0 0 0.000125839668134692 0.0203858701300611 0.00018589429431186 0.0207971829821644
1 0 0.000424446298023112 0.0266452510414659 0.000237324784667568 0.0276480943148041
1 0 0.000250443287189711 0.0272724135985266 0.000163987239033981 0.0274669865641228
1 1 3.50492292166755e-05 0.0100931886538908 2.69804585123489e-05 0.00975204838062639
1 0 9.58055198466869e-05 0.00658821564506462 2.49555599413373e-05 0.0065890007238235
1 1 0.00018360952734722 0.0404881424992023 0.00018290219209746 0.0394125945112852
1 0 0.000577533243082007 0.0251541850937939 0.000482356675772103 0.0255949053005816
0 1 0.000309527209582091 0.0276105577105115 0.000317751637581658 0.0267574606839408
1 0 7.10408749218789e-05 0.0246295941731738 6.7622932208907e-05 0.0248133602927671
0 1 5.97783973922055e-05 0.0220298239821321 7.23578833557744e-05 0.0211018617955416
1 1 0.000230426045357631 0.0114294576661996 0.000213786890544558 0.0109931607650074
0 0 5.77937289745964e-05 0.0311043349088876 8.17571666538236e-05 0.0326160126277748
0 1 0.000313387643189231 0.0286711365535196 0.000320850782888051 0.0282422532501838
0 0 1.12699692944644e-05 0.0144298719985802 1.70783951593464e-05 0.0145640391691165
0 1 0.000143540722216256 0.0312968596815704 0.000160455064426221 0.0304599560115275
1 1 0.000157433080916299 0.0137178475008021 9.76757779581967e-05 0.0135790243406067
1 0 0.000143377966996869 0.0222867214815291 0.000106703650712393 0.0223987506122036
1 1 0.000478054008474764 0.00908994023501829 0.000324527413202278 0.00879137166264646
1 0 0.000133335329731353 0.0130267083299898 0.000115124257457887 0.0130720057469021
0 1 0.000268312663635199 0.0247373709280866 0.000311061041106678 0.0233802678570769
1 1 8.44666425409606e-05 0.0141229149632549 7.47806584107404e-05 0.013556938412412
1 1 0.00038251346389663 0.0206689767402479 0.000343457437399339 0.0201440331339605
1 1 5.90118012287456e-05 0.0101775200553752 2.96031682195931e-05 0.0100790349121291
1 1 3.49040731227372e-05 0.00721618107824881 1.79780306282425e-05 0.00721560397322212
0 0 0.000499086783527669 0.0329421459322782 0.000557649434308167 0.0345771788881384
0 0 1.94151823416212e-05 0.00484371307479131 4.18629967403543e-05 0.00489460629567284
1 1 0.000204996969692739 0.0159018297660991 8.19687108806221e-05 0.0155569133658241
0 1 0.000305582636309769 0.0163336308047631 0.000395880393138532 0.0158577112100949
0 1 0.000196908313511647 0.0198201541033429 0.000199444244988233 0.0191465456450255
1 1 0.000124390999532404 0.0179435019579513 9.93612957184997e-05 0.0178816217336289
1 0 1.19145005024763e-05 0.00590400088274681 5.95297508416169e-06 0.00590455490173722
1 1 3.48710075377477e-05 0.0261872914845564 3.02771453671242e-05 0.0260019395785979
0 1 4.76242193150071e-05 0.0121726560685604 4.76814695105561e-05 0.0110504017351683
1 1 0.000495255015146021 0.0221869498647312 0.000368362111784158 0.0220751390316173
0 0 5.65067625740366e-05 0.0199094564777414 9.73300403960441e-05 0.0199454723493258
0 0 1.84448151940519e-05 0.00612168299222102 2.82621659007604e-05 0.00619501119747719
0 1 0.000262874806776908 0.0175795395058197 0.000330939541423189 0.016729872744351
1 1 0.000299145067783812 0.0188046454071074 0.000261512237339768 0.0180797155344657
0 1 0.000122878391059292 0.00670274866561549 0.000128974104304361 0.00642223027512579
1 1 0.000722502412537842 0.0319348998275445 0.000699524080344581 0.0315207144157535
1 0 0.000282880456731989 0.0131199393908477 0.000172590892628777 0.0138816798485957
0 1 0.000313178232578114 0.0171514009797417 0.000353478638148769 0.0168962870564409
1 1 0.00040006348027291 0.0302220758145946 0.00039124615976812 0.0292812850962015
1 0 8.48684995709967e-05 0.00839002370226142 3.12092868657694e-05 0.00898109521425068
1 1 0.000227719244732827 0.00753036615062896 0.000179552852672055 0.00741483136828847
0 0 9.600805279048e-05 0.0147391504130556 0.000131552957965899 0.0148080406031115
0 0 0.000633547082779494 0.0196748475051955 0.000682463559743935 0.019827720430025
1 0 3.385458809198e-05 0.0178994166825114 2.3653919153951e-05 0.0179443896241562
1 1 0.000121155430055811 0.00773809894132543 6.79201778971902e-05 0.00765835730118026
0 1 0.000150739807641022 0.0216070319465052 0.000187982559183241 0.0213828805952641
1 0 0.000211778035270694 0.0113722181788031 9.38042954659934e-05 0.0113927665789902
1 0 0.000573284258746718 0.0289191811229597 0.000537055687192409 0.0308622677796949
0 1 7.65371665679522e-06 0.00953606724359437 1.97426979907635e-05 0.00910579154537747
1 1 0.000640256103184035 0.0187401145003886 0.000366543078960231 0.0182346723342118
0 0 0.000142681827237398 0.0159654118230313 0.000162152797805285 0.0161725620861903
0 1 0.000537590127735955 0.0281062574867911 0.000725188473417417 0.0280659710738354
0 1 0.000213306269732502 0.0251561844831908 0.000250308320350014 0.0250792631149992
0 1 5.59240272592541e-05 0.0352882622395543 5.96950451553027e-05 0.034841686786802
0 1 5.06159301691612e-05 0.00785690122283072 6.96805404400841e-05 0.00771939917925974
0 0 8.86569810679485e-05 0.0199958809415338 0.000101165103392517 0.0202239078149799
0 0 0.00036608166360313 0.018634978011184 0.00037503499155077 0.0190581228802187
1 1 6.03317207992335e-05 0.00956858989185802 5.77973672298106e-05 0.00944443376989084
0 1 8.2986083208538e-05 0.025192411362958 0.000101715460036789 0.0240861128634062
1 1 0.00141373897452134 0.00843845510463559 0.000853344306179133 0.00830983454212756
0 0 0.000250906113334897 0.0258685784331915 0.000273861675007343 0.0259258536579424
1 0 0.000653802016040953 0.0216766020364715 0.000421200009090684 0.0222450224370605
1 1 8.717151933186e-05 0.00912596964730262 3.97750937090703e-05 0.00859192883994877
1 1 0.000199299102798759 0.027140136918205 0.000150002735168061 0.0268940445144299
0 0 0.00047243350939871 0.0167680705725335 0.000809852936732518 0.0169007636019743
1 0 0.000884006725059918 0.0462179970929637 0.000813847845748236 0.0482473770547004
0 1 0.000365564015054993 0.033756274065412 0.00048538544866336 0.0329231680126179
1 0 0.000255180436348794 0.0196335398708604 4.22657003912345e-05 0.0198875517702382
0 1 0.000122060906833455 0.025240149519973 0.00013585920334532 0.0252077333716707
0 0 6.69881312863676e-05 0.0140646743930688 0.000105011832266363 0.0142548011351656
0 0 4.55287327358886e-05 0.0226617932698835 4.90280959138949e-05 0.0233142850250586
0 1 0.000183888088642304 0.0297818450416386 0.000187359664407739 0.0287740150503408
1 1 0.00010918131467214 0.00696790507866932 5.25704975103684e-05 0.0068772077622789
1 0 6.14704735443242e-05 0.00579046070979964 2.00899601316384e-05 0.0058530983471459
0 1 5.99774270290965e-05 0.0231310858855345 7.42264086012981e-05 0.0216345422443722
1 0 6.51178615905593e-05 0.0151311238926013 3.49720248252944e-05 0.0158584254252264
1 1 0.000221636562566135 0.0172063533385702 0.000206832490713936 0.0168214816174442
1 0 0.000205812056897025 0.0153768985133371 5.55668764384901e-05 0.0158601354575282
1 1 0.00104942805454558 0.0243630924170277 0.00063119606397115 0.024157080691933
0 1 3.36040239370281e-05 0.0133090576169626 4.46321992273137e-05 0.0127020986699072
1 0 0.000447744567611915 0.0207544008947542 0.000430876594830493 0.0216608134291173
0 1 0.000462952300118017 0.0240358449718061 0.000496963754006197 0.0232185306322835
1 1 0.000254170783389846 0.0178557139224456 0.000245367520776346 0.0172673028440053
1 1 0.000243077660449032 0.0261126775075103 0.000225136548091882 0.0251621135811568
1 0 0.000518165914138419 0.0410991029458765 0.000462895521509413 0.0416079956760789
0 0 0.000827708915861412 0.0402162758725327 0.00088773564673314 0.0410725653329842
0 0 0.000112567687429781 0.0176808990512326 0.000160782452479129 0.0181606180931662
0 0 0.000206599479313843 0.0174752853073822 0.000255427036397758 0.0179717895321113
0 0 0.000186223677704218 0.0362639920048116 0.000213915888824469 0.0366204844010619
0 0 0.000177501838239469 0.0197499437706364 0.000359920819722653 0.0200405697264158
1 1 0.000270813504705029 0.0109820545017597 0.000202567247306301 0.0107380786044419
0 0 9.3440670348178e-06 0.0190647131414748 1.07587513025418e-05 0.0192115399691964
1 0 5.71851884485326e-05 0.0181156671683133 1.32526819747177e-05 0.0191063144639136
0 1 0.000193678835140474 0.0104226684784725 0.000202394606476044 0.0102237565299328
1 1 5.35239157289393e-05 0.0471960964324789 5.30197589708097e-05 0.045223103860473
1 0 0.000178524824224979 0.0182002304600727 0.000120922208124717 0.0189555480231272
1 1 6.85827344420715e-05 0.0157228123999588 4.34692675177969e-05 0.0154699200009156
1 1 8.44470708875969e-05 0.0181189306707761 2.87855971513951e-05 0.0179876365669529
0 1 8.86714860052543e-05 0.0327931348150045 0.000234078686354608 0.0313637838907934
0 1 1.02395420454159e-05 0.00487082493060793 2.11111573945163e-05 0.00462981754175414
0 1 0.00014860202622775 0.033134157493016 0.000158283162366437 0.0320841150387103
0 0 1.22056941448593e-05 0.0140517986210218 5.316109073543e-05 0.0145183973767082
0 1 0.000238246178408245 0.0172120405234781 0.00024830349730462 0.0161622563513629
1 1 4.41952652592212e-05 0.0116022230888143 3.18359739993012e-05 0.0115307422879583
0 1 0.000207638350301809 0.0149292419431584 0.000369559955043462 0.0142484284776318
1 1 0.000430242213754124 0.0357005709537568 0.00038537237536498 0.0356664643852322
0 1 0.000114627984081809 0.0129187708728404 0.000153930469902736 0.0122408104963511
1 0 4.21989627514003e-05 0.0143739005340635 2.79294471227758e-05 0.0146020564232556
1 0 9.15136181104084e-05 0.00519011706309841 7.15489518889165e-05 0.00546384005138435
1 0 0.000146849024986364 0.0181927372058253 0.000103998989707013 0.0182287014414446
0 0 0.000476371425111474 0.017747498088145 0.000597958878011235 0.018416490253162
1 0 0.000255094832411982 0.0148432252609782 0.00010938113079045 0.0156787421116572
1 0 0.000118959068967406 0.0186640210857748 8.77970240419958e-05 0.0188704349126887
1 1 0.000168952255889158 0.0265463330489332 8.38491291450938e-05 0.0264417003307434
1 1 7.68042819453867e-05 0.014107424279938 3.67331024813204e-05 0.0139401706237364
1 0 0.000340551509918789 0.0204277968260337 0.000315963519579745 0.0210995043724689
0 0 0.00014349735374886 0.0184344446592717 0.000171800247860243 0.0184440414088481
1 1 0.000198102015242053 0.0124060889833527 0.000155418340163664 0.0121214627140575
1 0 0.000615326881106295 0.0242335499045237 0.000531642185687708 0.0246526024464033
1 1 0.000376916617543248 0.00886686434670359 0.000375937692154434 0.00769431940091777
0 1 0.000111102208685234 0.0226071860842995 0.000128409177427823 0.0213823770734526
1 0 0.000975994348794813 0.0250624722467401 0.00071758220983105 0.0252401122513418
1 1 0.000150824040798255 0.0154700665451508 8.04376120729798e-05 0.0146554394074331
0 0 0.00018785978457598 0.01451819797702 0.000204083150994451 0.0146612598831576
0 0 5.55846664909381e-05 0.00721939598224732 5.73406811704193e-05 0.00724072898729251
1 0 1.80597412663304e-05 0.00920538538250312 8.40687294105166e-06 0.00984646314599173
0 1 0.000169189966591293 0.0213708178149978 0.000235159610000943 0.0210172486683236
0 0 1.74126570777676e-05 0.0128759542069078 2.12235362516389e-05 0.0136033056107557
0 0 3.13859799802904e-05 0.00810036983170698 3.71175125033861e-05 0.00856420645738134
0 1 0.000487548631478403 0.0385479752346876 0.000533786409072986 0.038383344192122
0 0 6.89254328700487e-06 0.00662531429986634 1.7497485021243e-05 0.00689059389437433
0 0 0.000450325295996102 0.0206564663655734 0.000640282427624256 0.0213305650653461
1 1 0.000250098863845492 0.0137635883915384 0.000156302306222217 0.0136760753085792
1 0 0.000203829664583507 0.0174429360091137 0.000156490127339945 0.0176181777398975
1 1 4.35415236517782e-05 0.0253644321529392 4.19264166914852e-05 0.0247673337069916
1 0 0.000972490371146117 0.0278354632622928 0.000918153373133519 0.0289839903643974
0 0 2.07989884276666e-05 0.0238868156312584 5.87642163614269e-05 0.0247578773945777
1 0 0.000157850727903551 0.0141988465902421 0.000144583981222297 0.0145611901496033
1 0 0.000143795544896466 0.0267000236606165 8.66425025676019e-05 0.0269123259638992
1 1 0.00112928240314495 0.0279192529194048 0.0011277602894335 0.027284593753985
1 1 0.000413466277618186 0.0261440862465567 0.00039051062487307 0.0256685692824537
1 1 0.000721886475790089 0.0357240709307772 0.000557747585378917 0.0345219471775721
1 1 0.000251974130787471 0.0151209250435643 0.000248661933789264 0.0150515979647348
1 1 4.73399534596137e-05 0.00648212080154536 2.91758687951715e-05 0.00596859643381485
1 1 6.98948164215816e-05 0.0147709702451453 3.51965500104105e-05 0.0143009568518893
0 0 0.000323062831654454 0.0294909488140206 0.000359276765337638 0.030038426030781
0 1 9.56528293848355e-05 0.0250335269005913 9.59954831622964e-05 0.024760950092698
0 1 0.000333342576132336 0.0351306441142014 0.000348455883385467 0.0344967029796598
0 1 0.00103162489070073 0.0281265133442892 0.00104578614974923 0.0276143424206634
1 1 3.19466675152007e-05 0.00199369880875867 1.24184365768895e-05 0.00196773900751339
1 0 0.0003486125743849 0.0218226065139546 0.000235000857735184 0.0230454383606599
1 0 0.000235380408419875 0.0203222207963763 0.000191547214388987 0.0210578239541876
0 0 0.000151760622640683 0.0288443167144011 0.000179235003170828 0.0297074523137067
0 1 0.000155559350261121 0.0158546467840928 0.000232848527357807 0.015503728916841
1 1 0.000226175896648824 0.0194346756910246 0.000144313772592258 0.0194061311728361
1 1 0.000335013740880961 0.0336268817557137 0.000266416214098967 0.0333244428008412
0 0 0.000198117036878954 0.0295978239827594 0.000210309297106744 0.0297938309042967
1 1 1.26411307028968e-05 0.0102827743411108 8.13107859984287e-06 0.00939784320091539
1 1 0.000114810194093923 0.0115711530974961 0.000112251295357319 0.0115329173337986
1 0 0.000347892012821859 0.0150753630134656 0.000123253110281225 0.0154917487372843
0 1 0.000149829145242455 0.0217541745369276 0.000156880775486603 0.0216452709079846
0 1 5.65347106951922e-05 0.016446340615972 0.000102134929670178 0.0160510655770126
1 0 7.62084923995277e-05 0.0160424696014397 4.49042380246369e-05 0.0165289109540221
0 0 4.87415469605444e-05 0.0203234905448715 6.15892491705017e-05 0.0206384916350043
0 0 0.000128696623945092 0.0170600766502761 0.000157856563465032 0.0181992738988283
1 0 0.000252503243138624 0.0165785065155781 0.00022128115842898 0.016854473748402
0 1 0.000119703439390762 0.0289633003998418 0.000125233148326363 0.0278762558671767
1 0 9.43007043426716e-05 0.0201216012867929 8.24030060118801e-05 0.0206400370149343
1 0 7.42846284880664e-05 0.0107776874457747 4.15693694921421e-05 0.0113084228353237
1 1 0.000749339299110514 0.0175481028406273 0.00043494565182263 0.0171177872632627
1 1 5.94572055753944e-06 0.00476273108304537 3.26564240466165e-06 0.00472699487767991
0 1 8.05402668769605e-05 0.0370802605623029 8.24099708139016e-05 0.0367700858460792
1 1 0.000109744669933659 0.0130223628783742 8.66170951440595e-05 0.0121426342399347
1 0 0.000152795970254514 0.0292219820806181 7.97452954172506e-05 0.0295442062954236
0 1 0.000133080613241553 0.0149942832925537 0.000134498781426731 0.0141438676088249
1 0 0.000189799214684523 0.0326428337634014 0.000160371712795302 0.0335450228071507
1 0 6.57945027708545e-05 0.00991320852036319 2.36919500462571e-05 0.0101741904183276
1 0 7.74352818544886e-05 0.0167786384032462 6.09038001344732e-05 0.0172427176258495
1 0 0.000134720440971822 0.00891765357061014 0.000101019026906884 0.00892766164904528
0 1 5.48569663203979e-05 0.0111238447544585 0.000126290769134611 0.0107604880834305
0 0 9.49761712909492e-06 0.00863592007885236 1.41115776837415e-05 0.00877134587038319
0 1 0.000516618735392623 0.0136283909600352 0.000615486534993349 0.0133391318247543
0 1 0.000108767328654257 0.00375371496573342 0.00019152816928564 0.00367675126747421
1 1 7.04473087840921e-05 0.0120472513900639 5.85712598543787e-05 0.011412483582545
1 0 3.56587748499049e-05 0.00209692836944076 8.6818540547368e-06 0.00221612043995625
1 1 0.000641754141887876 0.0258161974296058 0.000469486860439164 0.0254816990845632
0 0 0.000136329557875072 0.0319868080079844 0.000137424487314786 0.0324798026565355
1 0 8.45981000207349e-05 0.0154689683169295 4.7625031667661e-05 0.0163295298250124
1 1 0.000438349201911925 0.0108755944710863 0.000282998917604175 0.0106838642467363
1 1 0.000271050045241022 0.0227045452061121 0.000226426296840772 0.0220972200038219
1 0 0.000259672779272847 0.0101660703404105 0.000206640300774637 0.0107103642346167
0 0 4.73487843893656e-05 0.0054093923737522 5.35955177425788e-05 0.00541412137345129
0 1 0.000117123428691306 0.0326243925922315 0.000121631703310522 0.0316573513766338
1 1 6.05861233812491e-05 0.00350737968679281 1.59697330983025e-05 0.00325358670873123
0 0 0.00015210705857218 0.0103785448853547 0.000217156560857505 0.010553705022952
1 1 0.00145680273930654 0.0283238585269196 0.00140440161671403 0.0272582325721303
0 0 0.000103212476184041 0.00943302520676449 0.000130019861830089 0.009684531381518
1 1 0.000266024197678538 0.0397861905556988 0.000150353170210463 0.0362204688401176
1 0 0.000149234240867871 0.0351647591119901 0.000112352548843898 0.0362824936546519
1 1 0.000133149396619428 0.0289191470659008 9.61565153722953e-05 0.0285296322196003
0 0 0.000184309504713866 0.0487659314496993 0.000223994228110441 0.0489956675960871
1 0 0.000155729406164874 0.0162469645597886 0.000125066394084346 0.0171404207521562
0 1 7.26995036376028e-05 0.0142343692586996 0.000106992843101525 0.0140510444374038
0 0 5.06227250346175e-05 0.0298600515316254 0.000134163830360904 0.0299729970800119
1 0 0.000347813103884136 0.0177862525762433 0.000279884338846706 0.0178429632404172
1 0 0.000628167308759416 0.0215614691294027 0.000596833094070495 0.0219824439469571
1 0 2.68417668005567e-05 0.0117756255409554 2.6001705248627e-05 0.0119118109232531
1 1 0.000100012533342383 0.019852104575798 8.16941566058986e-05 0.0195559791287987
0 1 3.83911066467606e-05 0.017134346578371 7.01948308493859e-05 0.0169531306387211
1 0 0.000249435236489779 0.0127988159261481 0.000176855814405471 0.0128604587336409
1 1 0.000130752207062435 0.0135829614700423 7.53428182679001e-05 0.0133073054635508
1 1 8.70146284338821e-05 0.0132997018056172 5.60580020857742e-05 0.0129059862954843
0 1 1.00399528405692e-05 0.00774208366417863 1.0751405358188e-05 0.00772838353750689
1 1 1.71321865571819e-05 0.00677782220318538 1.48917741857783e-05 0.00632727189365209
1 0 6.21493625041276e-05 0.0135720420998759 5.42331501365539e-05 0.0136675640024795
1 0 0.000402708462123779 0.0265055666645183 0.000307705311532031 0.0269770452640874
0 1 0.000297681611127835 0.0570103316822529 0.000387200162089603 0.0554063149340639
1 1 0.000278573143455484 0.0231075670838014 0.000185809790852331 0.0227331194546157
1 0 8.59163903455334e-05 0.0156374667095055 6.5918558898448e-05 0.0161372987150564
0 0 0.000108753861427199 0.0123295390419785 0.000118106167452242 0.0126130441632214
1 1 5.38058793649005e-05 0.00621757678565373 4.94003591860929e-05 0.0061561938208978
0 0 9.37817999302911e-05 0.0206683227124112 9.5053655963543e-05 0.0207893833038566
1 0 3.96467524855606e-05 0.0124218905840242 3.6920676863456e-05 0.0126911714320862
0 1 0.000179042457795673 0.0123125937219818 0.000201896445180162 0.011541256185938
1 1 5.21503518520338e-05 0.00159965311479373 2.73338603355827e-05 0.00157653096748554
1 0 8.94903590221433e-06 0.00228847861090801 5.52509307314802e-06 0.00234309623746138
1 0 4.59822155643766e-05 0.0074226191561593 2.77272148179048e-05 0.00794777876926372
1 0 0.000872375799423086 0.0154607454505935 0.000824346610478054 0.016076655776932
0 1 6.74645358224879e-05 0.0124993718494337 8.75733853491114e-05 0.0121618502695227
0 1 0.000291145285851563 0.0189494174430494 0.000440505451620627 0.0179546245281663
1 0 0.000135866129640665 0.0145824067745842 3.96619346006767e-05 0.0151927386018083
1 0 0.000150225459580219 0.0198163187942769 0.000108305743268925 0.0201363081176429
1 0 0.000104316923792868 0.00595057847083281 6.14442495690941e-05 0.00670687089512706
0 0 2.5542216128366e-05 0.0143915947313552 3.18413055650221e-05 0.0144499506090693
0 1 1.55397544435595e-05 0.0112648852605558 2.15794138985871e-05 0.0112327313741787
1 0 0.000155243675651394 0.0234001653336208 0.000110433783470121 0.02360581275551
1 1 0.000341567650752862 0.0208357043818064 0.000278612784889761 0.0203614104664823
0 0 0.000231375179887271 0.0319907098484453 0.000342800199082407 0.0325190360196599
1 0 1.84387083262784e-05 0.0270990054677185 4.35493603560774e-06 0.0272858490595421
0 1 6.97397222030712e-05 0.0252512378279483 7.7776896177069e-05 0.0250173825168253
1 0 0.00014780883263253 0.0091943254314428 9.4035196211435e-05 0.00957441335291391
0 0 9.90561439915278e-05 0.0439653378602486 0.000148850484931615 0.0453541354370021
1 1 0.00024221260841893 0.009253755471519 0.000108963743732006 0.00864920025245211
1 0 0.000691886228312151 0.0501868134184444 0.000616279405207698 0.0515400232957426
0 0 5.36498979594008e-06 0.00911623667024865 1.52670443628434e-05 0.00913004976792348
0 0 0.000227549743806835 0.024897769585618 0.000371234835424701 0.0249492568784651
1 1 1.14152082896353e-05 0.0127424474365809 9.65798570250623e-06 0.0116483664083513
1 0 0.000366842333410594 0.0141040007402911 0.000259242732831058 0.0144315129648952
1 0 0.000170194947604226 0.0110756058984113 0.000120355770276249 0.011091598912984
1 0 0.00014274527125216 0.0219239095127941 0.000122491477925758 0.0220281618815043
1 0 0.000647899217729898 0.0198693385196607 0.000302825606735186 0.0207857535555731
1 0 0.000320889733706875 0.0140509606444356 0.000240387729714168 0.0142118767292605
1 0 0.000493965717349934 0.0346785554269684 0.000437630203166012 0.0365142844722233
1 0 0.00034956354613238 0.0223841122442331 0.000271587016735992 0.022890163625899
1 1 0.000148499261351764 0.0128966469073882 0.000123186875629037 0.0123456379310247
0 0 0.000164983023013511 0.0120665475716093 0.000262732137451942 0.0122653934928559
0 0 0.000527718035613247 0.0210224696623489 0.000574060394270657 0.0215713389452772
1 0 0.000451205585539022 0.0276051972366489 0.000294414145895174 0.0277274403554509
0 1 9.61376312601092e-05 0.0153175984359007 0.000122592139695555 0.0147269715184718
0 0 2.72682230948476e-05 0.0090485716275444 2.76289754916533e-05 0.00934155352355279
0 1 4.98564033056084e-05 0.0226607538193775 5.6440187735335e-05 0.0222115561625945
0 0 5.88540803994759e-05 0.0145903654524413 0.000164183573209183 0.0153140207410015
0 0 0.00017967253588785 0.0203730260863584 0.00019034318034566 0.0209961111896892
1 1 0.000270360166100367 0.0230338985790862 0.000243908590663574 0.0225488913684127
1 0 1.3365372406096e-05 0.011494991283561 1.14908974130424e-05 0.0125002949674736
0 1 0.00015260681805633 0.0167394580011068 0.00018647838404973 0.0167382908410811
1 1 0.000724127630341983 0.0282327757475531 0.000641758120364255 0.0274935795074316
1 1 0.000211930859552099 0.00956399446577415 0.000146724154274738 0.00920423870277031
1 1 9.45413555629091e-05 0.0258290998947298 8.71899932215771e-05 0.0257847248219213
1 1 7.88481781350809e-05 0.0219421885550173 6.23507555217503e-05 0.021576058521543
1 0 0.000402796873682641 0.0154144148423327 0.000269295171545259 0.0158498795406323
1 1 7.27655290982593e-05 0.00818014072140427 3.00629112881955e-05 0.00776846276487987
0 1 0.000111103212408164 0.00921733392114704 0.000182987084694554 0.00882335393516322
1 1 0.000120961051235895 0.00701719283527582 0.000110456141267447 0.00691958193660872
0 0 0.000689860212011388 0.0334952620561975 0.000694661285917235 0.0345090108045556
1 0 0.000166349118039274 0.0199608611376983 0.000122729276283566 0.0204815049082141
0 1 0.000435244013012476 0.0426594575752613 0.000525681721446069 0.0414066027445965
0 0 0.000203911050583307 0.0306688872889705 0.000309280419967842 0.0307810187615132
0 1 3.93536521415428e-05 0.00505314368379083 4.27251167211186e-05 0.00502278648472167
1 0 0.000214017076850826 0.0197664933103176 0.000124737592134367 0.0199241123930185
1 1 0.000114846829399789 0.0154815829063423 6.63697007643167e-05 0.0150507077807743
1 1 7.44272473328413e-05 0.0244724706626605 4.94159683570821e-05 0.0241085824485685
1 0 0.000515428551264143 0.0175419205002233 0.000489847782635905 0.0179999746693461
0 1 8.35407607047734e-05 0.00974924563153699 9.5215065732767e-05 0.00942829821918961
1 0 0.000301757925188678 0.0203794676199514 0.000285089087198989 0.0208572537004885
0 1 5.49539165211465e-05 0.00468321828739549 6.66117253692538e-05 0.00452339668153557
1 1 0.000197721433772518 0.00398997828712535 5.38042567927081e-05 0.00397794120870209
1 0 8.28002775674594e-05 0.00499326449369011 4.22992286010039e-05 0.00512555219572237
1 0 0.000147225146906546 0.0158427714107286 0.000111317263236016 0.0159125609316624
0 1 1.27867648402199e-05 0.00577658198737532 2.70737441280042e-05 0.00565415632498537
0 1 7.66724993422349e-05 0.0208550828016352 9.35919925269548e-05 0.020256051191001
0 1 0.000494960790649211 0.0232620983778195 0.000664977845935436 0.0226232967470098
1 0 0.00016217217004579 0.0204735613461889 8.80795925808065e-05 0.0218354050378757
0 0 2.22112762274036e-06 0.0104292961696361 7.73891476071728e-06 0.0119511000152121
0 1 3.16872183222456e-05 0.00759683986656203 4.43353828044549e-05 0.00755969109652553
1 1 0.000422493734326778 0.0225563286822822 0.000300458044399167 0.0221668055789394
0 1 0.000140899402210307 0.00819655185462497 0.000167120825179404 0.00791040317127183
0 1 2.10612229333799e-05 0.0104346783509448 2.19503008578157e-05 0.0102202051377097
1 0 0.000903227593737446 0.0121205842531455 0.000840460518705671 0.0121541259069925
1 0 1.22700807853474e-05 0.00634266694148646 5.02620557860041e-06 0.00693569418874805
0 1 0.000275113845788659 0.0180675295874191 0.000409704382463006 0.0179124119475841
0 0 2.57686370228424e-06 0.0097683228270739 1.16350547148794e-05 0.0099993158850352
1 1 0.000666858453203822 0.0226042107331833 0.000642830450906559 0.0225665999367699
1 1 0.000166948460477033 0.022304449602183 0.000157445098315855 0.0216463378129197
0 1 0.00017243534979395 0.0129602868113743 0.00018965047520885 0.0129257286645035
1 0 0.00017761008452093 0.0173430596723234 0.000164123468100756 0.0182754875848066
1 0 7.68345612359945e-05 0.0141303728589973 3.05648627714364e-05 0.0144220541947438
0 1 8.35012400636518e-05 0.0041857511792988 0.000101775083590767 0.00412043667712004
1 1 1.88893850210812e-05 0.0122435269431198 1.34411378943207e-05 0.0120628185698254
0 1 2.88718373885951e-05 0.0182379159832403 4.84901083483617e-05 0.0178444693839964
0 0 7.83546093922105e-05 0.00699843194581952 0.00018884979558809 0.00720841959426035
0 1 0.000303520706362488 0.0147962714987397 0.000305879164393522 0.0146558983332409
0 0 4.14018075856427e-05 0.0124717510533683 4.34634252235913e-05 0.0130963126827084
1 0 8.71109308729543e-05 0.0246386768058254 7.06884941005545e-05 0.0257838845865382
1 1 1.87604166946e-05 0.019461484258104 1.85807210206137e-05 0.0193466267668553
0 1 0.000463939405719299 0.0249277391268456 0.000530378851103375 0.0247171172416122
1 0 0.000556247844794436 0.0254689463470198 0.000474181389324913 0.0255291802271278
0 0 6.99678032250536e-05 0.0164106801528384 0.000108056063424593 0.0167566909504923
1 1 7.83073979139804e-05 0.0145776337101668 5.25200700252444e-05 0.0136816729108683
1 1 0.000171064178591315 0.0146397386724388 0.000166487818347588 0.0143107473406254
1 1 0.000125577519127726 0.0231521175352835 0.000115604058242471 0.0230859878322298
0 0 1.38320710708291e-05 0.00439526588275952 2.05663869021541e-05 0.00467248064319905
1 0 0.000353350989215183 0.0545931057905777 0.000283128288975326 0.0564478547558855
1 1 0.000167082285229736 0.0221099801635842 0.000128292526177473 0.0214380911536509
1 0 9.24036273971021e-05 0.0171280935597302 8.82124796509442e-05 0.0179535075723096
0 0 4.86817464904457e-05 0.0139116474540579 8.62355136520027e-05 0.014746589119628
0 1 0.000137005124823109 0.0120470799036201 0.000154996707067003 0.0119868535333444
1 1 3.91684727883853e-05 0.0070902228899532 2.81947100061596e-05 0.00708283554964994
0 0 6.46242792010128e-05 0.0124111548177264 7.41188418683478e-05 0.0128780938611887
1 1 0.00017634233097804 0.043357825288753 0.000164524489208702 0.0420138397148169
0 1 3.32717688067973e-05 0.0140190174839939 6.49354129703607e-05 0.0138648758291358
1 1 0.000247577007566101 0.0148653740550456 0.000112832953947318 0.014223984720784
1 1 9.5738193750154e-05 0.00887555746782896 8.87242865539941e-05 0.00864016244749732
1 0 0.000510677348860882 0.0117252202047099 0.000372747046038384 0.0121228994785425
1 1 6.79861790374875e-05 0.0156776487536865 4.3253802639351e-05 0.015590213444963
1 0 0.000111892892712759 0.0205575634778826 0.000105674903798318 0.0212824099977783
1 0 3.08555842314539e-05 0.02025449208902 7.24188852568023e-06 0.0204536533512902
1 1 4.4369865051418e-05 0.00784288206113882 2.19526039820325e-05 0.00776598409667768
0 0 0.000468652740280876 0.0223124591798536 0.000507121219699403 0.0232228427332485
0 1 2.68360161396161e-05 0.0155364368937553 6.81191437380657e-05 0.0152615903051271
0 1 0.000322637646039657 0.0197512510945064 0.000386396432678509 0.0193088809695654
1 0 0.000459223116486915 0.0198484701454238 0.000289542437852237 0.0200231922970031
1 1 0.000193932781677086 0.01928655031133 7.94454003645323e-05 0.0182672774799648
1 1 0.000225086697088013 0.0297976441554837 0.000197683274711252 0.0297760876819502
0 0 1.481013171892e-05 0.00373295192039448 3.74334532134037e-05 0.00400392642780188
1 1 0.000152870309157997 0.0268012116652138 0.000137123515753474 0.0264345173680657
0 0 0.000147339731330667 0.0246939555435857 0.000172617490601081 0.0247700538104744
1 1 0.000371457275553657 0.0231891757645489 0.000316921322445213 0.0229559623580146
1 0 3.53822875077618e-05 0.0243497020116006 2.66119313974773e-05 0.0248788515140443
0 1 1.94721760270502e-05 0.00646095896208212 2.76847736409107e-05 0.00608239126676725
0 1 0.000184320494386666 0.0270141849875441 0.000253523348512194 0.0255693499097896
1 1 0.000159722938983728 0.0282930196621126 0.000124630347692967 0.0270371178875449
0 0 7.3360542639296e-05 0.0180166474629822 8.3649430448237e-05 0.0184758065957878
1 1 0.000428048609183206 0.0176379031351478 0.000365671074292917 0.0173369228777032
1 1 0.000303296432899602 0.0283903462003507 0.000246834763248082 0.028166381338171
0 0 0.000266026528558961 0.0248513362723688 0.000276558404665589 0.0250451916250925
0 0 8.79439980909954e-05 0.0103695694388311 0.000160840413666089 0.0111792860342894
0 0 4.20431650307153e-05 0.0197715627279209 5.49486709427711e-05 0.0201120287565222
1 1 0.000258359456701544 0.0122610723230746 0.000142730804797751 0.0117351723658764
0 0 9.02535231343251e-05 0.00741439661864368 0.000102251325833762 0.00748867951764237
1 0 3.91858137648329e-05 0.0236285413035296 1.15080450634172e-05 0.0243499823976145
1 1 0.000324220694226591 0.0114548483368021 0.000223388332474003 0.010514678854081
0 1 0.000119093001382538 0.0152446186704241 0.000149130762305832 0.0151820410987094
0 1 0.000192804740653658 0.0460086322741951 0.000204570467928179 0.0435538587780368
0 0 0.00125048377933149 0.0317181519018881 0.00131065356895477 0.0322308889720289
0 1 3.8336005794742e-05 0.0248894328162895 5.97199947278651e-05 0.024153674532781
0 1 2.70179565230217e-05 0.0181775136575851 4.44404075914711e-05 0.0175629693817403
1 0 0.000338605185151646 0.00977687409031347 0.000223175593293346 0.0105509796697185
0 1 0.000104284826021634 0.0262501724301446 0.000174375606719752 0.0260469594866159
1 1 0.000507467422683171 0.0257987898297061 0.000415605553639587 0.0249651406298834
1 1 0.000107053005872786 0.024531455819865 7.37927273551432e-05 0.0243369280673509
0 0 7.48329711897129e-05 0.0289344110415859 7.97084359735664e-05 0.0296280838009754
1 0 6.78047011638899e-05 0.0211775773907618 5.21156072238077e-05 0.0220186663919192
1 0 0.000184292710512683 0.0120346062071477 0.000132163848105521 0.013020950628861
1 0 0.000275051494617221 0.0200851440243916 0.000266281850581986 0.020340958765193
1 0 0.000905050017473483 0.0281779132714293 0.00085582980709642 0.0286340051772727
1 0 0.00100196106905266 0.0500810434253481 0.000546073734849831 0.0514618451856577
0 0 2.07267419910641e-05 0.00913342595291157 2.64709405469751e-05 0.00947153955925864
0 0 0.000419547130177489 0.0296446354773855 0.000456789840061292 0.0296447750086341
0 0 5.96762583173541e-05 0.0146826026369262 8.12023636761368e-05 0.0150786860858114
1 0 3.93670623903858e-05 0.0181029931893748 2.99700739413317e-05 0.0187489991456583
1 1 9.34725216925599e-05 0.00881305537120354 4.40703418517723e-05 0.0084693486362188
1 0 5.49005521996739e-05 0.0181891909634315 3.82838235045471e-05 0.0182148446361853
1 0 0.000204315551564393 0.0111161981555205 0.000204073959316026 0.0112296555122041
0 0 0.000114458339873445 0.0127498053982394 0.000189663755208222 0.0132185888212252
0 1 5.97267183536762e-05 0.0135836853036491 6.257169320162e-05 0.0131323221287718
1 1 0.000185581670861283 0.00719444155603977 8.1127103436184e-05 0.0070568559221396
0 1 0.000296605327270688 0.0439723115037401 0.000340267354112494 0.0436146744339952
1 0 0.000652814315695292 0.0147561718947721 0.000449220661412897 0.0152701093144129
1 1 4.36712951565334e-05 0.00789955120722347 2.92521515168124e-05 0.00755030402500788
1 0 8.4759852570907e-05 0.0143470926570838 3.25282264815668e-05 0.014781967629058
1 1 5.53247525173479e-05 0.00984751303855356 3.58596327791958e-05 0.00934606687157738
1 1 0.000312156850345347 0.0121895172483561 0.000180880715485548 0.0113232927914013
0 1 3.38142970955967e-05 0.0135912670260889 3.4583643221768e-05 0.0131997522738457
1 0 4.60061330691418e-05 0.00504505869544456 1.95035367221833e-05 0.00513941613997474
1 0 0.000100822826064296 0.012546121867533 8.25677622402202e-05 0.0127960779857339
0 0 0.000198871247332318 0.0142841200146174 0.000246604003082321 0.0143002981479866
1 1 0.000130596331933526 0.0172485915427745 0.000119553200939438 0.017099749098227
1 0 0.000180292847011683 0.0154150424964733 0.000169938135177184 0.0155172243390597
0 1 0.000365803167567914 0.0210061210452308 0.000401856457703938 0.0201398955445861
1 1 0.000160677901116349 0.0105004199966635 0.000130615358141022 0.0103369264123654
0 0 0.000227326716499477 0.00464387796297396 0.000272744614306422 0.00470632713454659
1 1 0.00126727321935968 0.0319700115445029 0.00105730426925871 0.031740865108577
1 1 0.000912139308098983 0.0533391118437179 0.000604325036658598 0.0516809490171369
0 0 0.000199739295866563 0.0193956047345991 0.000294461918038803 0.0208664797215779
0 1 3.39255291682345e-05 0.0185045388015742 3.79802429148939e-05 0.0178432799745482
1 0 0.000105043373705781 0.0205985301460163 8.78932720500835e-05 0.0208070284059329
0 1 3.16873027804282e-06 0.00817806746452793 1.77609392704156e-05 0.00764907950018548
1 1 8.06449648283026e-05 0.0288490198731433 7.20926099690593e-05 0.0281508620701953
0 1 6.81421830992377e-05 0.0593931886013211 8.79877154662729e-05 0.0580238455698921
1 0 0.000118013269382277 0.00390062728477633 0.000101680355271099 0.00411446929465696
0 1 7.66671292507947e-05 0.0243460054454344 0.000119642816509742 0.0237462973356315
1 0 0.00096785589922058 0.0217183067543749 0.000762495115720496 0.0218895000016108
0 0 0.000466336546846978 0.0345070783133712 0.000606310281318398 0.0349333494511245
0 0 0.000196136713275066 0.0192451609645793 0.00021316904963167 0.0196083214279347
0 0 0.000327216098152442 0.0304425021399243 0.000369005679608316 0.0311667483014577
0 1 0.000235782946280115 0.0288869289478378 0.000317525929099092 0.0274310693718014
0 0 4.02464633452021e-05 0.00578192900409528 9.30587302988795e-05 0.00626617969365575
0 1 4.17323155457595e-05 0.00932772500969701 4.38567174779675e-05 0.00898185500572813
1 0 0.000460483600841858 0.0115535128948166 0.000417171881775031 0.0116317119434134
0 1 0.000131217870829488 0.0250731801850187 0.000163685444905349 0.0241353500858107
1 1 0.00017431640732854 0.00987785630809995 5.22841775580479e-05 0.0098441065941582
1 1 2.56930414545922e-05 0.00394741196849613 1.02590169706271e-05 0.00362907908408804
1 0 9.64168455200378e-05 0.0204703044551727 7.5311135724129e-05 0.0205427000860098
0 1 0.000147138857394564 0.0313509350012005 0.000196791093585375 0.0311418392282723
0 1 9.58552662470453e-05 0.00825457817352975 0.000131666617684826 0.00811817915433634
0 0 0.00034724935165166 0.0406356604791207 0.000401444081676818 0.0411729511130233
0 1 0.000464972492686067 0.051325486199381 0.000529824893575542 0.0505688747724034
0 1 4.15297034501934e-05 0.0106402223859387 9.65745831339751e-05 0.010277866298238
1 1 0.00010333562060446 0.0106903499091792 2.19413647569324e-05 0.0104908989688879
1 1 0.000325238751171253 0.0295230233787886 0.000247631688826976 0.0292795044202215
1 1 0.000213182034786431 0.0131416887122466 0.000169177058627766 0.0131313407528252
1 1 0.000249762621356912 0.0335506362604579 0.000159335070989199 0.0326868101855402
0 1 0.000124692113055626 0.00832050433616516 0.000129044923750668 0.00785746733405604
0 0 0.000169853005911003 0.0183978604855971 0.000194351677994346 0.0195557334128401
1 1 8.53086599145387e-05 0.0110655845815669 4.01605778852453e-05 0.00973469006383601
0 1 5.20051694624644e-05 0.0137969083035069 6.74295157465275e-05 0.013678508674218
1 0 0.000478236816104284 0.0174708614723809 0.000443096655718617 0.0178967264523755
0 0 0.000164443584302902 0.011844313282503 0.000189509311240778 0.0125083474853435
1 1 4.91592853676858e-05 0.0178312381545031 3.29159951459846e-05 0.0170240953110697
1 1 0.000487389597227328 0.0313746445213285 0.000417052056538308 0.031362620536628
1 1 8.07075353705667e-05 0.0289606629058813 6.31829016670842e-05 0.0289327563945917
1 1 0.000835164484674732 0.0289016283927498 0.000760610455471575 0.0269196948828784
0 1 8.86601395407401e-05 0.0195365461245043 0.000110544719830999 0.0190910455958371
1 1 1.37384512799599e-05 0.0056951720219273 6.46562370326776e-06 0.00555836616652492
1 1 0.000327790417693539 0.0150922653358139 0.000313105318463572 0.0146509131863489
1 0 0.000108448273971413 0.0274834861324144 9.02590205725369e-05 0.0281950590330763
0 0 0.000134469078288219 0.01394129409262 0.00017764309800345 0.0143015326428962
1 0 0.000155985176702888 0.0085264974924423 8.60490009146107e-05 0.00875844857482914
1 0 0.000153785033162979 0.0254875623562607 0.000121021036158909 0.0265765913532441
1 1 0.000551170213380902 0.0383491049463913 0.000522056731461946 0.0373077901938056
1 1 9.04234186773615e-05 0.0182557480359814 8.23349390621794e-05 0.017738405292817
0 1 3.43638161465493e-05 0.0126767075615225 3.59891411487135e-05 0.0120873528180254
0 0 0.000579576148069647 0.0382274319145567 0.000658069447097378 0.0385153281984718
0 1 0.000282585566893343 0.0305261017921261 0.000311107582946016 0.0299902699302373
1 0 0.000393320067817151 0.0180275849900393 0.000263625039642971 0.0186729830546133
1 0 9.86898368277389e-05 0.0126488243954712 9.56574384536056e-05 0.0131350955079816
1 1 0.000269724224967203 0.0173758381737522 0.000269464709382624 0.016853727252953
0 0 0.000147627467678318 0.0201508427809768 0.000177397542999878 0.0202419437905491
1 0 0.000182126570411621 0.0246504570039828 0.000132629022985561 0.0247109568033284
1 1 9.39673432123664e-05 0.0243758494990698 9.13366241126683e-05 0.0235317479969825
1 0 7.33283451952486e-05 0.0134395290796778 3.08052771661629e-05 0.0135353637770403
0 0 0.000172348589022511 0.0166961622646751 0.000178866140156443 0.0169284882729294
0 1 0.000269679911305524 0.0318562157895833 0.000276590293621259 0.0309092503130774
1 1 0.000141123079877569 0.0238166524351617 0.000129236391628902 0.0236530987199449
0 0 1.3976382369322e-05 0.0139585491011006 3.78289190735815e-05 0.015026147897246
0 1 0.000209659669591736 0.00945411590551799 0.000212961803783553 0.0090354057866006
0 0 0.000388969164270233 0.0388605022959986 0.000417770810552553 0.0398670492437323
1 1 3.87483708054307e-06 0.00452755995915855 1.6595000420048e-06 0.00409616624496441
0 0 1.36411460738729e-05 0.0109682808803557 1.80559137941535e-05 0.0110265714166154
0 1 0.000124226235205564 0.0120744650295635 0.000129483042825781 0.0119136776741862
1 1 0.000116846445975437 0.0171299256556735 9.52990806598231e-05 0.0169609106476163
0 0 0.000102257369062522 0.00780409755537276 0.000131304120685326 0.00788358205979082
1 0 3.96952290071882e-05 0.0170341743583971 3.75230902474085e-05 0.0170382464409335
1 1 0.000768710328172646 0.0488888533257865 0.000715055500141258 0.0485060946666631
0 0 5.91187453131296e-05 0.0202557816081982 7.40739139848024e-05 0.021178534384729
0 1 4.94949331849916e-05 0.0133999367313545 5.13693326294973e-05 0.0131853195305619
1 0 0.000849624396304675 0.0258839598965115 0.000762322379638058 0.0261905428871717
1 0 2.87278917845817e-05 0.00919739176497811 1.92531262769981e-05 0.00943279349745865
0 1 0.000172823603630887 0.0293782627100755 0.000241879844974953 0.0287878958456239
0 0 0.000128531790060588 0.00993836087290148 0.000134434115363313 0.0103187489832135
1 1 0.000183660191500824 0.0116965073753024 0.000132640444047176 0.0114707608244574
0 1 0.000158126868837968 0.0218788315962083 0.000176721831928661 0.0213546081226526
0 0 7.90461578012423e-05 0.0194115416333555 0.000240422258841872 0.0200265964930253
1 0 0.000203718682661186 0.0120492894868056 0.000106286635081067 0.0124688660583713
0 1 3.76704429702592e-05 0.0168852579937035 8.76631870073292e-05 0.0166237551960889
1 0 1.01552713784373e-05 0.00953899571184811 1.01471372954463e-05 0.00982233190892804
1 0 7.44664391693493e-05 0.0142100435828978 3.33830183135177e-05 0.0144196479267243
0 0 9.70704440583451e-05 0.0270288191277176 0.000128597620870985 0.0276881318586528
1 1 0.000362790754208304 0.0228030271104399 0.000310599652142933 0.022728474210726
1 0 0.000320305218512512 0.0195852880510362 0.000172296773173833 0.0203100104555282
1 1 0.000560888584711865 0.0136083564738919 0.000356422158897614 0.0132094007139693
0 0 0.000247938240251766 0.0269776042887634 0.000260704356633825 0.0286374046933534
1 0 1.29736728070322e-05 0.00341888180330192 4.54069460795157e-06 0.00351766824546501
0 0 0.000516349420580988 0.0255732329696641 0.00054801075168344 0.0263140455559043
1 0 7.73438160264741e-05 0.00817703598356694 4.90186788907321e-05 0.00832211044038616
1 1 8.28182687888273e-05 0.00992409097559575 4.16402096165924e-05 0.00963703125326775
0 1 0.000299667936133985 0.0230297698640653 0.000319811641616535 0.022307720165031
1 0 9.77687404348795e-05 0.013472123198948 4.9407358586397e-05 0.0135121622811644
1 0 0.000145774175825311 0.0195233397092905 0.000100837778287543 0.0195467675725177
1 0 9.85104520226243e-05 0.0306785339694252 9.61978477736112e-05 0.0311847929613081
0 1 0.000158927055681004 0.00931407619281231 0.000294176877057029 0.00905108858198563
1 1 0.000377850188727243 0.0228017821620256 0.000175597139133518 0.0223153290443606
1 1 0.000146743894506289 0.00837511753904776 7.761841061666e-05 0.00808481922964974
1 1 4.7508574042854e-05 0.00722441164272249 4.71155732833908e-05 0.00625663432327684
1 1 5.71989649017146e-05 0.00638497063354036 5.44207935225606e-05 0.00584362735163452
1 1 0.000291200199367108 0.0148280399541098 0.000178205662578079 0.0146541808608623
1 1 0.000292682497280866 0.0189490088036014 0.000271615556328186 0.0186640274984491
1 1 6.47080331894652e-05 0.0101259516373443 3.64612461825785e-05 0.00985212286667969
1 1 4.77584960993667e-05 0.005568837215403 6.67030069357863e-06 0.00555042147641301
1 1 0.000441311776981687 0.0208394870191714 0.000431691434497689 0.0196758899820519
1 0 0.000364389391393326 0.0150532460448117 0.000233251931161522 0.0157350687468162
1 0 0.000246639807717803 0.0247808526272433 0.000199185905973794 0.0251063241650172
1 1 0.000438924502764871 0.0193640560275221 0.000381352820258678 0.0187386394044385
1 1 0.000148967569226395 0.0134751651769511 6.34368243901378e-05 0.0132121326666262
1 1 0.000376821916493122 0.0173623848145359 0.000106450831338955 0.016417495912137
0 0 0.000344980746110711 0.0143889452770457 0.00035339869846009 0.0150952974390941
0 0 7.51463218766431e-05 0.00731779043235989 9.25069096205798e-05 0.00750686725263883
0 0 0.000194481786642297 0.0203313971820623 0.000261826423118802 0.0206140488440963
1 1 0.00014061112659032 0.0159873027593807 0.000137953542527433 0.0156876683043111
0 0 0.000208529181834044 0.0134771856969436 0.000245465576547997 0.0137014158534193
1 1 3.05178985199958e-05 0.00837492139844242 8.68487652538898e-06 0.00799917261793634
0 1 0.000473075343433901 0.0310106162091858 0.000556835834972039 0.0305254565500459
0 0 7.48674518838807e-05 0.0102920042061654 8.75851449538254e-05 0.0103121365131772
0 1 0.000224142843843106 0.0327556918973881 0.0002401329497607 0.0326107998696316
0 1 7.49133211543205e-06 0.0157562020907099 1.57579131411239e-05 0.0147672225075722
1 1 0.000182101158450581 0.0176565739768612 0.00018145686963309 0.0162921757770147
0 0 1.2661414659776e-05 0.0241931682380823 1.57136408044964e-05 0.0243086030369161
1 1 0.00017229572503075 0.0331716187216363 0.000112140162768068 0.0327472335379341
0 0 0.000290526871023958 0.0151475342767832 0.000394372196704852 0.0165244249354006
1 0 0.000142181143445254 0.0142392631922938 0.0001080870880679 0.0146859793435267
1 1 0.000469959127550843 0.0116709711263711 0.000307688969294398 0.0110023835811856
1 1 0.000225240499085572 0.0368672198138582 0.000214288461506346 0.0366022733375978
1 1 0.000807041789935887 0.0245321103687718 0.000540188106823349 0.0234513004402613
0 0 7.77388693566452e-05 0.0324601803666797 0.000132879040256412 0.0332712289455897
1 1 0.000168134511772361 0.00940317330079077 0.000111085078124776 0.00917688363517606
1 1 0.000597547238582011 0.0203300543501401 0.00059535806784402 0.0199814256438731
1 1 0.0011582999143058 0.021254648506071 0.00109931709731864 0.0211552760124192
0 1 6.39189521718599e-05 0.0600515652407338 6.76624744736773e-05 0.0593765146809571
0 0 0.000250338395740961 0.020511340705675 0.000252932850783173 0.0206006078280822
0 0 2.26454045678812e-05 0.00744167175777549 6.55966397054554e-05 0.00774542560269702
0 1 2.12606245156078e-05 0.0257388625802248 6.46188587015842e-05 0.024588177831925
1 0 0.000140264004458966 0.0161435495407734 7.11757597540302e-05 0.0165589465914337
1 1 0.000153707218211827 0.0167378702284037 0.000117313655309573 0.0165552658808556
0 1 6.0311387692167e-05 0.0362408326256706 6.45342098666205e-05 0.035115533772306
0 0 0.000320448820035843 0.0244542108886552 0.00036115852307222 0.0248616041601246
0 1 0.000163382050209727 0.0446429933563557 0.000196841509557585 0.0443007768481462
1 1 8.76881531447273e-05 0.0207694952381891 8.01581596567673e-05 0.0204538122826993
1 0 2.00816959653013e-05 0.00570560334132149 1.52312640059838e-05 0.00610790937472892
0 0 0.000219452627499456 0.0197190782435498 0.000219516881443737 0.0202944837836976
1 1 0.000326168406241741 0.0228869996280036 0.000221735339694775 0.0227007331891139
1 0 0.000199081082417744 0.0320071975561151 0.000121708508194087 0.03258970213949
1 1 0.00010429847014421 0.0315263611252356 6.47315315109575e-05 0.0300299797754115
0 1 5.32926132650108e-06 0.0123829882388129 1.26599320598237e-05 0.0115253600127318
0 0 0.000111662463509694 0.0177292530636923 0.000117678456835425 0.0186727190614406
0 0 6.76983973716874e-06 0.0113816358763892 4.12489765844467e-05 0.0117823430941273
1 1 0.000138875930216466 0.0192543898462021 0.000133702723894699 0.019243076971202
1 0 0.000329566302058954 0.0121716928121199 0.000149140786090392 0.012200753284781
1 1 0.00114895552257853 0.0382350043840502 0.000943017169308867 0.0375786934073537
0 0 0.000284127913418651 0.00670824142396423 0.000315158309613102 0.00695132486343485
0 1 2.23764543308037e-05 0.0221509555693667 6.69483745675504e-05 0.0214727163205074
0 0 0.000121534313373227 0.0136886347609451 0.000155550481792548 0.0140113850591939
1 1 0.000206788709042628 0.0163756998939285 0.000175170412930571 0.0162799326932966
1 1 7.60518367478326e-05 0.0111475773951146 6.32876876193272e-05 0.0107047940099709
0 0 0.000260745048639965 0.0135066524863618 0.000269617963348957 0.0137265876662764
0 1 0.000223767214190993 0.0296770101954865 0.00025399277888331 0.0290420327553776
1 1 0.000470396633260358 0.0238077012270784 0.000428499025964027 0.0237098356989924
1 0 0.000324156323656607 0.0189178107970976 0.000164510852035795 0.0192452612653695
1 0 4.2751193762277e-05 0.00740655469522145 2.83919170293308e-05 0.00757143803119577
1 0 0.000170204687005055 0.0188117546806993 0.000137417841499928 0.0197782466440015
0 1 0.000103499647474905 0.00402431406092628 0.000114109878411167 0.00373098734034736
0 0 5.8266233703554e-05 0.00934016106645797 6.42359974681058e-05 0.010270663349413
0 1 5.02663481144363e-05 0.0225971149257064 5.90514442796734e-05 0.0218290882785256
1 1 0.000751030820713058 0.0341664447634582 0.00069440797844363 0.0334233371401906
0 0 0.000154428999035901 0.0164261956311451 0.000161441549259681 0.0165176218744573
0 1 1.08621378139007e-05 0.00843043033189286 1.4331791033107e-05 0.00829746085310959
1 0 7.17196428006119e-05 0.0140879282915596 5.4239730432448e-05 0.0143437426269705
0 0 6.35523708015639e-05 0.0173945635020392 0.000129992972716733 0.0174470863869015
1 1 4.7427311969445e-05 0.0155823292085156 4.28774844781063e-05 0.0152332099564348
0 0 1.06963478708959e-06 0.00535999341151759 3.47057003921022e-05 0.00551172522763146
0 0 0.000120822157999747 0.00972944140160171 0.000170538118504085 0.00992197331111059
1 1 0.000846712408608597 0.0492071233894753 0.000631633280175079 0.0485600694216009
0 1 3.7993401730416e-05 0.0327315710353969 0.000132118334754217 0.0317041256206917
0 0 5.49671303277463e-05 0.0367911785636268 6.9422075181875e-05 0.0380576306919214
1 1 0.000174237200196243 0.00774881629619425 5.14148027687687e-05 0.00766198715995135
1 1 0.000842728280682632 0.0564463488177319 0.00079168102447869 0.0557509494111013
0 1 9.53743696417575e-05 0.00790469016707794 0.000105597584631967 0.00716053677506093
1 0 6.94863379191332e-05 0.0148099761023988 5.77486281654556e-05 0.0148412088748099
1 1 7.32621261671646e-05 0.00967651617056094 5.59433446446962e-05 0.00920597307914239
0 0 0.000141910629336891 0.0093603458340665 0.000155537312000034 0.00983078433191948
0 1 9.41596734520404e-05 0.0297692314751844 0.000104201163333785 0.0297673775741349
0 1 0.000454606766949516 0.0334096657920683 0.000525602193045393 0.033227862074529
0 1 0.000262149641081752 0.0129096572426711 0.000392863194585831 0.0127984507377603
1 1 0.000761930159748904 0.0113962466581084 0.000674239651637299 0.0107024338558968
0 1 1.53771232330226e-05 0.00713258840297096 2.51397724268382e-05 0.00697578156795575
1 1 0.000177401286264625 0.0247004439643974 0.000165223788620196 0.0244361534367918
1 1 0.000142213023367637 0.0228797171190373 5.91982559741723e-05 0.0216039987985939
1 0 0.000154761896623967 0.0249544727496961 0.00011127679428538 0.0254172984386942
1 1 6.84465795208644e-05 0.0431014152723376 5.46271772257103e-05 0.0428111845137165
0 1 0.000534815013482532 0.0308663699487239 0.000643255036007857 0.0302742653465351
0 0 6.73504239871388e-05 0.0131355192374889 0.000149605870206435 0.0133776259396605
1 0 0.000148902980703347 0.0134024341119428 6.30721315178081e-05 0.0137966328195843
0 1 0.000179698168756345 0.0176716345980509 0.000240009106169866 0.0174168919632211
1 1 0.000253735883549427 0.0225233831781202 0.000226631493768431 0.0217914060633594
1 0 0.000138780101240131 0.00929536023777332 9.16212119312511e-05 0.00955269703795892
0 1 3.23012089141025e-05 0.0242238371361951 4.76198549595325e-05 0.0236318600128755
1 0 0.000416577429852424 0.0114496440977039 0.000353909179333241 0.0116873348120236
0 1 0.000513643949754812 0.0240301981450528 0.000525704264006308 0.0228968092876994
1 0 7.09408752520108e-05 0.0116586293352784 4.13118804746715e-05 0.0119253623267839
1 0 5.18539005234432e-05 0.00555448615874364 3.98230061959033e-05 0.00562608169391512
0 1 0.000119593933681829 0.0262490155142276 0.000146878232949825 0.0260361760741756
1 0 5.50196300485159e-05 0.0167342821999748 3.80237486587913e-05 0.0168254396706407
0 1 6.9306981303805e-05 0.0155096243417247 0.00014200167395376 0.0151316427358684
1 0 1.39001440526891e-05 0.0114310761426597 1.0124730906146e-05 0.0114562163636872
0 0 0.000122438828547996 0.0156250324600474 0.000198003576513916 0.0163454929141151
1 1 0.000292770750376467 0.0293839802515408 0.000254593165273667 0.028769933123541
0 1 2.17465103003997e-05 0.0141226743177973 4.81446758877853e-05 0.0139558279750537
0 1 0.000297837853971362 0.0200981091714614 0.000375925026007246 0.0196278906248577
1 1 0.000630917112730852 0.0330369852391795 0.000517353920521249 0.0329477273194079
1 0 2.58567153135992e-05 0.00501476462368836 1.87126841162118e-05 0.00513590993542059
0 1 0.000182396643181277 0.0549422437814168 0.00022174817405489 0.0547520167191951
1 1 7.74664853563019e-05 0.017930505360546 5.61838438696381e-05 0.0177618242560001
1 1 0.000786923384938838 0.0285960585596986 0.000634817355222504 0.0281448095926022
0 0 3.94141422348374e-05 0.0181292014605772 4.50118037166632e-05 0.0191248395207174
0 0 4.55781775332842e-05 0.00557553981112816 9.70013712940783e-05 0.0060424611737697
1 0 0.000153511142812435 0.0103543890427149 9.84995004771254e-05 0.0105446114910676
1 1 0.000283234345487023 0.0220051167210184 0.000234383709137021 0.0218623228069814
0 1 1.33471687089162e-05 0.00272938737528607 1.95246815756037e-05 0.00262702298147768
0 1 4.85943913759238e-05 0.0163633846892711 6.561763785701e-05 0.015048686913804
1 1 0.000417512746286501 0.0167521403710663 0.000313281948767849 0.0163282866296977
1 1 0.00041975755152545 0.0226872782553754 0.000229039424704351 0.0222120997626278
0 1 0.000254428511137432 0.0245629328648771 0.000337499280435512 0.0240639537908141
1 1 0.000319588630830767 0.0250409499697794 0.000259570769422081 0.0245530474406461
1 0 0.000259699127649691 0.0148605291788414 0.000186631229282858 0.0155198329904583
1 1 0.000100138804466869 0.0167593291495244 6.95424602481826e-05 0.016075261941586
1 1 0.000159096287464105 0.0125552427524151 0.000119358357242208 0.0124410833137285
1 0 0.000873912128795725 0.0209059540297015 0.000798557784594325 0.0215876960019704
1 0 7.42272753798801e-05 0.0293519285723545 3.34061759662969e-05 0.0300906445694106
0 0 0.000119632272058579 0.020906201947976 0.00012798546461112 0.0215987785642668
1 0 0.000587346228917285 0.0382835154421411 0.000400425366422649 0.0391643879259289
1 1 0.000158677736618076 0.0224900790346752 0.00015171186024058 0.021870753670349
0 0 4.89423656767794e-05 0.00868775899569449 0.000121161658489995 0.00891497563655178
0 0 0.000107568885945237 0.0221004061393055 0.000143031411655535 0.0229575733362989
0 0 8.1794342088618e-05 0.022701423290947 9.87600054940976e-05 0.0227768809967181
0 0 0.000381111470693601 0.0330730111632136 0.000400832124055433 0.033207051201209
0 0 0.000243444473982315 0.0391131128803358 0.00026358498481614 0.0392147480516698
0 0 0.000375951898330316 0.0274460594184276 0.000410528343384408 0.0283144023638451
1 0 0.000186174790476331 0.0290449457316508 0.000158199172545142 0.0292414341755457
1 1 0.000343666171137727 0.0275582422588781 0.000141915966032165 0.0263475863760954
0 0 3.95074107581583e-05 0.0117063253287618 4.76693871942325e-05 0.0119696361936129
0 1 9.71912401437782e-05 0.0302438288718935 0.000116085383882186 0.0301418523618092
1 0 0.000101778005841473 0.0100266352718819 9.90677539676987e-05 0.0101760318481946
1 0 0.00126117079956282 0.0275253856589578 0.00125774539135932 0.0275328285140621
1 1 1.89821738619447e-05 0.0062611222202302 5.86306062129133e-06 0.00593668326042122
1 0 9.90380843431137e-05 0.0179288942840659 8.033535616044e-05 0.0195673122563254
0 1 0.000357806499751245 0.0212345712534384 0.000374130299584924 0.0202835833365374
1 0 3.55141568749582e-05 0.010667974156249 1.08832511266531e-05 0.0111997235211439
0 0 0.000204837358131209 0.0106899899836502 0.000207267958530351 0.0107836201567779
1 1 0.000303936266795832 0.0208678856096688 0.000258521266222637 0.0202373922375982
0 0 1.17227479543789e-05 0.0120689303071312 2.39674892443197e-05 0.0123228293009482
1 1 0.000230903904865691 0.0127783971994517 0.000164505815692498 0.0122987337915704
1 0 4.85597370157737e-05 0.0058445034496745 3.05634130721714e-05 0.00617876468640352
1 0 0.000438387745353135 0.0203140612959355 0.000323627162849856 0.0204476973950082
0 0 0.000573967795016168 0.035919953135679 0.000575624333601562 0.0363572852464625
0 1 1.51934414828647e-05 0.0281040446602969 1.74640009529271e-05 0.025505686480509
0 1 0.000427346685936712 0.0221938883083117 0.000445030426856899 0.0218599948123207
0 1 0.000427175920111961 0.0278804034899167 0.000486104264380019 0.0272357817942748
1 0 6.86493348775594e-05 0.0217397381625338 6.05872729137206e-05 0.0219924454380365
0 0 2.36661648406756e-05 0.0137334946172884 5.36951820584331e-05 0.0137817660895189
0 0 0.000146374018420178 0.0242694867821743 0.000267831872027327 0.0249227429812927
0 0 9.69939718678782e-05 0.0161902265981241 0.000106743415452251 0.0164214250856078
0 0 0.000189601186441877 0.0195591613443559 0.000222282970805414 0.0202289892846736
1 1 0.000162777179102605 0.016416778349723 7.06602388477322e-05 0.0156292649657268
1 0 0.000317202918399766 0.0189868666222048 0.000262391487989531 0.0203693723893535
0 1 0.0003173959884623 0.0308465586531359 0.000328020678573548 0.0298950227462199
0 0 0.000133058531292611 0.011244104560691 0.000143204053466944 0.0120235783032176
0 0 0.000123456550762459 0.0172482463493342 0.000173173492256079 0.0172563766285804
1 1 0.000139525681182801 0.0133804977270695 0.000105458519047103 0.0132166210598906
1 0 0.000407484331739261 0.0239035944664994 0.000302191150087206 0.0243044910467693
0 0 8.55298475235585e-05 0.0131600160127595 9.87710175019864e-05 0.0136585371021296
1 0 8.32490537885017e-05 0.0118482065420196 5.95015515613943e-05 0.0126402789505603
0 0 2.17497610365062e-05 0.00993349897862975 3.51633153066729e-05 0.0100859685139206
1 1 0.000103174809190768 0.0110440045944221 6.39966349906825e-05 0.0104341486330399
1 0 0.000138267283739006 0.0117519690234442 0.000103855409330628 0.0117641330561376
1 1 7.95711535416659e-05 0.0132854448798333 7.85652683798232e-05 0.0129764032543558
1 0 0.000231116807631161 0.0284587240926224 0.000228906072786521 0.0297221437097103
0 0 6.88848291286474e-06 0.00729685978684377 7.20167946378841e-06 0.00750891888769412
1 0 0.000881787333511224 0.0536114204411685 0.000802247020348073 0.0537413708789712
1 0 8.03209299773102e-05 0.0190394425642892 7.61120576901259e-05 0.0199998321776655
0 0 4.00498908033108e-05 0.00987830936872492 5.01584988979398e-05 0.00995742247729382
1 1 3.44422969490401e-05 0.0302191477451823 3.29473367683936e-05 0.0296057435374261
0 1 0.000137388504784328 0.0156175953243455 0.000269022415995412 0.0154736313479762
0 1 0.000245832367745117 0.0246683137958418 0.000306772472987571 0.024291145309882
0 1 0.000179063150004827 0.0309239987728505 0.000213267626721109 0.030873159685523
1 0 2.22606118769438e-05 0.0142387117127295 1.70611668221055e-05 0.0149659201042883
1 1 0.000225388812792155 0.0115091620202469 0.000194762730885428 0.0113087504104841
1 1 9.60561102280001e-05 0.0114101967447486 6.52505092178875e-05 0.0107350555126306
1 1 0.000384714859041368 0.0101069606576149 0.000124577024391671 0.00995373404655197
1 0 0.000440364969041077 0.0216268176448531 0.000304445150456638 0.0217148655032916
1 1 0.000184089349060621 0.0123963619703088 0.000132800007840948 0.0117875094084897
1 1 0.000804582346053438 0.0327370974402474 0.000614633220852506 0.0315165250494755
1 1 0.000546487484602541 0.0269341603353749 0.000540274108900307 0.0266700985383207
1 1 0.000485215775138657 0.0137973704414819 0.000445501018968866 0.0132027729366376
0 1 0.000119374389753438 0.0203053221077121 0.000129683435279973 0.0200851538495145
0 0 0.000101548134378942 0.0213836524779564 0.000118649927666253 0.0216851586909586
0 1 0.000155031225060037 0.0177444980051747 0.000158673839943024 0.0168799647865365
1 1 0.000192383432988761 0.0380679675676771 0.000167614827397157 0.0378651591204093
1 0 0.000330931494072214 0.0152326115812417 0.000286407568220839 0.0154804788437045
1 0 0.000121570888559779 0.0334271547625714 5.08720776146732e-05 0.0335170638219829
1 0 0.000218914984628478 0.0179377599293195 0.000121015646705568 0.0180417678640804
0 1 0.000763144027502949 0.0262668211927716 0.000861060916714995 0.0260112665562628
1 0 5.98228861809514e-05 0.00564711970951847 1.86686826124193e-05 0.0060089796640739
1 1 6.53737549930938e-05 0.0203629074885972 5.70179753620344e-05 0.0202222170860422
1 1 4.25594453574457e-05 0.00999059545490666 1.82223475142181e-05 0.00947014968215539
1 1 0.000292425036540398 0.0181926764735712 0.000199783227707527 0.0175770570884668
1 0 0.00017682336621667 0.0123870557843991 0.000158049599420074 0.013170640364759
1 1 0.00040182711882582 0.0146277982703778 0.000264491065454643 0.0143099778247173
1 1 0.000743329525454507 0.0271119758669603 0.000623880739698667 0.0270919364779069
1 1 0.000676291044533236 0.0125914316551522 0.000607884433206872 0.0125848071179175
1 1 0.00019515736048269 0.0279185239559167 9.15773339332939e-05 0.0253933541789609
1 1 1.14446686202087e-05 0.00820094642246186 3.60402535636029e-06 0.00798740422647436
1 0 8.23864943226232e-05 0.0110474398923086 7.22112705912044e-05 0.0112348152530006
1 0 1.48383625254815e-05 0.00301378151553297 7.58391165936967e-06 0.00333555472458315
1 1 0.000351856954687118 0.0215931264612922 0.000337672896476017 0.0214112704581779
1 1 0.000104215315878174 0.0441223971747132 9.92764616878442e-05 0.0426799884615692
0 0 0.000305533355411552 0.0226497205383908 0.000327334589787055 0.0233657886419954
1 0 0.000206185480377377 0.0225196273268743 0.000169877702675399 0.0229362596175159
0 1 6.20939079534574e-05 0.0161812815902754 7.5064685605764e-05 0.0154687553064251
1 1 6.93533866015205e-05 0.0122336503443378 2.27848646100924e-05 0.0117682837028642
1 1 3.66369420463961e-05 0.020353490890887 2.19172261638691e-05 0.0198589937131778
1 0 4.04481835890468e-05 0.00550083124477101 3.33908111428705e-05 0.00563868460526757
0 0 0.000142369676538452 0.0208412674674772 0.000160303031786352 0.0209317691466692
0 0 0.000113287991447808 0.0108728133953389 0.00011658673227892 0.0113429914597643
0 1 0.000198065700008553 0.0214430283311218 0.00020199697028247 0.02085207454586
0 0 2.00199171797317e-05 0.00505235468352583 4.06676377222244e-05 0.0050698720255105
1 1 0.000425565380522346 0.0176106366258101 0.000368338904012889 0.0175983690987048
1 1 0.00029020610309356 0.0129402140389388 0.000164184480118529 0.0127197652468484
1 0 7.32459289230796e-05 0.00736997266425923 4.29549860591775e-05 0.00762360443721463
0 0 0.000786916505350429 0.0256056896172914 0.000858070659583972 0.0259482568759573
0 0 0.000191070814072134 0.0354882063116401 0.000207584565717112 0.0363905037593307
1 0 4.737220961647e-05 0.00840849034838483 2.96376369412294e-05 0.00879614930209694
0 0 5.86205261448746e-06 0.00789787810990291 3.49363063408173e-05 0.00803745429620568
1 1 5.88967783945632e-05 0.0154052122295583 4.52950238372279e-05 0.0148376364613795
1 1 0.000151991685360941 0.0271355916299697 0.000127342875992394 0.0265420802330561
0 0 0.000798396400292753 0.0185531732894593 0.000895304373184735 0.018563305124342
1 1 0.000317600479550909 0.0221736315153162 0.000115909851566701 0.0219220006288674
1 1 0.000264140835746523 0.0238061418125641 0.000211748322999556 0.0237570835537328
0 1 0.000139389046153757 0.0125923116792098 0.000256471290837952 0.012582373491077
1 0 3.96036732781631e-05 0.00755489238037687 3.70150158765644e-05 0.00756397828886073
0 0 6.65191259993101e-06 0.011083081304259 9.08439295149713e-06 0.0111887620831618
0 0 0.000142854754434033 0.0126715609949936 0.000278164191873817 0.0130548156028374
0 0 0.000631940100262032 0.0170162676785296 0.000681852117391502 0.0175566956946001
0 0 0.000314820172786497 0.0111335228318888 0.000383752149127275 0.0122256474682503
0 1 7.59508046938581e-06 0.00780925490012319 1.64566201155613e-05 0.00780613459235614
1 1 0.000416830136387198 0.0239917079101364 0.000412764109258384 0.0221071328283323
1 0 0.000107230940229019 0.0103024373753079 5.26088432676159e-05 0.010498989490806
1 1 8.93087411137481e-05 0.0364021721420252 8.73853026137043e-05 0.0352029472567737
1 1 0.000105935843587725 0.0153054046457388 7.6295885267576e-05 0.0151101982241786
0 1 8.81467260645463e-05 0.0179032810317124 0.000165224262396621 0.017187520801703
1 0 4.32100047320243e-05 0.00399932754889921 2.67703247556283e-05 0.00454986524707588
0 1 0.00014890049191272 0.0164721210558196 0.000171690244076127 0.0163786479899142
1 1 0.000203619035674299 0.0172530803495359 0.000189846267903222 0.0164284167424629
1 1 0.00030299388434061 0.0135178866265006 0.000275424973909949 0.013240959607632
1 0 0.00019910129780642 0.027842197488748 0.00017466095780371 0.0294063458721381
0 0 0.00020052146729276 0.0579711312949354 0.000236996572847145 0.0585959137372957
1 0 0.00013287396933686 0.00765303829219664 0.000122847343917787 0.00781913082655871
1 0 0.000187692703923366 0.0172321704838443 0.000178565380134095 0.0174417487866943
1 1 5.01885645717501e-05 0.0248216583442376 3.98862352358832e-05 0.0242422835288546
0 1 0.000396287277053238 0.0234929267497899 0.000545512092778132 0.022157593482401
1 1 0.000440465058896787 0.0374385928229512 0.000370538705470697 0.0367038685500062
0 0 9.78655945048243e-05 0.0106056854054885 0.000114197288395096 0.0106062545528712
0 1 2.16510633304376e-05 0.0201690148688891 3.16938228609732e-05 0.0200888665670969
1 0 4.8104091123925e-05 0.0106319332786677 2.63427711877196e-05 0.0108581469879013
0 1 5.44647948961725e-05 0.0251482679159253 7.33439313530654e-05 0.0242268635060641
1 1 0.000547537331006085 0.0618436263037724 0.000435505955583254 0.0616867357736632
1 1 2.71933256754529e-05 0.0272206250008575 1.5712523594932e-05 0.0264243465690093
0 0 0.000104273439781976 0.0327180326509908 0.000116534697626948 0.0329698749070145
0 1 1.01815489212638e-05 0.0054280178701877 3.80856835323946e-05 0.00541278897759331
1 0 0.000161740930930594 0.0143916493858358 0.000112217826730079 0.0146397112353413
0 1 5.75271624564018e-05 0.0121071955146884 6.88411024423777e-05 0.0119228159209889
1 1 0.00028804669670511 0.0147734500677252 0.000202434816061243 0.0143263911001463
1 1 0.000104631138297353 0.0257084424424505 6.70959546749985e-05 0.02568772744451
0 0 0.000113714616296725 0.0132707288375358 0.000154318851249218 0.0133751090300722
1 0 0.000216885790107778 0.0122243738055276 0.000184729454411902 0.0130552310360697
1 0 0.000490758927461125 0.00854869783611876 0.000375918852172333 0.00896688910969726
1 1 7.50232714092489e-05 0.00560170180791481 4.31078184855297e-05 0.00525624208425211
1 0 0.000523583466801694 0.0157871203152378 0.000475054078447497 0.0159186726129293
1 0 0.000144582618982751 0.0138665738764425 0.000125421314164621 0.0138740512601357
1 0 0.000349419979945985 0.0185132754644778 0.000307951654727241 0.0185308557194758
1 1 6.71751338780602e-05 0.0186455745730939 2.7116900466142e-05 0.0176293873817856
1 1 0.000438989527123254 0.0240780954436901 0.000390117633809608 0.0237985952010881
1 0 0.000390750231744068 0.0226187781504626 0.000334068273535683 0.0228608190582964
0 0 5.94443046394776e-06 0.0035264378293879 6.80455065989927e-06 0.00381093108142048
1 1 0.000507994535064406 0.0518008049027676 0.000381959756753598 0.0515782833181466
0 1 0.000135733837245375 0.011504022660221 0.000153963514695376 0.0112454013961483
0 0 0.000538806554816385 0.0198675644605088 0.000564592740706835 0.0201330367799108
1 0 1.43120629279188e-05 0.0113626708171552 8.03310285263538e-06 0.0115764049568493
0 1 3.76675027031875e-05 0.00640530614014415 6.67467591399367e-05 0.00630130117373104
0 1 0.00014719223831667 0.0449954881298297 0.000171365261746508 0.0416575874449369
1 0 0.00017195709449317 0.0267684417189907 0.000131791063720032 0.0273616099221838
1 0 0.000303780085399382 0.0307626079009178 0.000282032772151294 0.0307866963970151
0 1 4.10244366792721e-05 0.0110582391549044 4.17022322574419e-05 0.0108036854270208
1 0 0.000551952012534595 0.0270451831933871 0.000390603439258652 0.027754393860587
0 1 2.94024582536195e-05 0.0143683475984719 3.14622589510148e-05 0.0131473346337784
0 0 0.000186797451678237 0.0282107132691237 0.000206564353645151 0.0291648986120609
1 1 0.000791342420198249 0.0269931091528725 0.000733617642622245 0.026804366372773
1 1 0.000112030160405258 0.0301870126017224 6.57732308968811e-05 0.0296295481831031
0 1 0.000165781311393696 0.0240198030822086 0.00024159170803021 0.0233146483335953
1 1 0.000371578810383852 0.0159654215868572 0.000358225062275577 0.0149983941732459
0 0 1.32084879092866e-05 0.0110149884665258 2.76283721817938e-05 0.0112647812521761
1 0 0.000564157411406582 0.020599151836399 0.000552352317819222 0.0208888701648642
0 0 3.7458327260012e-05 0.0240480363644921 5.76192403525411e-05 0.0244273667921608
1 0 7.97439640074454e-05 0.0329242928922254 6.89500026691904e-05 0.0346220664835558
1 1 0.000149493032754903 0.0218236569088523 9.7911127070266e-05 0.0212614721993662
1 0 6.4368191506205e-05 0.031230628312727 4.11978212330349e-05 0.0316275949430459
1 0 0.000504441887293822 0.0141251229804477 0.000385137232614409 0.0143941777248108
0 1 0.00018570827141589 0.0263824352434255 0.000214330567876803 0.0252380303889009
0 1 6.76987923390401e-05 0.0134797595962024 9.34738406422116e-05 0.0133025452062127
0 0 0.000283491897645789 0.0177726806468169 0.000345275672864251 0.0181893614248106
1 0 0.000496637031915294 0.0265932664319435 0.000308438509994418 0.0273074244852376
0 0 6.82393570101568e-06 0.00595614150215124 2.15898974039788e-05 0.00629364518092947
1 0 4.78860113198376e-05 0.00653150633790781 2.04843617343616e-05 0.00675225296914344
1 1 0.000202556616472193 0.00346995151958819 9.01936984228e-05 0.00338295156916576
1 0 1.04522908395395e-05 0.0097439294633745 6.06428820196943e-06 0.00996196648047891
0 0 0.000171640372149617 0.0104819309501361 0.000188887263924798 0.0112268590153488
0 1 0.000293709806576988 0.0232266678473881 0.000332224055254745 0.0220602825909508
1 1 8.04355118950562e-05 0.0151937056863529 1.61721477447258e-05 0.0142124585427988
0 1 4.30121509878226e-05 0.0229587416056263 6.70782071494776e-05 0.0223662924643376
0 0 0.000124850239446586 0.0141670454973581 0.000134108823519644 0.0147575232188542
0 1 9.00935735599635e-05 0.00885586495286711 9.27592257245963e-05 0.0087136100359737
0 1 0.000362092114459067 0.0341601829967539 0.000676550131323425 0.033905037608476
0 0 9.4555324532146e-05 0.0143726215029785 0.000111113194837933 0.0145196953781586
0 0 0.000120808921321912 0.027026086654173 0.000179237624228999 0.0273123980720746
1 1 6.18536029713505e-05 0.00873561789524822 3.41420203904661e-05 0.00769196243135349
1 1 0.000138506268409779 0.0121398217945292 0.000105793498551937 0.0117834624531869
0 1 0.00012480330176704 0.0219138543815097 0.000223541717618275 0.0198876642220009
0 1 6.0318519074487e-05 0.00978994861864277 0.000124587140623972 0.00911289414321658
0 1 0.000792192395863041 0.0421711357688844 0.000903467820611858 0.0408933343322063
1 0 6.48883631177781e-05 0.0282294285539963 4.2783858941315e-05 0.0288530013803473
0 1 4.17736075245287e-05 0.0210237158618956 8.02140126444664e-05 0.0209979927049836
0 1 2.23189616300911e-05 0.00798216648651006 0.000127226860580237 0.00713771002990954
1 1 0.000161944384935728 0.0194094606360731 0.000129365462160705 0.0190433994206742
0 1 5.00992569211611e-05 0.0059285554607684 9.39044766369679e-05 0.00591240574275779
1 0 0.000594418679280344 0.0237733585447509 0.000471536144743001 0.024242008911253
1 1 0.00045913799869363 0.00946502165852244 0.000373685247731792 0.00944878785924805
1 1 0.00029518433418333 0.0182635353624297 0.000262159040378914 0.0181177462256449
0 1 0.000305139474069545 0.0394887175178899 0.000332038152931767 0.0377106962060002
1 0 6.04043897501032e-05 0.00559507265311622 1.77644129122054e-05 0.00571908294438997
0 1 7.08405449951541e-05 0.00613259335982644 9.76693353624245e-05 0.00606900470070861
1 0 8.87053256512429e-05 0.0116161127180133 4.6009245689924e-05 0.0116505527622866
1 0 0.00018202065743918 0.0227887893689933 0.000151551368789274 0.0246022156747611
1 0 0.000671498164985129 0.0189004379279746 0.000553830898840132 0.019267543019526
0 1 8.46012504049011e-05 0.0201513419566566 9.21129628580924e-05 0.0196301730662996
1 1 9.31926771340683e-05 0.00992850860937573 6.53961822930401e-05 0.00923444894334268
0 0 0.00016845088100778 0.0422003755775273 0.000207372485242335 0.0422664493373176
0 0 8.8854911514946e-06 0.0326139789215872 1.36295285370629e-05 0.0337953547627869
1 0 0.000194406919121807 0.0106749766989885 0.000118400331501292 0.0107721199396281
0 1 2.88343726922644e-05 0.00968099355452809 5.57020908869419e-05 0.00940611823504915
0 0 0.000121557597312581 0.015088274326371 0.000166131328539081 0.0163098865351252
1 1 3.7820542644703e-05 0.00872959336056501 3.04770232595644e-05 0.00850221491372977
0 0 6.14957643349281e-06 0.00883213010408539 8.07291559076836e-06 0.00935794521936587
1 1 0.000100007112484238 0.0327348789034818 8.73662661602195e-05 0.0318640191056683
1 0 0.000118121835035162 0.00740746405123377 9.81268251091906e-05 0.00780900283129103
1 0 0.000131080755855694 0.00995112134330476 9.56466642452913e-05 0.0108047492834285
0 0 0.000132234714915932 0.0160999978522508 0.000259435429047011 0.0164639266340168
1 1 0.000256831577391918 0.00967505928621634 0.000213691511318446 0.00936333220769029
1 1 6.87989417295854e-05 0.010575066479733 4.82714884655603e-05 0.0105436747737028
0 0 2.5712594447628e-05 0.00783032528383617 3.73735579082099e-05 0.00804933401313283
1 1 0.000400887898460794 0.0175090956228957 0.000375483107958251 0.0167694555292203
1 1 0.000332285517971672 0.0247215149519894 0.000165062361359234 0.0227276631183056
0 1 0.000201662908121397 0.0191036822371576 0.00027196864208426 0.0184683985735608
1 1 5.48608442940265e-05 0.00973431363018871 2.54582363493129e-05 0.00960970633337767
0 0 0.00042210427403815 0.0233824111760358 0.000468416743368898 0.0235822966592976
1 1 2.51423566162562e-05 0.0186886002940211 1.63082188446683e-05 0.0184223644256396
1 1 4.66202538679739e-05 0.00365267084428764 2.13896588493383e-05 0.00363903863893537
1 1 0.000108228949131704 0.0214668871196535 5.01914094855093e-05 0.0214619431145379
1 0 0.000377594450525876 0.0276395523758421 0.000295557894346107 0.0277180918005707
1 1 0.000354208833399599 0.00730350279985658 0.000330383628600946 0.00725470144341422
0 0 9.70736740458677e-05 0.0328451455188238 0.000100100217232304 0.0349710089893965
0 0 0.00024199326957949 0.0115263977977835 0.000285341502437242 0.0118585936044607
1 1 0.000400047793808811 0.020848545163513 0.000334463564167544 0.0207096311421155
1 0 4.52936391551027e-05 0.012930719086804 4.41716515662953e-05 0.0133513541510241
0 1 0.000196818514721446 0.0302485405036494 0.00033380959332205 0.0297788739210676
1 1 1.65698539116259e-05 0.00952171128609766 1.12093327718034e-05 0.00948233990047256
1 1 2.97263695815399e-05 0.0163109327087268 2.43039450945121e-05 0.0162619262842035
1 0 0.00031098737216158 0.0326517690406986 0.000293089092638194 0.0341109103095767
1 0 0.000691040080390709 0.017268714381121 0.000668980403930947 0.0186608845672197
1 0 0.000352052057205484 0.0217929590976958 0.000322929093511074 0.0219748689809329
1 0 7.96963240440555e-05 0.0108703308852182 6.12084824123401e-05 0.0110503268445876
