linear.pvalue quadratic.pvalue linear.boost.stat quadratic.boost.stat linear.true.stat quadratic.true.stat
1 1 0.000158935883429476 0.017212645254569 0.000152104206793035 0.0171507010681618
1 1 2.32797262701089e-05 0.0144628908146396 2.21291284501604e-05 0.0141223798849357
0 1 5.67057006956556e-05 0.0210047834851969 5.68267211851263e-05 0.0203993403376949
0 0 0.000122441495687813 0.0179518311305699 0.000125655882244526 0.0190277413105811
0 0 0.000126587114884819 0.0195721726372337 0.000126745963540337 0.0202092532845129
1 1 0.000102006926330011 0.00658916498312623 9.90902171677159e-05 0.00639235875711788
0 0 8.2628941569146e-05 0.0181391679318093 8.46266368145223e-05 0.0182724375977807
0 1 0.000211733837031431 0.0259936702136184 0.000215243916250008 0.0253428953682632
1 0 0.0001854925558069 0.0169206494445711 0.000182470814051154 0.0175054996622195
1 1 0.000279033594946102 0.0180896586584144 0.00027840920077413 0.0180801507903754
0 0 0.0002608028297725 0.0193536918726258 0.000265728259276397 0.0197395033159647
0 0 0.000132623825578072 0.0166061956025774 0.000133500880438414 0.0171088069424693
1 1 6.89139404400172e-05 0.0142394937007933 6.73152728134092e-05 0.0138747151547291
0 0 0.000161971269385438 0.0212997474579588 0.000165851392206011 0.0222063885420487
0 0 0.00022710818772876 0.0152913456580812 0.000227400853460331 0.0154573805473618
1 1 0.000222202189565029 0.014445687521898 0.000211743252418597 0.0141604010979353
0 0 0.000286756089952517 0.0194009905157512 0.000289074228382446 0.0197888074370461
0 0 1.85364279158837e-05 0.00707701124032581 1.95053730603506e-05 0.00720068787329425
0 1 0.000152068096518859 0.0182404895126913 0.000152128734125333 0.0178605234982076
1 0 0.000142702212254868 0.0146473643002027 0.00013603048521275 0.0147032843014635
1 1 0.000139656862057761 0.0153014853873442 0.000136473438712504 0.0150861397479646
0 0 4.60004711146654e-05 0.0188736277605419 4.8164485848386e-05 0.0192790369833165
1 0 3.17964596787773e-05 0.0138076871116437 3.09620869708832e-05 0.0140322907188394
0 0 4.85419772376132e-05 0.0215843735372921 4.92330357569711e-05 0.0218585739020095
0 0 0.000201587769706771 0.0155443138956166 0.000204476269987165 0.01596177300146
1 0 0.000269804589636803 0.0203407762378472 0.000268378184661519 0.0204192491246701
1 1 4.71613106372157e-05 0.0194039676611264 4.43258704127817e-05 0.0192577149928813
0 0 0.000180042797863473 0.0233633003416831 0.000184313055474179 0.0234825821377177
0 0 8.83567808909492e-05 0.0174430848903611 9.02434283765626e-05 0.0176074506091061
1 0 4.40482881546706e-05 0.0184365940792085 4.20180232662265e-05 0.0187250310313098
0 0 0.000177601854261112 0.0111668838353876 0.000182724465261394 0.0115910620581632
0 0 7.4358072756427e-05 0.0132543597604913 7.66315681462213e-05 0.0136932158761997
1 0 0.000217405427313808 0.0212550519540351 0.000214723701077841 0.02193049521032
1 1 0.000148784646143464 0.0185562875065036 0.000147765991621851 0.0184392662279175
1 1 0.000223898478360551 0.0205074791733034 0.000223040329653432 0.0200912875004785
0 0 6.70857684194885e-05 0.00714554342284975 6.73597935653072e-05 0.007217095131813
0 1 8.77825775152887e-05 0.0159470052236539 9.02079220225975e-05 0.0157733907724811
1 0 0.000216636904728473 0.01432142091969 0.000214270042523742 0.0144532026461527
1 0 2.83876936282159e-05 0.0207304151041294 2.68065421714758e-05 0.0215904352742699
1 0 0.000161505591739113 0.0183210717936178 0.000158743728733719 0.0186187629453259
1 1 2.63202597261951e-05 0.0180320376184486 2.59014237539422e-05 0.0178597471263205
1 0 5.42304907366201e-05 0.0202999103835613 5.18297459285096e-05 0.0204380562072511
1 1 0.000122729997505584 0.01689875263692 0.000119976646410392 0.0165578925021544
1 0 0.000426537635050275 0.0236433758783404 0.00041125577153169 0.0240958427254141
0 0 7.15154851417019e-05 0.0195538242192758 7.3360699883691e-05 0.0197693561427297
1 1 7.06774070814643e-05 0.023519065431398 6.75357925829529e-05 0.0229340250200084
0 0 0.000129626924822611 0.014242860099485 0.000130112556284809 0.0147960689434204
0 0 0.000253656109240355 0.0192772790708128 0.000254419422513606 0.0197544127967385
1 0 8.02054777663519e-05 0.0188358955665205 7.70682708015794e-05 0.0191540936121652
0 0 8.62426999935806e-05 0.00939523834829196 8.92997257015108e-05 0.00973531618404876
1 0 2.8949080149809e-05 0.00647691491489024 2.75479533061771e-05 0.00677566542207327
1 1 1.71984679519189e-05 0.0092182639717003 1.57277685675945e-05 0.00905675093521088
1 1 0.000248986219300514 0.019389739737999 0.000246159798460341 0.0191167989464664
1 0 8.68814812032385e-05 0.0189823931019162 8.19858908935425e-05 0.0194455108200591
1 1 8.04247803264791e-05 0.0166515827159443 7.73531851491009e-05 0.0165849474223992
1 0 0.000113427815172304 0.0160919947043544 0.000108596128354474 0.0162964664312048
0 1 1.33945385605594e-06 0.00497972585116389 1.46598093915067e-06 0.00476460774573221
0 1 0.000135756083226932 0.0114962713193361 0.000139941427991245 0.0113935861050604
1 1 0.000298912007439399 0.0186436273673539 0.00027930401543418 0.0180262535774872
1 1 0.000110448089945785 0.0151221644927552 0.000109760493320365 0.0150295187425635
1 0 8.60169247617079e-05 0.0187460733401058 8.32076206956477e-05 0.0188735594636357
0 0 4.62127805350887e-05 0.0133045378396636 4.70203925367635e-05 0.0133763304123632
1 1 0.000117014684459084 0.0153818139166309 0.000114220773102409 0.0147402331597018
0 0 4.22660774862386e-05 0.0130561916496332 4.28464527187134e-05 0.0133870168202192
1 1 2.07867236791809e-05 0.0186083907245645 2.06087408834067e-05 0.0182745579927646
1 1 9.54987805789959e-05 0.0199023034894707 9.51101819470317e-05 0.0198076555335724
0 1 5.9329740846746e-05 0.0131493959796961 6.20670730159865e-05 0.0130897464423877
1 1 3.86173813374918e-05 0.00833537524974625 3.79683792727454e-05 0.00825265125550897
0 0 7.51396812468165e-05 0.0219759112019483 7.6175027059589e-05 0.0221566351406092
0 0 4.22666997198202e-05 0.0177131087619287 4.2969446084142e-05 0.0179757878820079
1 1 5.28199509568274e-05 0.0204407406240635 5.21444724544046e-05 0.0198526205249383
1 0 0.000124590446532084 0.0167479498984638 0.000123907882012158 0.0168113598287488
1 0 0.000360632952474146 0.017867641557231 0.000356477387719331 0.0180647366635304
0 1 0.000198705246773488 0.0211569535499583 0.000200506176860255 0.0207430254145861
1 1 3.93153750323292e-05 0.00403960445349191 3.77353678335668e-05 0.00380058272065164
0 1 8.89702149205059e-05 0.0111186576700589 8.9077798721607e-05 0.0110502831950932
0 1 8.83576210057984e-05 0.00545449836164582 8.88081474166824e-05 0.00534687520339565
0 1 9.32037180136155e-05 0.0177034988464737 9.36725596215537e-05 0.0170367110471646
1 0 1.66711674464733e-05 0.0126730996938119 1.54735924649312e-05 0.0127723224590162
1 0 9.36746010754634e-05 0.00452112465588109 9.05988322681107e-05 0.00456856975252408
0 1 7.87636470808126e-05 0.0124816295247004 8.35348624485512e-05 0.0124665446614342
1 0 1.0134915940016e-05 0.00992421753312539 9.55616934239322e-06 0.0100154975803541
0 1 0.000177084317812194 0.0181018226937291 0.0001843749127111 0.018083269969388
0 0 0.000167863906023158 0.0181809492860069 0.00017808035610736 0.0186000270717528
1 0 7.48797566591484e-05 0.0145748560815774 6.97137672438741e-05 0.0152438108630419
0 0 9.39103097309804e-05 0.0126227815730836 9.67858707161107e-05 0.0126381089142966
1 0 4.32624151164514e-05 0.0147651150053741 4.20747816716606e-05 0.015002041111123
1 0 0.000133043963408545 0.0148318704427834 0.000132217909426757 0.0150377268814245
0 0 9.65441760248375e-05 0.0116897207948265 9.98443573842745e-05 0.011700792531201
0 1 2.93144834935155e-05 0.0188662482667314 3.00425784507419e-05 0.0179391027402238
0 1 6.00276802263779e-05 0.014627939775286 6.00614531248834e-05 0.0139764453458744
0 1 4.24572985144069e-05 0.018488441514087 4.36124930726115e-05 0.0177702439531678
1 1 6.98990305025294e-05 0.0170453665908228 6.56900772186682e-05 0.0166598792014914
0 1 4.57796489828954e-05 0.0168991764961094 4.82712705469233e-05 0.0161931561855002
1 1 3.78797725240971e-05 0.0135615213353013 3.6203184301166e-05 0.0132271618876395
1 0 3.47628328671778e-05 0.0130119789929744 3.28015092183032e-05 0.0132278158612108
0 1 7.77280308620304e-05 0.0160757378820562 8.26955211209928e-05 0.0159508463349771
0 0 7.05204826949651e-05 0.0184209405258681 7.21770112987082e-05 0.0188897479733247
1 0 8.97959419168e-05 0.017691025158687 8.64921847016012e-05 0.0186146517546119
1 0 2.56033997438192e-05 0.00976138437518835 2.46378507164779e-05 0.0100232751763053
1 0 8.93504657785478e-05 0.0197004540943034 8.90543188640205e-05 0.0200176550034054
1 1 0.000172133279338489 0.0163468882044396 0.000165330258852864 0.0154395042268661
0 0 4.06654684723727e-05 0.0090324048031672 4.22742664440586e-05 0.00915544304080036
0 0 0.000199203661679254 0.0188938166588477 0.000202308362840184 0.0189546330823991
0 0 3.71317423537124e-05 0.0143058449481039 4.00526373805875e-05 0.0144288708429797
0 1 3.24524784638007e-05 0.0101959156501314 3.60614940826808e-05 0.00995748693102124
1 0 0.00014437698946856 0.0163027031242154 0.000143201257248302 0.0164615401546676
1 1 0.000491371756391281 0.0205153310800825 0.000470936589024901 0.020295436932636
1 0 4.76815509897979e-05 0.0202376911320194 4.49067572016939e-05 0.0203540598149504
1 0 0.0001412255657597 0.0100598560842962 0.000140902551728672 0.0105460891784607
1 0 0.00019108694174005 0.0111007828863695 0.000187481175015604 0.0111131796196982
0 1 0.000210488028575019 0.0164466697946317 0.000215675876905172 0.0164367618664881
1 1 0.000165885889160739 0.0193707047935506 0.000156898162615206 0.0190006996651861
1 1 4.53598735905028e-05 0.0163434978137623 4.45130298050983e-05 0.0160970079526549
1 1 1.17744421081246e-05 0.00573615852715328 1.08830121854219e-05 0.00559922324207947
1 1 9.11839326127246e-05 0.0145172432921541 9.10107556987036e-05 0.0145116196512879
1 1 0.00018439640147032 0.0171415788978964 0.000179871222862687 0.0169508736941715
1 1 0.000154307699787982 0.0190418931626059 0.000150779220434699 0.0183607374918978
0 1 0.00028949441749872 0.0119861958171568 0.00029139687047242 0.0119235487714916
1 1 0.000145044832209954 0.0231458901027043 0.000141176210160781 0.0229914863977166
1 1 0.000113833847710681 0.0185078120002586 0.000109760010012117 0.017859966994229
1 0 9.04936508479039e-05 0.0187605535028957 8.89452819084137e-05 0.0192247310800805
0 0 0.000202060029756547 0.015069948248435 0.000207779209886134 0.0155334392967458
0 0 6.18290591885898e-05 0.0169266537776795 6.31665632470309e-05 0.0169769308955968
0 1 0.000284621173672722 0.0189184128355395 0.000290309046735655 0.0187200890304122
0 0 0.000111180117619743 0.0150126263564122 0.000111926309158952 0.0151009654011436
1 1 5.44401108872312e-05 0.0135911111888401 5.11692361897054e-05 0.0135297851795022
1 1 0.00019241603584358 0.0167747578708537 0.00018834394230481 0.0162728085901626
1 0 8.75747270551339e-05 0.014004374182744 8.57396217035487e-05 0.0148567748694021
0 0 1.21119951979546e-06 0.00909007105257699 1.58998344087824e-06 0.00932241741049951
1 0 0.000374915178379584 0.0215107795990017 0.000361489098745572 0.02164127691617
1 0 0.000210195117409218 0.017457447353456 0.000206982155608703 0.0177064476103467
1 1 0.00011331388110956 0.0164935385369325 0.0001065193679646 0.0159892531151904
1 0 6.82660083535876e-05 0.0211686460103291 6.35716524304504e-05 0.0213922904971648
1 0 0.000146502363330802 0.01605497730547 0.000144874973318701 0.0170611178220657
0 0 0.000126664805386856 0.00908935689280268 0.000126692377793569 0.00927896004324739
1 1 9.17102266583554e-05 0.0186100183679923 8.78643665720479e-05 0.0184538458374102
0 1 5.55931754332583e-05 0.00597358515950577 5.64314547709203e-05 0.00569213894643111
0 0 2.70787622142553e-05 0.0121589975247797 2.71906381295348e-05 0.0122907699333497
0 0 0.00010725449351366 0.0166001668751634 0.000117769781756957 0.017208907191876
1 1 4.52079435455203e-05 0.0134304529651412 4.44148430370239e-05 0.0128311740061616
0 0 0.000144892626914477 0.0154415052312691 0.000147727493941583 0.0155576927888386
1 1 7.37362346934505e-05 0.0115152443658373 7.32099002438086e-05 0.0114841841259916
1 1 3.26431325354515e-05 0.023173058944344 3.14581321088494e-05 0.0223886096691588
1 1 6.40255100248933e-05 0.0154343311845558 6.2994509118744e-05 0.0152182518856304
1 1 9.54598280869121e-05 0.0186629732700432 9.26949678157971e-05 0.018093879344983
1 0 0.000261050862271533 0.0197623002851491 0.000250270390882211 0.0199933238384143
1 0 0.000266741527542223 0.0163810943267052 0.000265079332718729 0.0173225127425583
1 0 4.37953719596024e-05 0.0120435062708855 4.09161753160009e-05 0.0120660062194092
0 1 0.000201131695608696 0.0165802712744623 0.000205978704607614 0.0158634867185738
1 0 0.000151535270573926 0.0182764575976204 0.000151004755242072 0.0184622383910954
1 0 0.000233260622791886 0.0182081813361226 0.000225393714727453 0.0185676224631973
1 0 0.000235497310064675 0.0201420892241709 0.000225538041124022 0.0204042351568742
1 0 5.99690393512599e-05 0.0195644641873621 5.84772707520607e-05 0.0197811007155296
0 1 0.00021387774700691 0.0199099125206154 0.000214333940312524 0.0197107520464
0 1 8.27326790887307e-05 0.019917997336086 8.29713590482139e-05 0.019866558898799
1 0 0.000381125093472923 0.0216044128753416 0.000377048453717547 0.0216641200725313
0 0 2.5754610905962e-05 0.0172354478189807 2.6826543982197e-05 0.0176856521781805
0 0 2.58584588971843e-05 0.0163197174819352 2.67055038383634e-05 0.0170588941054283
0 1 0.000212823958923713 0.0159793548358079 0.00021329010113542 0.0156204731166078
0 0 0.000260015247148721 0.0193874907509964 0.000265297087989281 0.0195178209917231
1 0 0.000154785985716054 0.0136262955009047 0.000150304844138198 0.0140575656470167
1 1 0.000203074980495878 0.018533416385119 0.000202855913614661 0.0184459832055862
1 0 0.00018123251099028 0.0177678808087904 0.000176345636990945 0.0178047648942057
1 1 2.91845432120526e-05 0.0183787482125294 2.90773307832603e-05 0.0181432382772682
0 1 0.000150704053738283 0.0255290518401963 0.000152087354118924 0.0251634217646531
1 1 0.000155776616784733 0.00939495445991861 0.000148080004362454 0.00910246664730736
1 1 0.000153878446896649 0.0152937311432876 0.00015125043686168 0.0152479126498655
0 1 0.00022582571218861 0.014430171144368 0.000234320103552728 0.0138142145288159
1 0 0.000286442890237985 0.0160098848410554 0.000282758507758391 0.0168419794810245
0 1 3.96798436828113e-05 0.00739471760248713 4.0808114408154e-05 0.00708678968393071
1 1 0.000172391524219736 0.0158161885510215 0.000171739649150066 0.0154711935527461
1 1 4.88581265901374e-05 0.0188679954231032 4.73481286249491e-05 0.0181900021003349
1 1 0.000153141976512162 0.0196151950476075 0.00014663639263245 0.019550448325409
0 1 0.000189668015855149 0.0186241965608413 0.000191937194476168 0.0180433846777236
1 1 0.000191824006678396 0.0182717490481248 0.000188464775047243 0.0182492901662214
0 0 0.000150295214757488 0.0160708362528952 0.000152125873780083 0.0165641176072968
1 1 8.58522599626902e-05 0.0129825233430864 8.44937655941223e-05 0.0127815573419701
0 1 0.000166672088374648 0.0154090735586582 0.000176974148902767 0.0152503351717151
1 0 0.000151438350267423 0.0193554213584742 0.000147092531573505 0.0210622935281288
0 1 9.28788503900524e-05 0.0174631224794408 9.77618320918705e-05 0.0172993970168402
0 0 3.50805295221626e-05 0.0202162292518881 3.79410854885508e-05 0.0204154737766126
1 1 0.00010063074229614 0.0157458072759072 9.80540738556781e-05 0.0156281256778033
1 1 2.14780440709346e-05 0.0122986791783233 2.02278025782477e-05 0.0117917065290588
1 0 0.000189630903613766 0.0186066682371447 0.000186988046370486 0.019194505073781
1 0 5.27263801363406e-05 0.0061591887955818 5.21733008714542e-05 0.00645073101759939
0 1 2.84237720067488e-06 0.00301739078045618 3.11125637530594e-06 0.00299277643121189
0 1 0.000290043638382664 0.0172862408071156 0.00029318861827795 0.0170811939293037
0 0 0.000105338487976236 0.0174075497536919 0.000109461390591572 0.0177990739628191
0 0 2.49005020844509e-05 0.0083379563131114 2.50820387411268e-05 0.00874387766038735
1 0 4.27535967688902e-05 0.0122163528210427 4.27481289794583e-05 0.0126244545377282
1 0 7.30251486252339e-05 0.0214330552312149 6.93110446010128e-05 0.0216604344273631
1 0 0.000159943464354011 0.0186508934561234 0.000152901422621083 0.018899543409915
0 0 0.000176826335092315 0.017667923571138 0.000177036807398172 0.0185005040020414
0 0 7.06151854715862e-05 0.0222437058943492 7.2049854695222e-05 0.0226960118049726
1 1 0.000359036953490848 0.0168772312891422 0.000347567893600505 0.0165720666591878
0 0 5.53174865336552e-05 0.0121111594612772 5.73291361443897e-05 0.0124777731270624
1 1 2.19901199561868e-05 0.00631975774989923 1.79361314511796e-05 0.0061824834509787
1 0 0.000299181287840048 0.0155535658469964 0.000298111205758688 0.0157941022774084
0 1 0.000106373504829658 0.0106146791908877 0.000108096085904943 0.0104755606156244
0 0 2.59110658853335e-05 0.0168073790564006 2.69653077508355e-05 0.0169427168225168
1 0 0.000406781884209133 0.0166821810017318 0.000397307924847251 0.0172190730215202
1 0 0.000585548839035275 0.0189680277778979 0.000558575556638899 0.0190845799213975
0 0 1.70431266994938e-06 0.00754006118366167 1.78238755698934e-06 0.0077145244169818
1 1 0.000109882164229297 0.015012508338098 0.000103695425429417 0.0148560419668363
1 0 0.000139150086637477 0.0206113927033384 0.000136344335796601 0.0213098731438449
0 0 9.22278076897916e-05 0.00920177285181449 9.30547020042446e-05 0.00950835528125274
1 0 5.80807399917913e-05 0.0124941171442775 5.68047365581537e-05 0.0124957507379764
0 1 0.000146248166585625 0.0126984576440161 0.000147887303796176 0.0125628741345493
1 0 4.94852067638575e-05 0.0101708440579461 4.89298204736803e-05 0.010330443600653
1 0 5.81091359053994e-05 0.0132997055359548 5.74899474634404e-05 0.0133640054249212
1 0 5.09596211608256e-05 0.0103154355324869 5.04883253892119e-05 0.0106659895889481
0 1 0.000340062491839355 0.0222358172331798 0.000348103367631317 0.0218104656556814
1 1 3.85365526731156e-05 0.0168849871979317 3.82110244446904e-05 0.016711056398952
0 1 0.00014114938885811 0.0158024283994098 0.000147529348667968 0.0154621046814665
1 0 7.08030644500068e-05 0.0162160563212564 6.86593489460229e-05 0.0167843455821979
0 0 2.91020507224579e-05 0.0166560917305803 3.09246694950489e-05 0.0169400321831595
1 1 1.92457163547382e-05 0.00406720871274825 1.92034924458454e-05 0.00401348230291145
0 0 5.71737245710167e-05 0.0152115576858662 5.77523025333502e-05 0.0154643172057487
1 1 7.14339221646904e-05 0.0113078830424994 7.07087125662026e-05 0.0106118936993688
0 1 6.53447322655466e-05 0.0101055633658099 6.67216707167514e-05 0.00998803666326273
0 1 2.20573735973422e-05 0.0214541073190194 2.23186442385228e-05 0.0210119560155313
1 1 0.000119701971771539 0.0172187969140148 0.000119193805723905 0.0172017137460796
0 1 6.45026437801894e-05 0.00314420972189322 6.65048508347979e-05 0.00291298492361252
0 0 0.000171926683664099 0.0175530250898341 0.000172621798582282 0.0178940547723866
1 0 0.000264622863577214 0.0219407053040409 0.000261755928291143 0.0219554495974268
0 1 0.000137232215093378 0.021880462436462 0.000138162217185558 0.0204601280554438
1 1 9.67040849916805e-05 0.0112445344029316 9.43260437827995e-05 0.0109838759416854
0 1 5.96557742054761e-06 0.00858553781722791 7.59801116105908e-06 0.0084211543707977
0 1 0.000117518379676838 0.0205686089219241 0.000119468757695099 0.0201220738727946
0 0 0.000132594864591643 0.0218724817542339 0.000132701336410008 0.0219293474636913
0 1 0.000347851832409828 0.022401965148359 0.000363921474216488 0.020931447508853
1 1 5.92510676269186e-06 0.00366180695807613 4.92312024053741e-06 0.00353899751592936
0 0 1.45591297600627e-05 0.0143083326206037 1.5345486381356e-05 0.0145701646314359
0 0 0.000155219878828615 0.0220518440135911 0.000157269127896887 0.0221087434580196
0 0 0.000228878015421226 0.00803165297268409 0.000230209810980067 0.00812182513604124
1 0 5.36430536943238e-05 0.00441546895920079 5.26917713749602e-05 0.00464041821750142
1 0 7.48849194658422e-05 0.0184927757148513 7.43440887376956e-05 0.0188286756141822
0 0 1.98625155926498e-05 0.0154618086775346 2.00910122150059e-05 0.0155597651649179
0 1 0.000182181435628053 0.0152121748375802 0.000188514037577098 0.014507391823906
1 1 2.57612266364211e-05 0.0191925144238172 2.51864173052144e-05 0.0186568123252713
1 1 0.000120380141534689 0.0231882445984375 0.000118859236026422 0.0228576772295964
0 0 0.000166416958639979 0.0162784070848102 0.000174787973589252 0.0163726612337059
0 0 8.64353496508577e-05 0.0194189005740436 8.71984696660595e-05 0.0197364856406496
1 0 6.32800758891088e-05 0.0200805762841852 6.26886768527362e-05 0.0205604197662846
0 1 0.000146188642461708 0.0213703277537945 0.000147741141338979 0.0211898231466027
0 1 0.000368380984388673 0.0204109358430363 0.000375245669026007 0.0201953135556319
0 1 0.000174043091314493 0.0214873217723107 0.000174692763303264 0.020962562966547
0 0 8.86713804388848e-05 0.0203544410023464 8.97181128030554e-05 0.0205602148873136
0 0 0.000107039122028335 0.018841280718533 0.000107986409206102 0.0194267719143213
0 1 0.000308942295176443 0.0110715739881202 0.000318627597586158 0.0108752784752747
0 1 0.000228129282805474 0.0169254338679466 0.000231410668419166 0.0167924300122719
1 1 5.22445343923078e-05 0.0169541394884807 4.96676999123501e-05 0.0165526795789163
0 0 6.38334854491461e-05 0.00644367934597126 6.57027248064043e-05 0.00646869179857913
1 1 1.59195703771895e-05 0.00931195752235333 1.54596306468193e-05 0.00915662026295831
1 0 0.000110380475914992 0.00516768369551874 0.00010223402848952 0.00559922576639348
0 1 5.86508086994244e-05 0.0185996129743031 6.13931713487631e-05 0.018396241707132
0 0 0.000104639507080161 0.0173406153497225 0.000106688911874791 0.017545004855275
1 0 0.000104150431721535 0.0201286654036956 0.000101603053760035 0.0203930421531555
1 0 0.000124483599980887 0.0182627955741193 0.000122728439815822 0.0188746706834419
1 1 6.78764087307955e-05 0.0181735057142972 6.41537887516053e-05 0.0179085320341818
0 1 7.08609196162684e-05 0.0135377387029386 7.12887192499088e-05 0.0133222737503453
0 0 6.4754042290733e-05 0.0193985871458405 6.58953162449489e-05 0.0204359738795616
0 0 0.000238855549714687 0.0165329848178271 0.000247976935125126 0.0166584341248398
0 0 6.19292562447064e-06 0.0168552548231948 7.4624692069841e-06 0.0172951837538977
0 0 2.39351600245393e-05 0.00940772640374556 2.56514305285921e-05 0.0094496045181934
0 0 6.62523686200227e-05 0.0132435978314449 7.06440638002558e-05 0.0134683544520282
0 1 5.66914030649908e-05 0.0189759861044803 5.82020465466994e-05 0.0182085026660005
1 0 6.9045377076384e-05 0.0161214514154915 6.86059927464034e-05 0.0162755862602219
0 0 1.75085646348833e-05 0.00588650308925025 1.88824981850665e-05 0.00592674681281813
0 0 0.000376268581238877 0.0201698576075253 0.000380754277591048 0.0202269398739587
1 1 0.000349723181610626 0.0196286336041189 0.000335360699066551 0.0195319563830797
1 0 3.7852320294127e-05 0.0110013084394364 3.63220919644945e-05 0.0111520213192644
1 0 2.45908807762065e-05 0.0165141500988131 2.37722787463159e-05 0.0176147196667319
0 1 6.13360001920872e-05 0.0169605233428059 6.4225269014942e-05 0.0167754287995013
0 0 0.000281217478049229 0.0248555282988291 0.000288111516202382 0.0257500050656893
0 0 2.99176290589151e-05 0.00721466642533636 3.05790056091138e-05 0.00730412092328396
0 1 0.000307909777952945 0.0187071164978383 0.000311003309476348 0.0184100119198188
1 0 8.24731018176827e-05 0.0137824903838375 7.95621356058924e-05 0.0138907118969028
0 0 0.000172536261793181 0.0179854689939746 0.000174560403585575 0.0180991512548455
0 0 3.82818994106983e-05 0.00587262549105451 3.91557421389635e-05 0.0059144951483322
1 0 6.62653782275046e-05 0.0044209680459805 6.44347757218305e-05 0.00453188535282
1 0 5.65165561167254e-05 0.0105827180759371 5.50553450947806e-05 0.0106960019378358
1 0 2.13309287199532e-05 0.0156159978841863 2.10483180675967e-05 0.0156933421088536
0 0 0.000120688934708603 0.0210905026187452 0.000125218675745122 0.0211799604447169
1 0 4.38007255716416e-05 0.0147116280597119 4.31641941183753e-05 0.0149060057909325
1 1 2.59766884444594e-05 0.00546915172458377 2.57479488473478e-05 0.0053636030990954
0 1 7.108808009385e-05 0.00968410695085766 7.1703552214496e-05 0.00958066380467317
1 1 0.000412458861685283 0.0191259852309887 0.000405191702328541 0.0186100036854132
1 1 4.65873050545892e-05 0.00421920837428451 4.36770843209394e-05 0.00410052183351952
1 1 0.000265097504795048 0.0190208869668976 0.000258959666860336 0.0186765558335995
0 0 0.000132989576280108 0.0210162154119583 0.000146368129135662 0.0213891290055112
0 0 7.85607601980435e-06 0.0200531051743157 8.23392608563056e-06 0.0202257135000602
0 0 0.000133740703296246 0.0148113001786178 0.000135907599061045 0.0150690329119862
1 0 5.8112520704129e-05 0.0181417981355448 5.41873408814397e-05 0.0185549078184163
0 0 0.000142579980430352 0.0193765259885768 0.000143589721066089 0.0194024503386523
0 0 9.67544521045444e-05 0.0189846196555852 9.77275864790356e-05 0.0192196380713837
1 1 0.000275457943180753 0.0197110228576845 0.000271020306755464 0.0190765870948603
0 0 9.24539797322063e-05 0.0167511902905861 9.28857031781157e-05 0.0173260514746979
1 1 0.000136180877233268 0.0196454153270175 0.000132765652252183 0.0189415023610775
1 0 8.77763923763822e-05 0.0137556494816202 8.56206650982818e-05 0.0141605612650289
1 1 0.000116117862843952 0.0177547541884181 0.000115112869534351 0.0173422553595536
1 0 0.000190620416596699 0.0168031827290551 0.000186071236153178 0.0171805722632618
0 1 9.53158501035112e-05 0.0112918387901359 9.97884586122887e-05 0.0108117189612748
0 1 6.39870652209522e-06 0.0106706599388396 7.16446860582342e-06 0.0104217111113136
1 1 0.000135026009765662 0.0125728232281912 0.000134014930073164 0.012252227829799
0 0 3.81688678298378e-05 0.0162940246541386 4.11657315877496e-05 0.0167569959126491
0 0 0.000159831541252671 0.0207601605818093 0.000164479502994761 0.0214432333825523
1 1 0.000186413603766249 0.016302940616906 0.000178454919843851 0.0162764051906052
0 0 4.76702274052358e-05 0.01682715294288 5.08373589803984e-05 0.0170773096958718
0 1 0.000182196640787535 0.0155385325784567 0.000182309797454213 0.0154108291514586
1 0 1.57297617802479e-05 0.013147884927726 1.49050934824795e-05 0.013293245497809
1 1 0.000117131440327115 0.0130967326554008 0.000114569573314837 0.0129989518470461
1 0 0.000247197333140871 0.0218967859561242 0.000244344766501426 0.0222965928328189
1 1 0.000122539383789145 0.0187599954557294 0.00012023604794478 0.0182225514337817
1 1 0.000146858585272275 0.0127395906899965 0.000144983539044237 0.0126287235452022
0 1 0.000139753613472915 0.0193948898622522 0.000143788458402815 0.0190201935434326
1 0 4.58028480446416e-05 0.0192390541868713 4.43559979382776e-05 0.0198661565104976
1 0 9.7301333867529e-05 0.0153879928348877 9.4051619974696e-05 0.0154755102168839
0 0 0.000103304086273444 0.0171084673188538 0.000105261120669298 0.0175438465470449
1 0 0.000150543119174857 0.0135520467853005 0.000143654613572393 0.0139775634870451
0 1 0.000114653834968027 0.0221390983383707 0.000117644046235839 0.0217539937934523
1 1 6.78174648783787e-05 0.0220862777065753 6.57770990183526e-05 0.0217596950383655
1 0 0.000125701671522544 0.013634753414339 0.000124997348322637 0.0138642079251493
1 1 9.38892275543527e-05 0.0175922840846322 9.28133527040789e-05 0.0175031063341761
0 0 4.09729425716212e-05 0.0138577496292365 4.19661918906424e-05 0.0143365587125046
1 1 0.000216587281583243 0.0185853417554391 0.00020646057346346 0.0183654372395082
1 1 0.000162169866640332 0.0160765628013674 0.000156866856867244 0.0158374759071469
1 1 0.000113789665573981 0.0215113672958309 0.000112976827782166 0.0210025379873202
1 0 8.36932511071312e-05 0.0136335171799539 8.09868198361101e-05 0.0140363260273757
0 0 0.00012312206728232 0.0119850446287112 0.000123319002832445 0.0121166180579178
1 0 0.000172463048776436 0.0204700614310162 0.00016789884094154 0.0206864318895392
1 1 4.57490852304422e-05 0.0191998530601314 4.4321670937398e-05 0.0186641836182383
1 0 0.000100400119873583 0.0169098120279194 9.59126137987162e-05 0.0170883362495109
0 0 0.000112906459916636 0.0200431241816021 0.000118485989756272 0.0205825236624635
1 1 0.000232024901894592 0.0193009869087822 0.000228067295947698 0.019293637477814
1 0 4.04564975810922e-05 0.00914591046729901 3.82679414925196e-05 0.00944082941269697
1 0 2.98028366357855e-05 0.0113386466269814 2.95510760530934e-05 0.0117039577267705
0 0 0.000571067714402235 0.0172349421074967 0.00057199245690944 0.017784622274559
0 0 3.51053279661044e-05 0.00304494800608431 3.61033106345355e-05 0.00318677734826667
0 1 1.33442603935431e-05 0.0184351551464811 1.34867487080654e-05 0.0183028539110911
0 1 0.000141551777276123 0.0098518464105082 0.000144918082401969 0.00972533100202382
1 1 0.000166959276750246 0.0164046534182262 0.000163355655689664 0.0162974381714565
0 0 2.43052415964855e-05 0.0204700523732844 2.43873969190125e-05 0.0210256390307937
1 1 3.72595384615391e-05 0.0125188537843975 3.64027472010365e-05 0.0121723338231343
0 0 0.000239103668156094 0.0194739237333452 0.000240383777777878 0.0195674133878745
0 1 0.000383843629049457 0.0153176878764303 0.000390196765309656 0.0152080584458281
0 0 6.37810566519521e-05 0.0170347904870679 6.93107128354223e-05 0.0172625618708821
0 1 2.43214865249976e-05 0.0183961886688545 2.4990367606283e-05 0.018328328911017
1 0 0.000240805595766266 0.0109720298795784 0.000236563732615708 0.0111958804046292
1 0 7.0992087297029e-05 0.0149566053740657 7.00421802914835e-05 0.0156934603093372
1 0 0.000177931443961362 0.0174837336945598 0.000172148203616395 0.0180274986079364
1 1 0.000242145451673768 0.0190656608228581 0.000230186216495342 0.0185175328477314
0 0 0.000117742670069458 0.013773544633493 0.000122336226950531 0.0139978747071272
0 1 2.19600026292822e-05 0.0226689300225463 2.21927320505949e-05 0.0224900779625933
1 0 5.45561675597302e-05 0.0178065920050174 5.41957601343354e-05 0.0179214786310344
1 0 0.000117824128897291 0.0192150434681358 0.000111364918447978 0.0192349483215554
0 0 0.000132759737944542 0.0160519616932002 0.000135179867428459 0.0161766930921658
1 0 4.13539990000751e-05 0.0121987019276306 4.11933817263113e-05 0.0122982281244431
1 1 6.76428264773037e-05 0.015586331970794 6.505059984009e-05 0.0154750113190074
0 0 4.50237145860525e-05 0.0176483108346173 4.64426228246799e-05 0.0178874420144115
0 1 2.89663211130717e-05 0.0153661905037093 2.91729856886126e-05 0.015317384024464
1 1 0.000113774222044012 0.0160109667065992 0.000106116863898779 0.0151967149196057
1 1 0.000594193231680817 0.0177122330394465 0.000587683774298421 0.0169283198649882
0 1 5.92937505531566e-05 0.0134849265592118 6.07921518359817e-05 0.0134114458797703
0 1 0.000179178336481072 0.0135495145662256 0.000185108971600405 0.0133254808772113
1 0 0.000227701358997697 0.0212298842986788 0.000226643005202258 0.0220543909917814
1 1 8.62019160052181e-05 0.0151731907516738 8.36441682013432e-05 0.0151300217708717
1 1 0.000157491260500778 0.00977333660261182 0.00015253666335209 0.00955908306210783
0 0 0.000123003357714501 0.0165353818844307 0.000130470841291393 0.0171651227373517
1 0 2.24040501799052e-05 0.0160911951869434 2.11881565704128e-05 0.0162141007534351
1 0 5.23551632105211e-05 0.0143379443863069 5.16221685856726e-05 0.0144841638922884
0 1 0.000130759369339816 0.0129876756150833 0.000134947692541822 0.0123369351299439
1 1 9.82299642226818e-06 0.00489510755642528 8.93237411975078e-06 0.0047101473418935
1 0 2.29329586084166e-05 0.0125575058171915 2.19631852359835e-05 0.0131970671477808
1 1 9.3421716641661e-05 0.0181227676647374 9.29320577888082e-05 0.0171709609207663
1 0 8.72903800515729e-05 0.0159591891288074 8.61717266533214e-05 0.0159688443168722
1 1 0.000193425009651515 0.0221259614950766 0.000192160885157759 0.0217896068001227
1 0 0.000204254701185918 0.017886731991651 0.000198186245769965 0.0189371948183283
1 0 0.00011723560347639 0.0125779391605662 0.0001135954256718 0.0129600576327286
1 0 0.000146038512175228 0.00781546191000846 0.000143076759299298 0.00813168577210277
0 1 4.07055471619872e-05 0.0141761800766607 4.38863153811012e-05 0.0136950677446919
0 1 0.000129702795076637 0.0211829717178087 0.000132042039484953 0.020675602514075
1 1 4.94624229387495e-05 0.0119201484251836 4.81752549010067e-05 0.0112888681937492
1 1 0.000129171447077221 0.0127806549772266 0.000126838854106391 0.0124095814646947
1 1 0.000124900480321271 0.0134111182692817 0.000122298351727149 0.013245909020104
1 1 1.94982765092382e-05 0.0221506304054116 1.92658489447272e-05 0.0218413409508424
0 1 5.25866533230657e-05 0.0203866280120798 5.26374798432185e-05 0.020200658163301
1 1 0.000197790242447454 0.022684342497082 0.000195472559783411 0.0222875234809082
1 1 7.7100321504824e-05 0.0188708493137353 7.57035480181559e-05 0.0185275592728367
0 0 4.86401477142454e-05 0.00905683682760281 5.07348967366421e-05 0.00980973652433002
1 0 2.97564143046421e-05 0.0165238824308324 2.94428607902468e-05 0.0168531738813057
0 1 9.71315786846386e-05 0.0116594089544257 9.83816620664381e-05 0.0114119488398401
0 0 9.51514696542769e-05 0.0171565353776179 9.96416597438082e-05 0.0173041119656722
0 0 0.000416956892988153 0.0213948782550908 0.00041802938290861 0.0218376422569098
1 1 0.000263691535177268 0.0158712714940293 0.000256231187497601 0.0158483544157461
1 0 0.000263256043387094 0.0155951388934669 0.00025885369375243 0.0161469915597202
1 0 0.000194333294220172 0.010906607961131 0.000192373009319819 0.0112589693493211
1 1 8.56359587188815e-05 0.0182973817521128 8.25652724014564e-05 0.0182896687162606
0 1 4.64045086441403e-05 0.00458742984643249 4.94661161225098e-05 0.00434175682591633
0 1 0.000245030707635445 0.0190248556605821 0.000255345602676884 0.0185145145510333
1 0 0.000119340580773332 0.01699384497978 0.000115389354835943 0.0176223052283724
1 1 0.000612366289530045 0.0233122583340924 0.000604180989808356 0.0230121299326623
0 0 2.83767404123179e-05 0.00225864655506488 2.91192584737451e-05 0.00239066102372855
1 0 0.000114002413462264 0.0132043220708984 0.000113161629232184 0.0132456794178466
1 0 0.000186238091754285 0.012354077944253 0.000184059736401897 0.0124071911074466
0 0 0.000151173248664813 0.0113643805583525 0.000161624488139882 0.0115110082218576
0 1 0.000133528116112941 0.0169307338943204 0.000139379989692098 0.0164009357866243
0 0 4.66175793075992e-05 0.0200886616419094 4.80730604408622e-05 0.020268645480452
0 1 0.000355043570486383 0.0189758971413003 0.000360725930382513 0.0189198183788417
1 1 0.000151810059041796 0.0201983668420803 0.00014741027588164 0.0200649167376098
0 0 0.000126738227299531 0.012847948295614 0.000137652396950391 0.0129121541968926
1 0 0.000269161930500867 0.0225726302167639 0.000264500005869799 0.0225876306968903
1 0 9.62566831921488e-05 0.0164301139461632 9.61341980532377e-05 0.0170906447123056
0 0 9.8797431145102e-05 0.012251527441597 9.89942206402486e-05 0.0126166105110134
1 0 1.88939495725398e-05 0.00684947627180672 1.79911750639337e-05 0.00702700141815133
0 0 0.000115434741616396 0.0110864878164053 0.000116355978111456 0.0111131697272053
1 1 0.000156591088993103 0.018056408253828 0.000154589836707605 0.017660357689621
1 0 0.000257705142377319 0.0153813495434821 0.000255454773810688 0.0161522082483305
1 1 9.93604023263419e-05 0.0180302470634514 9.33074606819821e-05 0.0179131542225461
1 1 6.46220263401985e-05 0.0192389170409262 6.44995697842632e-05 0.01829220021343
0 1 3.95932885707777e-05 0.0068930800612648 3.96525459658626e-05 0.0065986524736553
1 0 4.50898015765527e-05 0.0063001704508619 4.34119223242246e-05 0.00631590371799799
1 0 0.000130080418827493 0.0123521406300865 0.000123953269778643 0.0125785578978379
1 0 9.46759462031829e-05 0.0171673085424336 9.31628468135502e-05 0.0177769305055127
0 0 0.000164091582253918 0.0185778891942755 0.00016797297433569 0.0186338683570325
0 0 3.02823142261763e-05 0.00613753537942472 3.26499294343689e-05 0.00677997220084735
1 0 3.23442017009286e-05 0.0114513594334906 3.07729677189211e-05 0.0117796305948784
1 1 0.000186126190062528 0.0175814484537994 0.000174369868574728 0.01757830663919
1 1 9.3455517225161e-05 0.0166464848450349 9.18052990142726e-05 0.0166142520564643
1 1 0.000105514749225379 0.0161573414745984 0.00010544008074803 0.016125655458257
0 1 5.78686723545733e-05 0.0158961567188416 5.86152128996981e-05 0.0158299471380275
0 0 6.42742574877911e-05 0.0191700352617719 6.50292711297456e-05 0.0197674415717737
1 1 0.000127010325948337 0.0124342639265138 0.000126058533024412 0.0118144639499922
1 0 0.000102160686156944 0.019398310105722 0.000101688376064883 0.019477428163483
1 0 0.000225208942483044 0.0178234573457121 0.000213740903949954 0.0178839970943701
1 0 0.000109131247155615 0.0161219501966464 0.000105972860804107 0.0163879614705896
1 0 4.55180555982784e-05 0.00472980932173735 4.32752085781116e-05 0.00482132415396873
0 1 0.000114606777710641 0.0153277193766222 0.000122681185864835 0.0143743268983961
1 0 0.000251887729814486 0.0183956748709868 0.000239723732183544 0.0187128366971239
0 0 0.000337170456703295 0.0210528143054251 0.000351941743241307 0.0215799508132122
0 1 0.000171732568642257 0.015696878246246 0.000172249024746944 0.0151351197132602
1 1 0.00061927891742686 0.0156344469211256 0.000618463458318768 0.0154994446228989
1 1 0.000193016002215981 0.0187700266641108 0.000187859642307524 0.0182593403634898
1 1 0.000122006860127382 0.00724063015216173 0.00011630117444243 0.00701117279939381
0 1 0.000102605178339431 0.00773745231433946 0.000104106043236766 0.00759060990942487
1 1 6.13607926430881e-05 0.00962773170806242 5.69291562512543e-05 0.00955351342295831
1 1 5.28980255591189e-05 0.0102581152357724 5.1739347343819e-05 0.00991162320389567
1 0 0.00023467202242688 0.01520342468118 0.000227068415648601 0.0152565240344763
1 1 0.000335432378328825 0.0170866161855712 0.0003207012784682 0.0170369331657359
1 1 0.000157933145302681 0.0145498160137788 0.000148618902722239 0.014484108425174
1 0 8.96028000200568e-05 0.0192264607290903 8.75802260113717e-05 0.0192553501548875
1 0 8.10984439798625e-05 0.013090602987935 8.08664850807219e-05 0.0132428953295468
1 0 0.000289015074104801 0.0195225097576615 0.000282244902777584 0.0195575863549696
0 0 4.39727828133481e-05 0.0197261615907634 4.53576256228108e-05 0.0197883688344458
1 1 0.000106764845644588 0.0194455068665664 0.000106492243175048 0.0192112377948398
0 1 0.000454635429432186 0.0243991541608846 0.000458959719062074 0.0238465829062139
1 1 8.05087215530174e-05 0.0243460397463449 7.95821231982174e-05 0.0239481581240684
1 0 0.000320446365818861 0.0190539487835141 0.000311796658767998 0.0195736358211914
0 0 5.46591907942318e-05 0.0129867088053746 5.49866923294164e-05 0.0130502414142599
0 0 6.66399415295988e-05 0.0199889697721758 6.82825593873446e-05 0.0204071368328438
1 0 1.9055273073997e-05 0.00531619050477701 1.84608742569517e-05 0.00559615188671374
0 0 0.000197118788841091 0.0211418962818548 0.000198913854825826 0.0215211029698804
0 0 6.52260016898051e-05 0.0126303863711159 6.59409544935469e-05 0.0129881004746536
0 1 6.96912009084289e-05 0.0117465729662247 7.08471956518052e-05 0.0117263882998161
1 1 0.000105765648612044 0.01514564315675 0.00010461683949828 0.015001545497218
1 0 6.24194101958367e-05 0.0115413979692447 6.20790963882291e-05 0.0117633718138728
0 0 4.50873948220337e-05 0.00871472266396576 4.56146946587913e-05 0.00892483354201125
0 1 0.00010835440090938 0.0223952163740913 0.000110806553483787 0.0215274914013675
0 1 3.06481080208614e-05 0.0140330858369987 3.15239758843508e-05 0.0137870079151701
1 1 0.000172935489963725 0.0123957456005623 0.000169096966469627 0.0120971142279561
1 0 7.22362918000071e-05 0.0141616421861717 6.81886352980721e-05 0.0142922341118445
1 1 3.45966336518084e-05 0.0157706353774519 3.32186153739509e-05 0.0157133959198564
1 0 0.000107979137740601 0.0302869867858011 0.000105426972601386 0.0307703299651604
0 1 0.000114644706092733 0.016782429487318 0.00011601658941848 0.0164810900054462
1 1 0.000140960418267875 0.0245302136587072 0.000137539707849521 0.0236564756166263
1 1 3.84645562359422e-05 0.0158954477472759 3.7407741542027e-05 0.0157719949711545
1 0 5.5015307702526e-05 0.0210406042929251 5.34913824408598e-05 0.0210858989792003
1 1 0.000107848283447351 0.0146302590330111 0.000107023548274387 0.0146259480589806
0 0 0.000104249013125023 0.0169203369483561 0.000111249661961815 0.0174925910926001
1 0 5.36850637172622e-05 0.0183981787481646 5.09776323881559e-05 0.0185157699134622
1 0 0.000142889475598485 0.0176583147111392 0.000136834609183134 0.0183400307089059
1 1 0.000120401935931136 0.00895180823277032 0.000118937862698352 0.0086304456557567
0 0 0.000137178825843081 0.0177451087608149 0.000137409109625438 0.0185229736298869
0 0 0.000111032585691043 0.0161274230212495 0.000112219350690756 0.016173491357299
0 0 3.79003173635237e-05 0.0195730416423287 3.80718861943478e-05 0.0197862708001928
0 0 5.46450925161688e-05 0.0118992737922922 5.66987059859539e-05 0.0123072118327046
1 1 7.36516256693085e-05 0.016767027967918 7.17431119212074e-05 0.0162537959323824
1 0 6.68065637529696e-05 0.0187977111613214 6.57707989195304e-05 0.0188589359346627
0 1 0.000201925751647241 0.0184132676133831 0.000203436431777363 0.0178191400776951
0 1 0.000119650601558412 0.018700022045626 0.00012192100529311 0.0185876708606303
0 0 9.33144664901716e-05 0.0109144729921992 9.80969196578052e-05 0.0111145802733004
0 0 3.5724869478791e-05 0.0105745094051129 3.591169300693e-05 0.0107753710222061
1 0 4.75482541809112e-05 0.0129127887735341 4.6608037246721e-05 0.0130790603655863
1 1 7.1872288709653e-05 0.019050876158313 7.14441569339838e-05 0.0189364776273708
0 0 0.000127359837400959 0.0162886641805853 0.000132156633250102 0.0168435898793923
0 0 0.000212222934706648 0.0177415895366761 0.000216443414707036 0.0179271048195746
1 1 0.000193773046288044 0.0160793530394103 0.000189764174205981 0.0152586193677563
0 0 0.000309876092608273 0.0177532155536453 0.000311468097635649 0.0178961781213397
1 0 8.3899587987725e-05 0.0088873841236186 8.23257159265933e-05 0.00908233582000324
1 1 3.23722839661202e-05 0.0221851152396952 3.0514995122881e-05 0.021472384645192
0 0 0.000282932983211525 0.0214521754246379 0.000288681535474032 0.0214631232134492
0 0 6.05051349402908e-05 0.0145932937590596 6.38201303257869e-05 0.0156021449774662
1 0 0.000320522376399416 0.0217737637652527 0.000317115627053396 0.0225058847085229
1 1 0.000279820844062607 0.0181962690912078 0.000273089809692396 0.0181070424398927
0 1 0.000191694944198282 0.0209378478703233 0.000197358074263601 0.0205948196269214
0 1 0.000118876738660867 0.0147351480748247 0.000120039185169807 0.0146862267117889
1 1 2.44234701829406e-05 0.00767952369874516 2.29490637542802e-05 0.00761714052812656
1 0 0.00011625324963989 0.0163433370863046 0.000112876321908274 0.0172312374827541
0 1 3.59186482884852e-06 0.000622879237524381 4.58531721286372e-06 0.000557713005283734
0 1 2.29662943449481e-05 0.0122531809138699 2.41286245799342e-05 0.012227788368976
1 1 3.30167776855735e-05 0.0225075221733808 3.21679157470208e-05 0.0217613965496946
1 1 0.000232023449256406 0.0203922269320565 0.000218379530170358 0.0201840314275297
1 1 0.000164908731990699 0.00929754458461688 0.000153671396512135 0.00906515566147193
1 0 1.36228386604644e-05 0.0153408223208502 1.28815977012163e-05 0.0154450670930051
0 1 6.65806785414945e-05 0.0199622818408304 6.91671704549939e-05 0.0195048997298346
1 0 7.0450550331982e-05 0.0144868483797771 6.94106865047861e-05 0.0147932649801988
0 0 0.000122325578875289 0.0149131059926695 0.000122976908934997 0.0154248795733774
0 0 4.28214220051652e-05 0.0170950065004131 4.28794211540855e-05 0.0176078609836331
1 1 0.000221023269718211 0.0172975792062846 0.000217033528284981 0.0171138626159223
1 0 0.000124759198201626 0.0164473421554705 0.000122970398237582 0.0167854598559331
0 0 9.13540387398252e-05 0.0164941158169214 9.14474256812389e-05 0.0165193489432697
0 1 6.52552471194109e-05 0.0231350060821939 6.62598647767094e-05 0.0221428838845057
0 1 0.000264527469873485 0.0198484052750141 0.00026578092412709 0.0193765232315116
1 1 0.000198930822322314 0.015292039567327 0.000194525571944576 0.0152631382692251
1 1 9.31173325312119e-05 0.0215226648180547 9.28822888750665e-05 0.020856584830122
0 0 0.00012288916836946 0.00916651498481445 0.000128868625677944 0.00938760134993279
1 0 0.000101399323735719 0.0170886085106515 9.36636521839601e-05 0.0171686975190855
0 0 4.78024633918727e-05 0.00915700974112722 5.13610765117715e-05 0.00947863695382255
1 0 0.000223118353979461 0.0162700286630442 0.000218452818587612 0.0166799965619181
0 1 7.4280652116181e-05 0.0197936099600603 7.5051492049832e-05 0.0195307892126779
0 0 0.000141212449489876 0.00857343815885416 0.00014293347393503 0.00859163169626877
1 0 0.000162216905358367 0.0153284494801933 0.000156615807569459 0.0154880446381139
1 1 0.000167035138206643 0.0140062035312189 0.000166108748660949 0.0137639831215758
0 1 0.000283858144481742 0.0179728328788751 0.000297123979825363 0.0175238395211383
0 1 6.79998872869461e-05 0.014605347964175 6.90135853660408e-05 0.0144877630933135
0 0 0.000258250694842473 0.0137050952626479 0.000262332744887515 0.0142446558454213
1 0 2.05753028736974e-05 0.00356023056950082 1.87675245091906e-05 0.00366586957820366
0 1 4.41525742060442e-05 0.0153164140722095 4.61358047648961e-05 0.0151431951876086
0 0 2.6875346450607e-05 0.0219209812144086 2.79178151897822e-05 0.0222973369664761
1 0 8.75717964380496e-05 0.0180146708246243 8.32216542255192e-05 0.0183685913329981
1 0 5.09601996627715e-05 0.0175957389992908 5.09333087062612e-05 0.0178894526149255
0 1 0.000280379043485081 0.0179488584976928 0.00029186812734736 0.0176858096579952
1 0 0.000166195152765295 0.0202390303744825 0.000164061928692458 0.0203610877817258
1 0 1.02521852909939e-05 0.00551663477219421 1.00840625735636e-05 0.00565495995517844
1 1 0.000104799600478169 0.0106153016037976 0.000103991084476999 0.0105143692882691
1 1 0.000110724460332874 0.0123730120008076 0.000105645695842248 0.0120368650753031
1 1 0.000325787094983432 0.0244490234603431 0.000318788665718069 0.0239107735277799
0 1 0.000425638030531703 0.0148340118233092 0.000437633627723541 0.0146418640294609
1 1 4.65065180155382e-05 0.0169983478208056 4.47700272218564e-05 0.0168175271397156
0 1 9.96257384683761e-05 0.0190544108592243 0.000100394600035692 0.0185913919110164
0 0 2.67295234220513e-05 0.00381602762561612 2.73285772700587e-05 0.00386823264554488
0 0 0.000105981051757608 0.0163112226846062 0.000108123401986123 0.0166138671683587
0 1 7.63038463077582e-05 0.00654710827593656 7.93553840301321e-05 0.00636952392812502
0 1 0.000113680718188204 0.0158494474176054 0.000114409418884008 0.0156629270712821
0 0 5.83668316001106e-05 0.0146328951005739 6.34451451843033e-05 0.0152403795629725
0 0 0.000150584460200373 0.0165658722059115 0.000155695291758307 0.0168514989803536
1 0 0.000113609811210961 0.0149898422105386 0.000109879649457125 0.015377245367216
1 0 3.78176650880324e-06 0.0110454498614613 3.68528991217546e-06 0.0110860162330653
0 0 6.39441390568795e-05 0.0169289941487677 6.50121454903345e-05 0.0172598611300283
1 0 4.32280627522931e-05 0.0140908520729266 4.22504722647271e-05 0.0141999058708769
1 0 7.65721590769272e-05 0.0184822623095796 6.93293097297912e-05 0.018665434357105
1 1 7.31263144017362e-06 0.0111394778608174 6.63154762752076e-06 0.0111382109971451
1 0 6.99407600120131e-05 0.0203220176324526 6.96268023339323e-05 0.0208822843081398
1 0 8.23897219873401e-05 0.0144201030180183 8.12715714755968e-05 0.0146810164760787
0 0 6.30325637990048e-05 0.0177247324895629 6.31363336513054e-05 0.0181056038996074
1 1 6.93652432294886e-05 0.010920849026445 6.73916537639387e-05 0.0108230495550235
1 1 0.000481862232242704 0.0215469662949651 0.00046425510702311 0.0212767322190285
0 0 4.61480114010737e-05 0.0169264189115871 4.70161780648752e-05 0.0169802950525838
1 0 3.76911369091184e-05 0.0176843168317946 3.73633954552161e-05 0.0187011493214783
1 1 0.000191100130885471 0.0171592710583007 0.000186579042124429 0.0163409231656348
0 0 9.45777858255392e-05 0.0164260364681844 9.48547911040601e-05 0.0165366708235257
1 0 0.000123784208496797 0.0151854543242844 0.000122924090276292 0.0152780512729541
1 1 7.9149407093475e-06 0.0166114788715023 7.35704688356719e-06 0.0160219316939666
1 0 0.000302371801264603 0.0134529340765627 0.000285495225251999 0.0140486373330849
0 1 7.54044027228475e-05 0.00481617149944567 7.87377973479206e-05 0.00467327087715477
0 1 6.99659618611668e-05 0.0150990601878619 7.20891585866132e-05 0.0149661117493025
0 1 0.000263740315218306 0.0183675664229868 0.000264084570530481 0.0178984340739134
0 1 0.000184615406671867 0.0166402186219534 0.000186800033543581 0.0158036470461226
1 0 0.000185916533834958 0.0177535603541962 0.000176728030187476 0.0180148111211185
0 0 1.03252041330434e-05 0.0107593053122176 1.07850901694867e-05 0.0109156933688906
1 1 0.000249192581636618 0.0182861803375006 0.000246335317592758 0.0182290344724766
1 1 0.000142899576278261 0.01860090393701 0.000137637052542963 0.0182391443948056
0 1 8.4954982096069e-05 0.0145499860952458 8.75492682896057e-05 0.0139409180000926
0 1 0.000140442486557125 0.013207204473747 0.000145216408167548 0.0128383005304253
0 1 7.47493616657356e-05 0.00444387424584745 7.89799560356729e-05 0.00424448068564088
1 0 0.000127547232302694 0.0142761958187842 0.000123799306455028 0.0145113357589393
1 0 1.10196211185397e-05 0.0183058272726056 1.08076251539969e-05 0.0188672802917672
1 0 8.21021120698167e-05 0.00867363672068702 8.00803179259741e-05 0.0087579662079251
1 1 5.8483690053405e-05 0.018288274030702 5.65208842707007e-05 0.018185531139442
1 0 9.9107370171703e-06 0.0124474142095893 8.93754929250186e-06 0.0125732704321447
1 1 0.000126802334101421 0.0208035365560878 0.000123478615224035 0.02012141588442
1 0 6.97897906485361e-05 0.016362815571336 6.69016832413921e-05 0.0164356982438244
1 0 0.000177670889699843 0.0134617418738223 0.000176917569131018 0.0140537219076229
0 1 2.97343790971258e-05 0.0188863923063373 3.02566127685634e-05 0.0185115083659675
1 1 4.62968740654917e-05 0.0120560940687984 4.4197463072629e-05 0.0120452992909827
0 1 9.13086363987876e-05 0.0144586797916057 9.32634746529182e-05 0.0141686169388864
0 0 0.00018084078097469 0.0198994460001011 0.000185490801952275 0.0204925643552071
1 1 2.54603501953532e-05 0.013045517519265 2.47182389394547e-05 0.0127147219687917
1 0 2.95657700424545e-05 0.0132505877984119 2.92885004840483e-05 0.0135133139683523
1 0 8.56782926433619e-05 0.0142791114449711 8.41964689982284e-05 0.014897593400438
1 0 0.000106773267748228 0.0121779870305262 0.000102183584064118 0.0125509340606172
0 1 6.47214709239744e-05 0.017423273330196 6.98858222775824e-05 0.0170338317923481
1 0 0.00013773410456972 0.0147574449158922 0.000131650512475752 0.0150779321541813
0 0 4.98618429631301e-05 0.0128996003427372 5.20589071171326e-05 0.0129255912337983
1 1 6.01850376795626e-05 0.0206815673278398 5.83659831148269e-05 0.0204655107774843
1 0 9.70412795775415e-05 0.0176294084122653 9.67042273987305e-05 0.0178994770567259
1 1 7.85468722026082e-05 0.0146757970683974 7.0840751360314e-05 0.0146315725097799
1 1 0.00050499491041471 0.0191662511214778 0.000502124568207304 0.018661411847558
0 0 0.000180564986090625 0.02045977279056 0.000184988720542617 0.020656336395284
1 1 0.00018331721854686 0.0168661081691342 0.000178218908960138 0.0168043543277544
1 1 0.000256599176813713 0.0216669575882252 0.000253226438574088 0.0214400845691754
1 0 4.18635681498089e-05 0.014817981724695 4.07832075095751e-05 0.0152735053763119
0 0 0.000133738915046882 0.0183260531335251 0.00013487921560122 0.0186462066890664
0 0 0.000370840446955382 0.0191295341160525 0.000374032419742359 0.020424181680038
1 1 0.00045597195402429 0.0215384451103359 0.000453977855121891 0.0208172655835758
0 1 0.000132599686600242 0.0128433659572011 0.000137803172773886 0.0124954290882935
1 1 4.51054763330069e-05 0.011374078318984 4.44254113975778e-05 0.0110969729084979
0 0 0.00018564955420512 0.0191472909542599 0.000186256705893302 0.0194091191971745
1 1 0.000131405551528039 0.0187540114430573 0.000129335435718076 0.0185773878405431
0 0 0.000147834954020421 0.0201754390619142 0.000150788591964741 0.0203972004151988
0 0 0.00037041891038818 0.0229637085700245 0.000382481678184723 0.0231483606810763
1 1 0.000132679812916708 0.020983013434809 0.000127218344276595 0.0208072337729731
1 0 8.12914367786376e-05 0.0131247625683817 8.12503956796964e-05 0.0134083173316925
0 0 3.50058255921928e-05 0.0201577033545543 3.52294414933254e-05 0.0209561210532543
0 0 9.98619450100848e-05 0.018902406538261 0.000100921429964514 0.0195051931251127
0 1 0.00010489457877605 0.0148562325369668 0.000108122610054744 0.0148437764335316
0 0 0.000140325667518696 0.0202564470241543 0.00014390997314736 0.0204569029890355
1 0 5.70988205725945e-05 0.0185378287341965 5.43866730349709e-05 0.0199414826568294
1 0 0.000151603330807112 0.0105116190283609 0.00014522733036277 0.0106568286085633
1 1 0.000207015883013914 0.0163547683037493 0.000203278998733541 0.0154767077105439
0 1 8.17076439284724e-05 0.0158193377095424 8.66209823542424e-05 0.0156490992928118
0 0 6.37101537309401e-05 0.012765803820298 6.37227463179691e-05 0.0131340219017478
0 1 5.82075259713001e-05 0.0225137671997017 5.88044327042507e-05 0.0222602715114014
1 1 1.84701838674126e-05 0.0120555068050743 1.82649885140771e-05 0.0115853583860359
1 1 8.18675546544745e-05 0.0197091201897882 8.15237488595789e-05 0.0194077336259148
1 0 1.13180100036973e-05 0.0105366742759494 1.11000249797045e-05 0.0108972959437705
1 1 0.000100571851680596 0.0174775343728605 9.6769491599084e-05 0.0166707305499844
0 1 3.59353121685365e-05 0.00408647142924615 3.64693374719691e-05 0.00383415331926411
1 1 0.000128525580203999 0.0151831522816856 0.000127460263539598 0.0149919667245288
1 1 2.06948305030056e-05 0.0174470988622953 2.0045769141044e-05 0.0173233345259369
1 0 3.1826216943629e-05 0.00548759564450833 2.98095137212421e-05 0.00559135865850997
0 1 0.000333096595844795 0.0184546299678163 0.000352757857941711 0.0177175578615404
1 1 0.000125094192177546 0.0186797998642806 0.000120691163087246 0.0180826092446482
0 0 6.51446980448692e-05 0.0108968536157461 6.66257685119946e-05 0.0116672337695368
0 1 0.00010820494914601 0.0192344784393981 0.000109534163148812 0.0188972050949927
1 0 0.000168576799658007 0.0167821985428153 0.000163970383714438 0.0175420241651654
0 1 0.000128534791369656 0.0173800271380082 0.000131370124031972 0.0170949579074176
0 0 2.25026670672712e-05 0.016428115761321 2.29170075684441e-05 0.0164968890600756
1 1 8.44036399679839e-05 0.0185061617425948 8.16697618421023e-05 0.0182046912292753
1 0 2.43572654958011e-05 0.0126948974514933 2.18282959131198e-05 0.0127021602614087
1 1 8.59669831548123e-05 0.0184605235349607 8.12715260762003e-05 0.018360464074773
1 1 0.000105868267856417 0.026806754465617 9.93399232921014e-05 0.0267126070277124
0 1 9.01201558631987e-05 0.0178854432867537 9.16544906353102e-05 0.0178179647715723
1 0 9.98156121025971e-05 0.0180958231601444 9.8176825990016e-05 0.0185323328693983
0 0 7.68791322795145e-05 0.0195496424339866 8.0141359742961e-05 0.0197920106713495
0 0 0.000129664831921752 0.018224493179556 0.000130988625307076 0.0184641778567217
1 0 2.27971627527534e-05 0.013761786711209 2.25482595290313e-05 0.0140866166196121
1 0 0.000170288900887334 0.0186129739053498 0.000164724596947367 0.0187311651676063
0 1 6.58082826017051e-05 0.00633521278070835 6.58973732436115e-05 0.00629995999102167
0 0 0.000220953588769318 0.0195402735367878 0.000226818903002431 0.0204445566195382
1 1 4.08302537330546e-05 0.019377983676713 4.02555035307631e-05 0.019191128387865
1 0 0.000300458053337276 0.0177391767880293 0.000293276766502634 0.0177897790848574
0 1 1.14052532026712e-05 0.0120910067433137 1.16473072781467e-05 0.0116084076056129
0 1 0.000218536406026415 0.0226627756661406 0.000219530054902874 0.0223642789928021
1 0 0.000208353740369898 0.0230971619876064 0.000204744938456781 0.0231285639022392
1 1 6.62313599723677e-05 0.00905911734109845 6.55323821179267e-05 0.00878344449874904
1 0 0.000123489964103385 0.0182673066356861 0.000122513589879969 0.0185490266649655
0 1 0.000346801385687778 0.0194051919791994 0.000351017723218585 0.0186382033287924
0 1 0.000122447034146655 0.0215143955743417 0.000128589856187476 0.0210226506625503
1 0 0.000248658009453547 0.0191711526229768 0.000247126416201067 0.0194441284137334
0 1 0.000222832841737628 0.0206145556326306 0.000224000747910084 0.0206031601983118
0 1 0.000123868096193347 0.0174533245141122 0.000124433928155147 0.0171284161230608
0 1 0.000272012852197019 0.021605669920285 0.000277695041780032 0.021114304619571
1 1 0.000267306821480285 0.0203826193905998 0.000263961857094592 0.0199793412433096
0 0 8.18884679699244e-05 0.0131561028199556 8.42959225079983e-05 0.0131790158578615
1 0 4.95652012989337e-06 0.0155055296462659 4.81850857420293e-06 0.0157344321638796
1 1 6.67180610120704e-05 0.021190986397103 6.6581342509762e-05 0.0210988736654491
1 1 8.85638978551399e-05 0.0162105923403837 8.75725083571248e-05 0.0160804601097443
0 0 0.000235777308873451 0.017588908938641 0.00023699305938385 0.0178333890224473
1 0 0.000165368789729035 0.0190925728740158 0.000163125943021436 0.0193710976312174
1 1 0.000166839101422423 0.0173576836295728 0.000165213752264062 0.0169669729347755
1 0 8.73473961219178e-05 0.0230532804185875 8.53322295629226e-05 0.0235936199330717
0 1 0.000183412965198279 0.0174133932904792 0.000190695142787018 0.0169191859881441
0 1 4.4332367058862e-05 0.0204814924369636 4.51395436519372e-05 0.0199914560193389
1 1 7.43117391853042e-05 0.0182228629853897 7.29040995015831e-05 0.0177379165653395
1 1 0.000657504471940201 0.020433990420655 0.00065319659001852 0.0203455703989865
1 0 0.000181859736486698 0.0172923541503893 0.00017506715396221 0.0177397668225579
1 0 0.000106628318413262 0.0138242238219298 0.000104849950003821 0.0140139954231877
1 1 7.4090871933611e-05 0.00821906598270181 6.88235246911118e-05 0.00791265126474017
0 1 0.000156864811980072 0.0222629679167944 0.000158015815927517 0.0217821301546802
1 1 5.73494403708078e-05 0.0152169490150305 5.56948611133441e-05 0.0150668698415009
0 1 8.38986747358505e-05 0.0142883568804625 8.60665248242323e-05 0.0140228457999637
1 1 1.42739125547161e-05 0.00544516291036465 1.28543841824927e-05 0.00529880449078927
0 1 5.89290791798914e-05 0.016381166596033 6.10978217741274e-05 0.01625431374502
0 0 0.000218382179016498 0.0195136484694869 0.000225329046354159 0.0201639778339929
0 0 0.000159923719987552 0.0136644252882999 0.000161900841404823 0.0137234421081062
0 0 0.000121821092081839 0.019680102597537 0.000123613602798495 0.0199294278440508
0 1 4.41062306532257e-05 0.018543196318395 4.50690474830544e-05 0.0179519973083121
1 0 9.55017820303138e-06 0.00589801259287277 8.6271938230403e-06 0.00595465852807082
1 0 4.90371489885962e-05 0.0130575414195192 4.80119294319409e-05 0.0133934237935911
1 0 6.70719460842639e-05 0.015511019947134 6.49349826190207e-05 0.0157229072491532
1 0 0.000133326082306002 0.0221219408013052 0.000132252550697829 0.0223276169723058
0 1 7.54162623051512e-05 0.0128708118602922 7.56997654970967e-05 0.0124721785938725
1 1 4.18317443371166e-05 0.00409556044006511 3.87808148713221e-05 0.00391948771929007
1 1 7.813531685283e-05 0.0227308653778033 7.44253935126206e-05 0.0223432815141823
1 1 9.60727837579331e-05 0.0163471175571369 9.51668848861043e-05 0.0161954629149911
1 1 0.000218249328460717 0.0174509937311964 0.000216469124103144 0.0174431674234097
1 1 3.35103091370693e-05 0.0157420927511335 3.27285446025926e-05 0.015397355977422
1 0 0.000211805144074806 0.0195898302862015 0.000210951119931527 0.0197262305262877
0 1 4.40761659662461e-05 0.0109890014653181 4.66091074986967e-05 0.0107566865122095
1 1 8.92075542929124e-05 0.0166123274143143 8.81085890593071e-05 0.0162420814682364
0 0 4.00264604602981e-05 0.020548132720933 4.27146873550074e-05 0.0211444364238454
1 1 0.000107954486071711 0.0142484709210259 0.000106163232770662 0.0138899942353633
1 1 0.000151850431272283 0.0145295108780965 0.000147824335434879 0.0142494532289129
1 1 0.000130999191235059 0.0197324346949091 0.000130726228199857 0.0196693291631444
0 1 3.49032985751097e-05 0.00969400106502026 3.53249740392688e-05 0.00949632373526624
1 1 7.06127859137125e-05 0.016008105437663 6.85233936538666e-05 0.0159422575589997
1 1 7.06518548615223e-05 0.0177754611052188 7.02641861686078e-05 0.017165160829313
0 0 0.000120589997324574 0.0188693992242327 0.000124382781315214 0.0190229686596923
1 0 0.000339849527037821 0.0210630370759457 0.000336883522087409 0.0211675415270965
0 0 4.02488064406442e-05 0.0157830353459482 4.06742222740629e-05 0.0161889349179348
1 1 3.58053607072918e-05 0.0135202370228499 3.5476414428875e-05 0.0133692186367892
1 1 5.54012073980617e-05 0.00887652765643417 5.38604490145859e-05 0.00880873169991795
0 0 4.35559278868042e-05 0.0184772829952924 4.54567965439108e-05 0.0189474503779729
0 1 2.3823845352701e-05 0.0105701732217112 2.46852876254919e-05 0.0104141571898566
1 0 8.6722677186247e-05 0.0138314919198013 8.14736549703235e-05 0.0139455822767874
0 1 4.88097111675652e-05 0.0210026163160727 5.14179636799606e-05 0.0203016870824506
0 0 0.000127694339057189 0.0178436334239797 0.000131838404927213 0.0183909203013115
0 1 0.000196450911499172 0.0161831341049676 0.00019727246243268 0.016039340769948
1 0 3.75155966405767e-05 0.0136780898731014 3.55001349471445e-05 0.0140812012215405
1 1 9.77206467875867e-05 0.0175065576531614 9.62994836583577e-05 0.0172297698305023
0 1 0.000259587525566737 0.0133213987331878 0.000273613639275405 0.0130263648416352
1 0 9.228801734998e-05 0.00967608736425657 8.71816111106176e-05 0.00981898700654628
1 1 7.14354662746223e-05 0.00592330400620373 6.46772899214698e-05 0.00556251859205638
0 1 3.2456547061565e-05 0.00927614736841044 3.34253993800642e-05 0.00915927614258191
0 1 2.96956757405889e-06 0.0195417214187626 3.17448059852479e-06 0.0181935027506776
1 0 0.00013204708913308 0.0211536714389159 0.000131214356263584 0.0213119652139507
1 0 4.8393658971508e-05 0.0169162485843021 4.75969251588475e-05 0.0175488349425985
1 1 0.000188988619644919 0.0206724971243767 0.00018630613140983 0.0188315741274128
0 0 2.31451055199347e-05 0.0149232882713644 2.41017894161852e-05 0.0154795603181517
0 0 0.000386036273668284 0.0195608476842617 0.000391217788452917 0.0199925886813623
0 1 8.09380295464188e-05 0.0146606528719508 8.42032785896673e-05 0.0144287049321234
0 0 0.000113696007635247 0.0137086298090105 0.000116579541163684 0.013739328425309
1 1 0.000193001100775945 0.0157750670362472 0.000185488820582604 0.0150180029503102
0 0 8.11990023227072e-05 0.00643713049111834 8.23996311518476e-05 0.00656509449310368
1 0 0.0001048471178202 0.0193898785109942 0.000104132329400747 0.0202807584843279
0 0 0.000123759853750848 0.019200620359588 0.000128469650150415 0.0192051506040584
1 0 3.27875548448242e-05 0.00999934041366104 3.25284825692174e-05 0.0105535541812448
1 0 0.000386030513926447 0.0215581600110537 0.000381132270482733 0.0218272655112076
1 1 4.10091718884241e-05 0.00261738714800339 3.68120529999678e-05 0.00237370242824748
1 1 0.000105842568725483 0.0156108902531712 0.000103763401057589 0.0154746663176565
0 1 8.48831842708441e-05 0.0134386947972937 9.14326199826763e-05 0.0130858653311225
1 1 4.79678440688231e-05 0.0188502471622238 4.61226588600352e-05 0.0185878567026043
1 1 0.000207662312058962 0.0172947425826118 0.0002075632899102 0.0171158787383331
1 0 7.09416857369339e-05 0.016722348634888 7.02041879038842e-05 0.0173115244320389
1 0 5.09619552243821e-05 0.0184015333055708 4.961378360401e-05 0.0188812897702768
0 0 3.01100893906198e-05 0.00620841882652679 3.05849811375618e-05 0.00642815766570974
0 1 0.000150350415649554 0.0111298925944622 0.000152699042666214 0.010974509678885
0 0 0.000165510220426221 0.0213846819077601 0.000168510475938191 0.0214429168783589
1 0 0.000119436412486834 0.0217879426785283 0.000117527082487557 0.0218810436626462
0 1 8.73674782845595e-05 0.0186134341436455 8.8458748786818e-05 0.0185598834384458
1 0 0.000314975894494025 0.023819860247098 0.000311031915183329 0.0249081150074746
0 0 0.000251295077335794 0.0196232929070609 0.00025511365527524 0.0197230084671303
1 1 0.000150586009672278 0.0203020540235406 0.000147796536982399 0.0202200533786084
1 0 0.000156939996953566 0.0175660069337644 0.000154218039759557 0.0179926936102322
1 1 2.76587716471406e-05 0.0067975294872214 2.74271244822769e-05 0.00656429806101795
0 0 1.54301953030358e-05 0.00582400704253247 1.63453827218385e-05 0.00611414649305261
1 1 5.32817356169709e-05 0.0208177768364412 5.30475015004781e-05 0.0200567007095398
0 1 7.2646035206863e-05 0.0162329378416692 7.34172853439191e-05 0.0160878157416833
0 1 1.53468079549869e-05 0.00170271954712072 1.55119588319268e-05 0.00167314876277828
0 0 9.3254470030711e-05 0.019422840444345 9.52170769375675e-05 0.0196511951248146
0 0 7.63390886031047e-05 0.0195231137131758 7.72572504381779e-05 0.0196053937533802
1 1 7.85996586369504e-05 0.0263008763187289 7.78515465368729e-05 0.0260560446702966
0 0 1.71166027138141e-05 0.0110338661752263 1.71706814085375e-05 0.0113607241930674
1 1 0.000141572673253004 0.0156776927381561 0.000136452495739494 0.015268385978884
0 0 0.000174720178608207 0.0197859480865695 0.000183156708828256 0.0200262447637117
1 1 3.75448512598178e-05 0.016210697301967 3.73275144144796e-05 0.0159298462836159
0 0 3.52878530601989e-05 0.0236019611539591 3.55219848304788e-05 0.023780407039162
0 0 9.1464121746802e-05 0.0173733488454836 9.46250392050995e-05 0.0178517635169814
0 1 0.000215793309115023 0.0186712958849811 0.000225149962130027 0.0178228193970666
0 0 0.000263779064074676 0.0184755895932582 0.000274325704715481 0.0190325101140228
1 1 6.28915377542323e-05 0.0170730738042543 6.28006010904283e-05 0.0164361395556482
1 1 9.43179407265623e-05 0.0100111738470763 9.379318586393e-05 0.00988585317201451
1 1 0.000245264272134332 0.0165681394981055 0.000235984876312264 0.0164726286302703
1 1 0.000158680580399903 0.00831038245849346 0.000156836004614723 0.00830918924548201
1 0 0.000169253296251997 0.0160680889955273 0.000164171595326551 0.0162491339523688
1 0 4.79407686360732e-05 0.0175828389412426 4.78129438977777e-05 0.0179256820641211
1 1 3.26456732960091e-05 0.0169970899776904 3.09813155897719e-05 0.0166960943481262
1 1 2.53058826337899e-05 0.0115054919161507 2.44825212630733e-05 0.0114243541027384
1 1 7.79145576228443e-05 0.0106523450125257 7.26688584221019e-05 0.0103156903227351
0 1 7.20611548185289e-05 0.00469204190976531 7.49341487573124e-05 0.00448022099150501
0 1 0.00022502536806247 0.0218082596406595 0.000233203716010877 0.0214625829351206
1 0 9.55698206826136e-05 0.014764032060943 9.47509129174476e-05 0.0148804657011265
0 1 0.000577166209269324 0.0167613235434584 0.000612045247741345 0.0167556300083453
1 0 7.09609464992938e-05 0.0189918085245322 7.04978682424868e-05 0.0192541534086728
1 1 4.4799173101548e-05 0.0182256957125097 4.47243693267994e-05 0.0180920839115548
0 0 7.02134908868043e-05 0.0137192970298481 7.24610642460139e-05 0.0137817139509763
0 1 1.76242626995307e-05 0.0160309770433167 1.84633625019419e-05 0.0154559725846333
1 1 6.45707618165907e-05 0.0193828731511429 6.19666873426899e-05 0.0193750004430888
1 0 0.000314107022619859 0.0200201290097744 0.000308265793171358 0.0204368139543324
0 0 5.71960383757441e-05 0.0141652265885362 6.05170594414953e-05 0.0144850654637718
0 0 5.6442353311863e-05 0.0126262881488502 5.69579058277652e-05 0.012653877634369
1 0 0.000125202513493459 0.0192760863956254 0.000121565494334049 0.0194895352856998
0 0 4.03993324508728e-05 0.0160891452125305 4.08293233001753e-05 0.0166588009634147
1 1 4.25853431289563e-05 0.0158122823445733 4.19497392786616e-05 0.0152300946901795
0 0 1.85125988312869e-05 0.00495543499312755 1.96794993301584e-05 0.00510737010887756
1 0 6.54528519936778e-05 0.0157650682838006 6.38984089392684e-05 0.0161131452064988
1 1 3.2389062970934e-05 0.0203265023794285 3.08625089109645e-05 0.020046184696618
1 1 7.10443110641584e-05 0.012534112042626 7.02956259836301e-05 0.0124814882571589
0 1 0.000132736706231568 0.0196499624381802 0.000133880434196018 0.0190230665387119
1 1 5.27003098994425e-05 0.0176306220819697 5.16473895281754e-05 0.0175796472815502
0 1 7.6267496768245e-05 0.0125760014187901 7.75475646025154e-05 0.0125541563765374
1 0 0.000636603248839566 0.0212664420827311 0.000619402669814601 0.0217054225289297
0 1 0.00016293771435978 0.00944992026064569 0.000163207973368515 0.00936010307836407
1 0 0.000116008022254407 0.0162506123532926 0.000115432727598746 0.0167772622381589
0 1 0.000102944351127138 0.0191303367606088 0.000104384364762287 0.0182736521813354
0 1 6.62537588032871e-05 0.0160448333620724 6.88532315158462e-05 0.0159044629012794
1 1 0.000121104124024425 0.0217408610093326 0.000119931175617519 0.0215451900228358
1 1 2.64931084270692e-05 0.0176778167317152 2.64252240681831e-05 0.0173623912304059
0 0 4.65861231930521e-05 0.0168485141953099 4.70849839435552e-05 0.0171148561926384
0 1 8.25911672457193e-05 0.0168099421849681 8.56806358519625e-05 0.0166779064696501
1 0 0.000122555142963164 0.010250752450767 0.000115729074724803 0.0104396923853402
1 1 0.000198838218235647 0.0211162556775515 0.000197624171648386 0.0205492104440631
0 0 2.20492525344106e-05 0.0083924353748302 2.24660703920213e-05 0.00876646587856275
0 1 4.48750296362682e-05 0.00887731444284432 4.54797739625388e-05 0.00885021228731134
0 0 8.75154959111961e-05 0.0167574944129799 8.84105651026562e-05 0.0171463496681979
0 1 2.97109302316518e-05 0.0200043105649378 3.03296290112232e-05 0.0197064134344701
1 0 2.88855911072721e-05 0.0183387833768511 2.77013111041403e-05 0.0185607826781172
1 0 1.26203774341079e-05 0.00938634696041239 1.14812281730087e-05 0.00959425635195943
0 1 1.47823776568623e-05 0.01732668363982 1.52930058654922e-05 0.0170964756824244
1 0 0.000123629726405578 0.0170746200272721 0.000121296934752099 0.0176630224985054
1 0 0.00015430395694261 0.020583553038602 0.000145517290777753 0.0210597550887821
0 0 2.39218499459686e-05 0.00228626048373971 2.45221369010702e-05 0.00240981682474354
1 1 0.000290076102041566 0.0213311034150977 0.00028390575345495 0.0207994000850301
1 0 0.00014650392712747 0.018930418511454 0.000137837758213179 0.0192246110721433
0 1 8.66024091230873e-05 0.0124075651938101 8.99039755440835e-05 0.0120895647672
0 1 7.80183334456547e-05 0.0151826686272672 7.81966814511915e-05 0.0150256704745313
1 1 0.000166646065218256 0.0188542572456102 0.000165431933619874 0.0187679735965294
0 0 7.0823073277902e-05 0.0121432278674465 7.26499237696298e-05 0.0121603427310832
1 1 0.000158254951605671 0.016324099569469 0.000148932093609561 0.0162665951271062
0 1 3.25597381375829e-05 0.0126952253938161 3.34395091933978e-05 0.0123320002941426
1 1 2.84693729053102e-05 0.0155035895356484 2.75816971968593e-05 0.0154318643770143
0 0 0.00026189045778217 0.0115379838748622 0.00027607453768565 0.0119668288357433
0 1 7.37135507107498e-05 0.00955654501507693 7.5801682454807e-05 0.00894970074314513
1 1 5.1453388529589e-05 0.00768647524335429 5.05907021259408e-05 0.00758618843242815
1 1 0.00015198128555523 0.0161321573567133 0.00014938191598932 0.015987762348907
0 0 9.48494264691438e-05 0.00850549854232067 9.98159134474757e-05 0.00852876941693628
1 1 3.15694942128475e-05 0.0154380149951567 3.13895299513725e-05 0.0151776261292557
0 1 0.000343773098381922 0.0190120624543484 0.000348649591428469 0.0185791142912246
0 1 0.000151542161579969 0.0172005322512278 0.000156202252776457 0.0170700362843792
1 0 3.96334323040982e-05 0.015391380909545 3.9497513204617e-05 0.015533932604717
0 1 4.72891727994579e-05 0.0195032790675071 4.80633815709303e-05 0.0191680237095065
1 1 0.00027945495061651 0.0159340699999425 0.000278698794767462 0.0158336141849992
1 0 1.56138056917777e-05 0.0160992427400702 1.42960218846414e-05 0.0162350032422552
1 0 0.000151463127607209 0.00654162686192152 0.000149436633811948 0.00715945609051989
0 0 5.92015144340055e-05 0.0137990519110094 6.08586381638258e-05 0.0138295863461233
1 1 9.21648341900488e-05 0.0198464761410324 9.0689576103235e-05 0.019505526094985
0 0 0.000230585072455183 0.0183523049921335 0.000239380347493699 0.0185274224122202
1 0 8.48994728271548e-05 0.0155125634906494 8.22916612762561e-05 0.0158869464359844
0 0 6.0361366792615e-05 0.0198987968068051 6.44948300439292e-05 0.0201915830516059
1 1 4.71020672805575e-05 0.0212574407723741 4.37820691575979e-05 0.0209834582393174
0 1 6.71232006167888e-05 0.0157783244593355 6.95268370146912e-05 0.0157479394841607
1 1 0.000101311096477373 0.0177653733494135 9.6488035677155e-05 0.0176856500553346
0 1 0.00024556763558661 0.0132164385949946 0.000247699459143023 0.0127933711886483
0 0 0.000115459346429062 0.0216137984517205 0.000118305231061414 0.0221487325621373
0 0 2.71243433898489e-05 0.0183620124211753 2.71409959818221e-05 0.0186518606869858
0 0 7.00873941455112e-05 0.018473340066624 7.18212773637893e-05 0.0187160438375588
1 0 0.000316480057358377 0.0169056745894294 0.000313536246325422 0.0171458238956939
0 1 0.000252286375159899 0.0157696174397045 0.000258208542397153 0.015572494818909
1 1 6.68970420086857e-05 0.00782942014160592 6.23406349099286e-05 0.00772698508497825
1 0 0.000152677047270564 0.0186713284323977 0.000151751478226836 0.0187467893807946
0 1 5.51772280800746e-05 0.0153075142115379 5.63244471905691e-05 0.0149187767017996
0 1 0.000219015096498393 0.00898602659840863 0.000223253745730214 0.0089326654553515
0 1 7.56006409010868e-05 0.0195378165652696 7.57893245965458e-05 0.0194497332608166
0 0 0.000141967313917177 0.0094045628416936 0.000145631694400881 0.00941127022974367
0 0 5.37858983542564e-05 0.0208801015480323 5.4027045792837e-05 0.0215961994904414
0 0 8.47813757753743e-05 0.019135084892129 8.74348873539849e-05 0.0192046379915431
1 1 0.000369645168014988 0.0183868375571662 0.000351482143397484 0.0179600294071798
0 1 0.000152966689994042 0.0201604704707153 0.000156439866964926 0.020144709609251
0 0 0.000347621051231588 0.0170507423896829 0.000351155720325338 0.0175933307484531
0 1 2.31310691040981e-05 0.0199943500841868 2.31920428825916e-05 0.0192901608009941
0 1 0.000268565075283401 0.0180064416585997 0.000272017427460375 0.0179396126665682
1 0 4.69142750046525e-05 0.0145163711845152 4.57723622118778e-05 0.0146597439430554
1 0 1.64606884491121e-05 0.0215624247142394 1.40648366020294e-05 0.0218832185748493
0 1 9.27095425646589e-05 0.0204806188691575 9.4408253676363e-05 0.020222604750216
1 0 1.64900718106133e-05 0.0163543277378191 1.64637022359718e-05 0.0164331387108626
0 0 0.000305904178307999 0.0200112755277294 0.000306278714851784 0.0200989702461938
0 0 0.000102435979267273 0.0115630152131585 0.000106262261791821 0.0118721116470899
1 0 8.29556395430635e-05 0.0167085994704638 8.11220232394927e-05 0.0170589972518829
0 1 1.21973894014148e-05 0.00383726870355317 1.44675369475242e-05 0.00363285624816652
0 1 2.04944490119913e-05 0.0193709301255749 2.10987422272546e-05 0.018607007819612
0 1 8.71927083640631e-05 0.0122672422264965 8.84826776379346e-05 0.0121563931961613
0 1 5.8403872868756e-05 0.0183542013756935 6.07868885875778e-05 0.0182554280584238
1 0 0.000218301756349189 0.0151898677942262 0.000209735847323862 0.0152420203248858
1 1 3.60226935211034e-05 0.0168670973759213 3.58145330109557e-05 0.0168553410323438
0 1 0.000220747201484973 0.0179190886283323 0.000230026123019975 0.0171249264313289
0 1 6.08474168699257e-05 0.00519670696289837 6.57454093841951e-05 0.00507941315565475
0 0 4.00968727406968e-05 0.0105176895561355 4.06704730161517e-05 0.011077726644887
1 0 0.000804481343755716 0.0227515745234 0.000793911057883884 0.0229482122068516
1 0 0.000131771487470823 0.0204372282391269 0.000131293095623859 0.0206205299800153
1 0 0.000198116629493508 0.0148358919168675 0.000194099743746482 0.0151050630429935
0 0 0.000146227468103599 0.0189585712065529 0.000151444222710379 0.0190179821450176
1 0 0.000147036893377884 0.0165309579824459 0.000146321886156519 0.0166670621893903
0 1 0.000220681596762627 0.0114383223582619 0.000220981512316893 0.0113761965567004
0 1 5.35500600035757e-05 0.00500708747072655 5.70012385166707e-05 0.00480856770286326
1 1 0.000196622559122779 0.0211301934428601 0.000196263939568147 0.0204494680626847
0 1 6.34695163293295e-05 0.0177732489641366 6.56581709384303e-05 0.0176189682759796
1 1 0.000144133575321696 0.0167720399662667 0.000133848874269892 0.016259418872681
1 0 6.72023497846463e-05 0.0135070461796309 6.45379756100379e-05 0.0135916519912934
0 1 3.99888532929403e-05 0.00944982961669107 4.08852256697349e-05 0.00904332062864128
1 0 0.000101056655187682 0.0193893470868349 0.000100018189784857 0.0198715794919328
0 0 1.93219394100108e-05 0.00469551343258762 1.95213662462282e-05 0.00493163580739719
0 0 3.48325213200727e-05 0.00439701930021742 3.6358904091115e-05 0.00448740517504974
0 1 1.79942255100414e-05 0.00790526560437387 1.83532298863037e-05 0.00789459415557111
1 1 0.000131445916900811 0.0183199110373979 0.000131065277264047 0.0179113219060702
0 0 0.000397238336556742 0.0219536542589992 0.0003976753888403 0.0227534557843534
0 0 5.15658868874544e-05 0.00592126020831211 5.21795079757972e-05 0.00597995163423342
1 0 0.000147165635680403 0.0170616694665744 0.000135862649285002 0.0171619595911812
1 0 1.60714851783517e-05 0.0183608598762437 1.37710757433223e-05 0.018654232888039
0 1 0.000143903491907589 0.0193040555780244 0.000145535133948873 0.0185289963855152
0 1 1.34424464291771e-05 0.00490179113074764 1.47212780986953e-05 0.00475092241851205
1 1 3.26467215314517e-05 0.0148464579579953 3.09716086396845e-05 0.0147647493001954
0 1 5.93354878764208e-05 0.0157745977159919 6.19659158847116e-05 0.0153630653360734
1 0 0.000200585459664039 0.0125301268888715 0.000195426457336042 0.0129451887636676
1 0 7.3924802767813e-05 0.0141612561358258 7.09649395288134e-05 0.0148609677004866
1 0 0.000405035410188924 0.0191508672526798 0.000399323357320615 0.0197297829311446
1 1 4.42629989829064e-05 0.0132678226309211 4.32053731109864e-05 0.0128106464693406
1 1 0.00011064399075774 0.0141899737623023 0.00011003737216526 0.0139737922861855
0 0 1.04604039764911e-05 0.00476927445777641 1.05422720088483e-05 0.00497500027506471
0 1 0.000132332649478531 0.020111877714472 0.000136207630748508 0.0199006781051485
0 0 0.00021332687522432 0.0188624103172999 0.000218888816699363 0.0190545890526874
1 0 7.12806696916108e-05 0.0198088649917792 6.92442704420377e-05 0.0201427112708707
1 1 0.00012867247861586 0.0182575701778419 0.000127712311256114 0.0180277502324798
0 1 0.000154759838220692 0.0128271431293865 0.000157351369458891 0.0126460405825783
0 1 5.60797294988766e-05 0.0135874709262527 6.0108989213343e-05 0.0133088877682827
0 0 0.000121784926420752 0.0208848085721681 0.000124854096223634 0.02124847200688
0 1 2.17879757967527e-05 0.0210316510762812 2.18454456353989e-05 0.0210192399040558
1 1 2.0024061322129e-05 0.0140584144892683 1.97587145033308e-05 0.0139296768408432
0 1 7.23465607870325e-05 0.0155406708655591 7.38396061660288e-05 0.0153396670590091
1 1 7.32747836828276e-05 0.0185287050360884 6.84798698677334e-05 0.0178246550645171
1 1 0.000272074768730298 0.0180073595527565 0.000271308844458374 0.0178474911064131
0 0 0.000135035317247459 0.0201592375136804 0.000139087999392404 0.0208962322143464
0 1 0.000238182772516382 0.0133672165130518 0.00025750183069929 0.0130361388698644
0 1 6.01904326094587e-05 0.0206330816846984 6.40175706194457e-05 0.0206207085386698
1 0 0.000322279578773097 0.0104865983930937 0.000308209534946742 0.010674572434576
0 0 4.78071017264129e-05 0.0118286928540827 4.87048100531645e-05 0.0120320531553832
1 1 0.00019317542126793 0.0187719931478106 0.000189386954226319 0.0187672423501534
0 1 3.03263909837288e-05 0.0129128577129876 3.05291020018086e-05 0.0127558705786709
0 1 0.000383726855450123 0.0195736297107309 0.000384685359408821 0.0192698612596752
0 1 1.72016741201171e-05 0.0173828184278865 1.72455137261558e-05 0.0172733721197574
1 1 7.5870658329973e-06 0.0178363490260776 6.89875164211531e-06 0.0177489479042976
1 1 0.000123409904820199 0.021968927722865 0.000121964751350791 0.0218486542172983
0 1 4.85257328171205e-05 0.019908468431323 5.48789698108987e-05 0.0192799291290141
0 1 7.96088051498026e-06 0.00641005309572074 8.97888449373329e-06 0.00630746594049985
1 1 2.51033804267834e-05 0.00989327854503062 2.43159106054508e-05 0.00989251670132164
0 0 0.000107296936166179 0.0122391763137276 0.00011017932612329 0.0123620625661631
1 0 1.24840445039343e-05 0.0124641140425937 1.18831559338057e-05 0.0125942203657584
0 1 1.0138170851503e-05 0.0189966803008144 1.03669942099351e-05 0.0189830848342632
0 1 0.000114198552643012 0.0156798522899491 0.000115111734574586 0.015546405553287
0 1 3.80270394034898e-05 0.0181887282885418 3.83340834996395e-05 0.0174457941529817
1 0 0.000349967726490427 0.0180848607561426 0.000346680380683094 0.0184253878955611
0 0 8.94523873264889e-05 0.0194054560343597 9.18086064108921e-05 0.0201444607432974
1 1 9.56903636267027e-05 0.0101388225983533 9.02991339048503e-05 0.0100288394750838
1 1 0.000349471788510111 0.0227841192577792 0.000338158114986059 0.0226936813309014
1 0 0.000110869501537691 0.020316987032454 0.000109975492380788 0.0205248492624815
0 0 8.06781180384568e-05 0.0144541530598942 8.36681141644894e-05 0.0145335024031534
0 0 4.46419343037332e-05 0.0179244662808489 4.74375752020194e-05 0.0181108151285765
0 0 0.000174025092827326 0.0181272708596253 0.00017602793896986 0.0187863400503993
1 1 0.000174124616177325 0.0184174195186899 0.000165622119483527 0.0182071458526848
0 0 4.69844768347027e-05 0.017614110179335 4.8076217374193e-05 0.0181353405234419
1 1 3.099165447728e-05 0.00605943545711608 2.46132831294841e-05 0.00601032626585405
0 1 8.76338042312342e-05 0.00855390646602522 8.92221151667207e-05 0.00796953712509856
0 0 8.25134303406603e-06 0.00350723908597569 8.83338695612089e-06 0.00373225943530032
1 0 8.02065253950247e-05 0.014777922230481 7.36584243745565e-05 0.0150926954366376
1 1 0.000464381297481876 0.0210583331905213 0.000453866586221109 0.0206946904093588
1 0 0.000119828291260822 0.017301766334209 0.000103672656427815 0.0175688930923865
1 1 0.000124429399268909 0.0129418836608948 0.00012174042160282 0.0125704954151896
0 1 3.4287626009315e-05 0.00811557802967226 3.56106551286566e-05 0.00795820515537278
1 0 0.000111106266341146 0.016565987573668 0.000109150757636867 0.0172322087934021
0 1 0.000120920826590311 0.015954901025096 0.000124974433692872 0.0156711004556882
1 0 5.91911992915386e-05 0.018218744938813 5.90382233587641e-05 0.0182724371804008
0 0 9.02433088143195e-05 0.00752207371721183 9.60645099499584e-05 0.00855642460004555
0 1 6.64606523402363e-05 0.0144150540520683 6.69458594948541e-05 0.0140123354484815
1 1 2.4941999094777e-05 0.0157725590616328 2.38765729572305e-05 0.0157370612177367
0 0 0.000158719247897625 0.011564541230558 0.000161779883092287 0.0117006901839635
0 1 3.04784012721341e-05 0.0166190016885609 3.07529971493968e-05 0.0164038579533823
1 1 0.000414640895152019 0.0170749758654358 0.000405988186818383 0.0167204484267944
1 0 0.000226337082724822 0.0135820289001183 0.000218574642407677 0.0139176135345427
1 0 0.000305166489405111 0.0226075656486758 0.000301585787109663 0.0235274772213489
1 0 0.000332051565003614 0.0182699282914262 0.000316503273274511 0.0186372273406529
0 0 8.76663135965115e-05 0.0148174164330904 8.96344694848807e-05 0.0149185165711127
1 1 5.53615149646429e-05 0.0145942273819111 5.36552279614004e-05 0.0144038541488196
0 0 0.000105478366759017 0.013981273259047 0.000108643411728587 0.0142718194617545
0 1 0.000237655587984437 0.0201712972434691 0.000246506067851358 0.0193569803332839
1 1 4.90788468264031e-05 0.0169017126938171 4.87612505697045e-05 0.0162926171624669
1 0 3.46193048381636e-05 0.0162686067446181 3.29202576858316e-05 0.0165418506947404
0 0 8.55435459323203e-06 0.012624739355449 8.78554304622226e-06 0.0126333292189023
1 1 0.000125094889148285 0.0103868707691075 0.000124882594577288 0.0101972451234374
1 1 9.78419554889475e-05 0.0250285492864726 9.1993293984041e-05 0.0239586415439783
