linear.pvalue quadratic.pvalue linear.boost.stat quadratic.boost.stat linear.true.stat quadratic.true.stat
1 1 0.000504480739190449 0.0267682384872893 0.000422691713255285 0.0258889336052018
1 0 0.00225106731992286 0.0755615678406399 0.00162831627394123 0.0761884026113118
0 0 0.000525056082352162 0.035317371673029 0.00058414731177861 0.0363394464154882
0 1 0.000305436773376869 0.0646502196692112 0.00069759832079943 0.0634615908265432
0 0 0.000187273962483272 0.0256220599673002 0.000308283519422027 0.0262297703395873
1 1 0.00128774265621704 0.0228580047906612 0.00102150583313023 0.0220302010800785
1 1 0.000914454798250144 0.0403402711774146 0.000724239081935589 0.0392822290094814
0 1 0.000286766219992081 0.0151921393010398 0.000340393202666934 0.0140830105607996
1 1 0.000537103011116045 0.0618178889553391 0.000122959060908291 0.0604917045457134
0 1 0.000231027018328465 0.0367831421900526 0.000267514522206563 0.0361091035304538
0 0 0.00231378453709712 0.0541946108463973 0.00286293778142499 0.0563558579157919
1 0 0.000165167618507496 0.0203564153769439 7.30734905557392e-05 0.020597094273996
1 0 0.000443550398551526 0.0293109488268816 0.000437689460739448 0.0295335382772488
0 1 0.00331744418344565 0.0728077405752016 0.00423478366972146 0.0695350889489281
1 1 0.00021382512127541 0.0193368850924055 0.000196244752361047 0.0191006113935452
0 0 0.000277961824868776 0.0392165068245406 0.000301090764624158 0.0416826560364688
1 1 0.000812605724311808 0.0304088752730278 0.000405917671413922 0.0292568311928082
0 0 0.000577140202686124 0.0459307648210179 0.000941235882155337 0.0475603854307401
1 1 0.00152338264631399 0.0567384757598599 0.00130442872315729 0.0556718100279062
0 0 0.000687158048186672 0.040056209819005 0.000761590953434433 0.0407203744117714
0 0 0.000182927765043492 0.0752505747913058 0.000966904829484759 0.0776370736640504
1 1 0.00113823997751203 0.0193556230095587 0.000890988667827306 0.0175512431460484
0 1 0.000684274586193948 0.0387079824319102 0.000710860543579728 0.0386958632169369
1 0 0.000848956224389726 0.0171796252466784 0.000440623907184742 0.0181028683631756
1 0 0.00158834047049917 0.0375078017595997 0.00158148269498249 0.0388417602770796
0 1 0.00145008816937029 0.0603466940691781 0.00156889942119045 0.0601354887721262
1 1 0.000546653696643729 0.0419475782174889 0.000338653109639165 0.0412526756435078
0 1 0.000486156620702174 0.0247907995889187 0.000544338725642309 0.0247767907240685
0 0 4.69395385433114e-05 0.0344484239327842 0.000131936863190671 0.0354516627424687
1 0 0.00515992123448147 0.0738226540192944 0.00409644376742289 0.0789422887185978
0 1 0.00065048169158613 0.0507512984209803 0.000861680049129854 0.0500120887798405
0 0 0.000659919000170224 0.0786307133350313 0.000754543755298994 0.0786395447260873
1 0 0.000263614897444066 0.0297291383036646 7.93612427721936e-05 0.0311778665062539
1 1 0.000196151404061982 0.0282794361661386 8.64252854490201e-05 0.0270652487083043
0 1 0.000143850107945985 0.0103971730570748 0.000339804677911429 0.00980656406906801
0 1 0.000478837271282394 0.0401295321296245 0.000909063029409377 0.0394560278131906
1 0 0.00113478232191482 0.0310065836047344 0.00110086806484841 0.031790824004561
1 1 0.000439139921008944 0.0208537849941705 0.000350178925581239 0.020304554775482
1 1 0.000598731846231075 0.0331091751455504 0.000429801051324926 0.0312198314363375
1 0 0.00019027363148958 0.0454614814437382 4.23982098459435e-05 0.0455947769532771
1 0 0.000774291750954555 0.0311184297222238 0.000441295958285168 0.0324148012044043
1 0 0.000941753525885675 0.0171347658378813 0.000679344956697039 0.0173466846973213
1 0 0.000939100870465954 0.0157747316795388 0.000492696576106098 0.0172842497364714
1 0 0.00163104461414789 0.0116580211830496 0.000526638055728831 0.0127421709832926
0 0 0.00141712982084772 0.0487293201654447 0.00234934233851975 0.0507961658489563
0 1 0.000642525404650034 0.0616866443790349 0.000698744824295023 0.0608994025689829
1 1 0.000529665106864487 0.0150892979321718 0.000143023546593916 0.0146923544179029
1 1 0.000273485102820874 0.0278675601045376 0.000210374951844152 0.0273630178476232
0 0 0.000554449314365588 0.0217653726634661 0.000618394372147122 0.0223019098743402
0 0 0.000379422560258489 0.0498879422616405 0.000621385188114438 0.0521100302467415
1 0 0.00197172875730556 0.0550970613447327 0.00151241371687602 0.05807950656874
0 0 0.000344494119212988 0.0635148779454147 0.00046522987960628 0.0638175630513161
0 1 0.000800120154791841 0.069821485387787 0.000805140879071435 0.0677100499372947
1 0 0.00050599797350498 0.0361899845033871 0.000491692785660108 0.0385910418685095
1 1 0.0036147004109963 0.0435742883555466 0.0028969538201947 0.042178859725579
1 0 0.000854630826688079 0.0153825147353472 0.00055444335275125 0.0154043177735871
1 1 0.000966402347326072 0.027391039715081 0.000672765041890018 0.0261755843824811
0 0 5.13485404644108e-05 0.0140655786192197 0.000317623241761163 0.0147700722610363
0 1 9.55849900528534e-05 0.0171455107832669 0.000115883488682937 0.0161785799505641
1 1 0.000675606969302766 0.02648577249446 0.000394002765604874 0.0244580209301271
1 0 0.000803293095842961 0.0271391589351468 0.00061310025105053 0.027554271322875
1 0 0.000495687982857632 0.060392995182978 0.000443160996758759 0.0634124428437694
0 0 0.00095256851729218 0.0570287355201944 0.00128349828138602 0.0570901724470493
1 1 0.000338419311448124 0.0202548038016973 0.000217854728952295 0.0200190623326204
0 0 0.000581630738110727 0.0440693641758257 0.000878092321554402 0.0446601497370682
1 1 0.0015656293162478 0.0445334192383546 0.0014055520010688 0.0438755612462453
0 1 0.000607619736184784 0.0751423506869345 0.000745789182429161 0.074180556945338
0 0 0.00040730877348244 0.0844465057454678 0.000546466511613689 0.0876043250879862
1 0 0.000803273778238596 0.0321038103740651 0.000750241059885165 0.0335135246315178
1 0 0.00068890167302737 0.043908374323211 0.000612570796041383 0.0448329523884465
1 1 9.95754965355769e-05 0.0367220536229107 3.13169236153389e-06 0.0351518472191471
1 0 0.000357822963262943 0.0107880826824116 0.000300573978511577 0.0114900838894158
0 1 0.00010421016178229 0.0126513813194709 0.000250176857935904 0.0121660183801942
0 1 0.00025860201188567 0.0148288456280606 0.000491443076455437 0.0147899174842619
1 1 0.00157838501962383 0.0233367896745055 0.00112703085088242 0.0228999790148537
1 1 0.000792489424049274 0.0581470952340956 0.000667345531844801 0.0575580191259592
1 1 0.000991370530146547 0.016861449836262 0.000430596529325086 0.0163880484572869
0 1 0.00017114052482545 0.0299863956589831 0.000230403560516197 0.028586866669781
0 1 0.000252710397846179 0.0624127115163663 0.00040721682325291 0.061723978809015
1 1 0.00153687465291489 0.0148818469528396 0.00129866130575055 0.0148737396413288
1 0 0.000109994483313042 0.0711573269890821 0.000108671482622266 0.0720463341640964
0 0 0.0012061816303775 0.0495044919624625 0.00146075085230922 0.0500714668918631
1 1 0.000697443393546627 0.0564030278816216 0.000579554670892085 0.0555742055291561
0 1 0.000136753932643638 0.0181903347005856 0.000371818893373479 0.0175977470091385
0 1 0.000813705120806715 0.0189612486528568 0.00113810283118112 0.0189170851755749
1 0 0.000681072278873372 0.0281748948557592 0.000614659874230927 0.0284160425309137
1 1 0.000305091521152469 0.0266200721764329 0.000230397987653844 0.0258280216183723
0 0 0.000459247125796819 0.0366594898563609 0.000556436056152975 0.0373780444556194
0 0 0.000142145937217181 0.0302597964952879 0.000277145538522992 0.0316724110428877
1 1 0.00203653309857605 0.124690318855542 0.00166959611205464 0.122379166324813
0 0 0.000114022129228149 0.0842957010350483 0.000138210606268182 0.0894968690745352
1 1 0.000696161941540685 0.0573533986761538 0.000383898495941805 0.0564576074997608
0 0 0.00089637085124477 0.0382537559680021 0.00157012955610103 0.0389772831184323
1 0 0.000637930735742616 0.00688632078789855 0.000176309679048119 0.00744293292447316
1 1 0.00185804345145989 0.0332623616243483 0.00173409364611258 0.0311486568997709
1 1 0.000132620084996256 0.0215508468182322 9.52313048107448e-05 0.019760027344071
0 1 0.000343986679105004 0.0593108930850194 0.00101938561519065 0.0565096105361368
1 0 0.000524018902199111 0.015942242863712 0.000216979014963552 0.0166724636289259
0 0 0.000856520061093432 0.0334752163966106 0.00101026982118047 0.0337015359756311
1 0 0.000691103958866571 0.0195492112551673 0.000615582625547411 0.0200683128168737
0 0 0.00323690893787063 0.0735489541364239 0.00339932688544192 0.0741676804332942
1 0 0.00145796926318337 0.0332224743664433 0.000718407535781666 0.0341907477193931
1 0 0.000176061207984604 0.0431981597652356 0.000152104320280955 0.0448007638346423
1 0 0.00172546124518668 0.0241729964719184 0.00140298813533038 0.0247176376477103
1 0 0.000561561324890301 0.0107282826105461 0.00020628237056419 0.0115007041828597
0 0 0.000227171828542628 0.0419775572295349 0.000334457276948524 0.0427656695416638
1 0 0.00017138213652595 0.0322783691910573 0.000104460021180916 0.0323592673404656
0 1 0.00018093227008865 0.0571053099869835 0.000329493523543558 0.0565168821995155
1 1 0.00141139489622506 0.0629373187526664 0.00119547400013532 0.0618900442221293
0 0 6.30405894582822e-05 0.0210631569218276 7.49159635261441e-05 0.0214281176672597
0 0 0.00145257757690372 0.0356307179079628 0.0017113183023759 0.0371993922655292
1 0 0.00312075061321289 0.0249625229535956 0.00238259172604557 0.0256314621033912
1 0 0.000517822255640076 0.0310429513111298 0.000318063265289938 0.0349047318826514
1 0 0.0018264112438876 0.0604680213278452 0.00041623160453663 0.061535901446429
0 1 0.0013120634308253 0.0229898256003746 0.00170810088361369 0.0228760492070195
0 0 0.00150049491543717 0.0630249400285039 0.00236582171878374 0.0631200347291575
1 1 0.00695251882586311 0.123094003041626 0.0061898495238573 0.118463692293153
1 0 0.00042329560626625 0.0770765531336921 0.000293719552448068 0.0777495220648021
1 0 0.000279264280734043 0.0279102933869309 0.000267602467071657 0.0300122929935321
0 1 0.000361708730737133 0.0484356134266099 0.000468811825506103 0.0479788567212052
0 0 9.94006900443536e-05 0.0201900471534186 0.000113480000567944 0.0223104891192862
1 1 0.000605804146780405 0.0283136259931921 0.000214043705445814 0.026530111224613
0 0 0.000421149441283359 0.0600892489497345 0.000785388280155533 0.0643564271660801
1 1 0.000228609237563389 0.0265621476553263 0.000214379846843265 0.0260463452730008
0 0 0.000697664294989899 0.0449607220873331 0.00126870348601927 0.0471829400330013
1 1 0.000938869893940668 0.0357255500715114 0.000713962176809735 0.0352262156774473
1 0 0.000370498227188253 0.0630691881382056 0.000224147399195526 0.063881899068167
0 1 0.00115337940029262 0.0470131789786315 0.00138567971082595 0.0447945534989285
0 1 0.000464926863460934 0.0329059613330805 0.000581303581608655 0.0316751305115837
0 1 0.000221358426839958 0.0214999046865373 0.000223163805268377 0.0202600736213107
0 1 0.000755387009664926 0.0633845754538435 0.000764314402861009 0.0618511674570952
1 0 0.000714261322221047 0.0134065355096656 0.000657545063078725 0.0144310555640213
0 0 0.00189549316059945 0.0802862491269694 0.00260438663421505 0.0818023271425605
0 1 0.000598678293477924 0.0380260383355068 0.0018900954022212 0.0377121462915192
0 0 0.00090889111970564 0.0315336270377325 0.00113254420120993 0.0319623832976159
1 1 0.000379732418257476 0.015627005169353 0.000291074936552933 0.0148081083335487
1 1 0.00057362557395116 0.0228522351254149 0.000430024150436467 0.0225109101566944
1 1 0.000855132546522348 0.0384942849721431 0.000582829654769383 0.0377485710232901
0 1 0.00393817308164414 0.0659729468620448 0.00414922726881233 0.064995002051381
0 0 0.00108281581492628 0.0614804449107047 0.00170439572647999 0.0654794178425585
0 0 0.00100062226887043 0.0585920187479718 0.00172268378181737 0.0609037214523582
0 0 0.000418964838710315 0.0415121772067127 0.000548604474883551 0.0426024921863564
0 1 0.000326369513851495 0.0454046936739162 0.000533507485189527 0.0438282383867365
1 0 0.00011360040070647 0.0112323645168063 3.62219247831175e-05 0.0121253905775547
0 1 0.00112033626501519 0.0453719217893215 0.00134150756362272 0.0444354398099737
1 1 0.00108912745657534 0.0497925565447529 0.000831799526126658 0.048773119298474
0 1 0.00147506119738843 0.0347802596145156 0.001907285875765 0.034675202179334
0 0 0.000340241859246778 0.032335398281792 0.000984436745474658 0.0332972968975625
1 0 4.33583275224779e-05 0.0118061376843542 1.21177409540894e-05 0.0119343192150237
1 0 0.000696152944837768 0.0589986568512281 0.000587670972198106 0.0617553316020596
1 0 0.0026654133070889 0.0445109973703766 0.00202963936936165 0.0462087163296157
0 1 0.00147275811598268 0.128858651823096 0.00212638867084366 0.128362392925763
0 1 4.08574061238493e-05 0.0185553478723247 0.000175881543358763 0.0177409837237387
1 1 0.00162121646131716 0.0246224790266298 0.000355916526295897 0.0230544486992174
1 0 0.000955783093507366 0.0730575745250489 0.000874615349905438 0.0764587961692765
0 1 0.000548452879911298 0.0420943392194375 0.00098917942939705 0.0405169747856256
0 1 0.000683312392826149 0.0402505501599334 0.000731968722818697 0.038650595940734
1 0 0.00133340845877705 0.063091340792743 0.00110946532905933 0.0640301685051427
0 1 0.000314192827770944 0.047701861045821 0.000324648767722987 0.0462802078698311
0 1 0.00136273363219298 0.044134733739263 0.00183840686597818 0.043221563465027
1 0 0.000565980530942817 0.0878260112393386 0.000454705139105741 0.0910140925503708
0 0 0.00131859733035989 0.0661640764870461 0.00188046711939306 0.0690959458025677
0 1 0.000189252604559786 0.0187741689219359 0.000314276762232679 0.0176131596594927
1 1 0.00121240174174719 0.0902101387533409 0.000775295193356393 0.0890905903012244
1 0 0.00109744226226103 0.0366730533757287 0.000423881848317307 0.0377273715179741
1 0 0.000782730419076502 0.0416132336488131 0.000281678223017089 0.0467198617465071
1 1 0.000301080434919268 0.0775167925844352 0.00018771215941052 0.0770602818662353
1 1 0.00131733759591744 0.0423443214438842 0.000627490911725171 0.0413270544140805
1 0 0.00114058851864612 0.021161810389077 0.000773317337218006 0.021429588917747
1 0 0.00175312192154592 0.0782033686494931 0.00150060783087992 0.0802538045625869
0 1 0.000856766234334065 0.040207349911904 0.00127800099055888 0.0398089264214616
1 0 0.000707072602156952 0.0450545637659163 0.000540489532996652 0.0452597156683746
0 0 0.000540636495747489 0.0307941943655518 0.000643682332639953 0.0337535548195499
1 1 0.0010169137932177 0.0541035294150315 0.000515722321859406 0.0530675164983791
1 0 0.000772591734998876 0.0279047483498145 0.000392159876755082 0.0296550980593031
1 1 0.000593258129878 0.0414327723852334 0.000490711542453944 0.0408212124106836
0 0 0.000210528909900816 0.025634628559901 0.000421166381956364 0.0267574564883468
1 0 0.000633397622746398 0.0230180726214052 0.000501992470972042 0.0245838500019686
0 1 0.00403616190111973 0.034359946411191 0.00494267189981413 0.0343152613246673
1 0 0.000159088439799498 0.0336744157887676 8.65851136667156e-05 0.034896519542446
0 0 0.000247725384392768 0.0244403862574206 0.000324108803367266 0.0250024069919706
0 1 0.000677264475218138 0.0748510790670114 0.000799232941504555 0.0720439727647476
1 0 0.000566070582556861 0.0394138636005733 0.000502184006821072 0.0407256276841032
1 1 0.00122293029723452 0.0553172026279601 0.000781313771270153 0.0512869862715149
0 1 0.000993743281185537 0.0962484327092152 0.00101016766564136 0.0948150969038057
0 0 3.01775269145643e-05 0.0110954351550022 6.42040091196832e-05 0.0120048838141381
1 1 0.000832648126126066 0.0330320307063462 0.000830828210265196 0.0326919241433034
0 0 0.000689300277432496 0.0734462509646563 0.000763605460033287 0.0758289720692565
0 0 6.84866717420419e-05 0.0171050211497528 8.74036380033795e-05 0.0171864625904223
1 0 0.00515552098276479 0.0717528744656743 0.00466479421093886 0.0739110752124538
1 1 0.000283270821139593 0.0747308388160452 0.00023211302808594 0.0737512307268294
1 0 0.000373392117160508 0.0237259771751868 7.50262796131238e-05 0.0247590885753816
1 0 0.00024006400624292 0.0142113710871343 0.000203635087563306 0.0151746992925352
1 0 0.0011522859652142 0.042438147246801 0.000669583890406133 0.0438235384790296
0 1 0.000374819500185561 0.0467210272307236 0.000423310897445805 0.0457838744481012
1 0 0.000544494082203975 0.042585640039237 0.000441183466101897 0.04334560207992
0 0 9.0552494377967e-05 0.0323040901441822 0.00015313075507404 0.0326544725583433
0 1 5.06399965755094e-05 0.0247930579815677 0.000103997326986065 0.0241762351635922
0 0 0.00398757360834379 0.0517303032869917 0.00519356676402924 0.0525812723324229
1 0 0.00169347098356945 0.0476827247833638 0.00142707230397779 0.0487019746920662
1 1 0.000392854220746839 0.0314222844260744 0.000351921141809428 0.0306391392683477
0 1 0.00115984741521067 0.0214058236303173 0.00123719907971297 0.0207473427646844
1 1 0.000613352448121938 0.0218473766794948 0.000331367554709709 0.0214436815157151
1 0 0.00257326551612964 0.0510810107098311 0.00251723621043733 0.0524099728923259
0 1 0.000845067286319517 0.0342511063007911 0.00103920319797161 0.0325706275609536
1 0 0.00174990415386677 0.0435699752187458 0.00142704047609032 0.043576772602959
1 0 0.0001480077164026 0.0287425164945327 8.73803068772297e-05 0.0287743920496429
1 1 0.000203485995699388 0.0128687849243182 0.000145552716519259 0.0123428507647815
0 0 0.00063101904818991 0.0455826793536319 0.00083333265868122 0.0471384318710303
1 0 0.000641737984750426 0.0369399265644697 0.00055889827970907 0.0369711541102128
1 1 0.000224935807291411 0.0823092003504091 0.000223726282269649 0.0801502156409733
0 1 0.000260633735970417 0.0249889577967211 0.000267094491848403 0.0239583665156571
1 1 0.000362130927839929 0.0531950395248879 0.000260831028809339 0.0531361188240253
1 0 0.00047263802861279 0.0306748449799293 0.000185347422809021 0.0331268800500599
1 0 0.000894424637765582 0.0382058984817563 0.000832113208679223 0.0383904461183038
1 0 0.000662840129887887 0.0576203284157028 0.000459165019358381 0.0594693154401946
1 0 0.000548178683607378 0.0866147561702749 0.000539609324533861 0.0868594735852272
1 0 0.000130702566420211 0.0193496371435835 4.02072795263617e-05 0.0211467234400575
0 1 0.000291163877394742 0.0403177294810188 0.000540975948322289 0.0393253853174818
1 0 0.000650899556891737 0.044206731954617 0.000328515638211715 0.0447543909718067
0 1 0.00028880154494176 0.0636854810865206 0.0005285742053377 0.0636395877103549
1 1 0.00227153347036584 0.0494595069335213 0.000759423935410776 0.0488582876563498
1 0 0.00354812261794708 0.0683488533654912 0.00273013997263437 0.069130567874438
0 1 0.000436997288629418 0.0314337770333684 0.000592056487324845 0.031285826509113
1 0 9.96739103113156e-05 0.0194709514180905 6.10326644868864e-05 0.0198312638417992
1 0 0.000281738425443022 0.049004990902542 0.000253897385288655 0.0511677389365497
1 1 0.000774090372535702 0.0523230866215558 0.0004642917250829 0.0502971948686968
0 1 0.00390746594752038 0.14172967114357 0.00426268308184487 0.139237113885646
1 0 0.0011450918137398 0.0606764271982366 0.00100909124465956 0.0608711208612421
0 1 0.000162109173305562 0.0470165692439094 0.00027365612813818 0.0461181671490036
1 1 0.00127510039189714 0.041567655858493 0.00103542427439654 0.0415102626447589
0 1 0.000555155829856982 0.0355788584523118 0.000716927344875462 0.0347057337434411
0 0 0.000559397747995545 0.0312171907267198 0.000705746483954402 0.0325756732006116
1 1 0.00113582189354087 0.0396299914175325 0.000600050262547065 0.0368390799980622
1 1 0.00113766325635574 0.04591940273734 0.000222596953947706 0.0455422972044705
1 0 0.000335223550868048 0.023051629467326 8.24739899469467e-05 0.0234055210211513
1 0 0.000591353987638106 0.020953422103179 0.000401582469293749 0.0227879784413536
1 1 0.00214534996577882 0.0289806487005849 0.00103744341408169 0.0288399817896611
0 0 0.000601987897860959 0.0124475244468571 0.000673881607187838 0.0125758093853447
1 0 0.000666154184721436 0.0958962788173131 0.000316414154986498 0.0978261902158579
1 0 0.000388710125975964 0.0176680495167682 0.000354671026495373 0.0196755123819227
0 1 0.000927242330203965 0.0349605456510506 0.00199692622186377 0.0335612566594456
0 0 0.00130094735649351 0.0485552804748696 0.00159196995610578 0.048894919594965
1 1 0.00129568139532308 0.0698595240648209 0.00104503243994096 0.0673149303765738
1 1 0.00296690810458698 0.125292883125891 0.00295065420530281 0.113883131010995
1 1 0.00052408633466837 0.0147675260626264 0.000217670232712876 0.0142450978746231
1 0 0.000263110325440956 0.0375017570186618 0.000122568410958178 0.0388063818869256
0 0 0.00118041034619989 0.0482226061801311 0.00144513230917425 0.0502189887805214
1 0 0.00207858901108998 0.0704048309606228 0.00194490016544432 0.073177384406954
1 1 0.00098902794556852 0.0527201776591527 0.000942046748034218 0.0518184811249705
0 1 0.00148073426435492 0.0610665572222501 0.00180640157220419 0.0604045432551514
1 1 0.000234004433144353 0.0620764367039175 0.000195446787731335 0.0597453736283792
0 0 0.000269910636008211 0.00929059614270022 0.000280786781943417 0.00931766773456037
0 1 0.00145037546635861 0.0376836128723214 0.00195566013718671 0.0375360869789383
0 0 0.000220674936534276 0.06404900232967 0.000311259995374037 0.0688174914546994
1 0 0.000475239943267628 0.0199499474994519 0.000365063712783243 0.0203145199524985
0 0 4.43637970254572e-05 0.0158841038920177 0.000193041447562998 0.0159283858715778
0 0 0.000148228587137654 0.0299290573074434 0.000155843087005271 0.0303318666466262
1 0 0.000417663065913492 0.0243239846057095 0.000385027862114811 0.0253700794440465
0 1 0.000189116254736799 0.0809414592771234 0.000218515681961553 0.0783462385818404
0 1 0.00104709629745783 0.0475051397321013 0.00134462063134934 0.0444612100768872
1 0 0.00110897408899258 0.0203520018561069 0.000950919688263914 0.0207370210683868
0 0 0.00117369260092279 0.0644488912124622 0.00132524865717568 0.0648494198315637
1 0 0.00055441089038543 0.0505537590784343 0.000465085363813476 0.0515793723666258
1 0 0.00162233908232766 0.0314000261991062 0.0013629600529808 0.0319499080238243
1 1 0.000727863455612767 0.0257134786693858 0.000560552734630383 0.0253019056407033
1 1 0.00263963854095158 0.0845767871869944 0.00195703476128005 0.0841770496047433
1 1 0.00105730851515492 0.07015227625253 0.000846151372677321 0.0690825416382884
1 0 0.000321273716354771 0.03233530395972 0.000234868583837274 0.0341469502411597
1 1 0.000440217751668078 0.0481244057393304 0.000409096361989993 0.0473579349477938
0 1 7.97729885550079e-05 0.0743779250184924 0.000111817081991483 0.0737230783528419
1 1 0.00062709050103565 0.0137517985184531 0.000363835305504087 0.0135272660888907
1 0 0.000301765906321846 0.0357219101108339 0.000197386801746291 0.0369857571453043
1 1 0.00176950898934249 0.103613589531538 0.00171585228284964 0.100971753325419
1 0 0.000626004193471335 0.0553151200175894 0.000493480201629098 0.0576690471628304
1 1 0.000130121525401115 0.0321596845584533 9.09832028998531e-05 0.031779390001226
1 1 0.00285239964230579 0.0502313066749701 0.0018203680835329 0.0502227646116252
1 1 0.000403918100952606 0.0207677456029264 0.000233950319350418 0.0203227960117253
0 1 0.000185444099903627 0.0602181283908262 0.000284793929908592 0.0579864224587401
1 0 0.000541059325432771 0.0285003193117955 0.000529259339949566 0.0286712494857272
0 0 0.000489583979592892 0.0564485686904764 0.000491123187067183 0.056677424039108
1 0 0.000309557461785404 0.0248019940110564 0.000198122493779691 0.0248317374730612
0 0 0.00143919206969087 0.0667624152490383 0.00160987036183455 0.0703205610555594
0 0 0.00175554159917943 0.0609729148466348 0.00205516085873698 0.0622057833434626
1 0 0.0025735216617106 0.054399119114042 0.00171847265708222 0.0548973090420605
1 0 0.000790068541255389 0.0292801029993342 0.000612837034665159 0.0302935160479162
1 1 0.00207320188522919 0.0288071376783183 0.00168634784235654 0.0267778811644106
0 1 0.00127375151929091 0.0371429719114577 0.00129915388118032 0.0367618849725459
1 0 0.000275525679162629 0.0215386502333819 7.52087663225105e-05 0.0222033982802592
1 1 0.000899599804488933 0.0279689325403866 0.000452582380798843 0.0270069816306382
0 1 0.000184322588821599 0.0408339030311343 0.000420826791349335 0.0396382682982268
1 0 0.000799104224006474 0.0254268722871805 0.000667269059512 0.0259940800623227
1 1 0.000900638874385746 0.040298457686065 0.000671586643795081 0.0395435086212954
1 1 0.00330177505259366 0.0364301523643857 0.00209384837722771 0.035336153378678
0 1 0.00164336148416711 0.0520429530415438 0.00201866269185132 0.0504878814420187
0 1 0.000181538846418801 0.0397626853776698 0.000233803994804307 0.0373318734057547
1 1 0.000101145740280806 0.0288979917138926 3.35168051905273e-05 0.0277730412126573
0 1 0.0009242064449159 0.0921499278233304 0.000987271368698002 0.0905910592214613
1 1 0.000129863725450778 0.0222830342435286 0.000114932777893474 0.0221964995026154
0 1 0.00530799899329224 0.0836079723674672 0.00737255461323438 0.0823381381529595
1 1 0.000895592513407533 0.0577767361185997 0.000724622775297477 0.0576603203721656
0 1 0.00148619234170087 0.0478700107492709 0.00181304241593841 0.0475121709264314
0 1 6.83199650759346e-05 0.0587146349038142 0.000156441506682514 0.0566520557219498
1 0 0.000813035778657661 0.028141995854289 0.000552837310705368 0.0290165382957858
1 1 0.00229638078181219 0.0423917495688154 0.00159062096718007 0.0420466206013536
1 0 0.00304442533851753 0.0717585790894104 0.00214042132160584 0.0722850867043527
0 1 0.000409109825219472 0.0244058864544422 0.000551543347349026 0.0234988401866585
1 0 0.000784216293572473 0.0438352472816661 0.000652264277402019 0.0455415568196278
1 1 0.00222261885687871 0.0569843537608603 0.00215106582280056 0.0566902863203715
1 0 0.000355178574470561 0.0114147898163379 0.000203081973513907 0.0115917255677688
0 1 0.000139633003848306 0.0437846699822576 0.000180496093485492 0.0413559186833646
1 1 0.000768133592199023 0.0314109610516396 0.000489465334673481 0.0303220584259864
1 1 0.00285121381287599 0.0907243526691111 0.0026955833886403 0.0887700135234386
1 1 7.65324595484964e-05 0.0259169797052755 5.99723012622979e-05 0.0241336337126519
0 1 0.000179007214203018 0.0164547043336041 0.000186437438368028 0.0162491716435465
0 0 0.000226593317644839 0.0378457506610957 0.000264128038808842 0.0386927980244725
1 1 0.00333252336982965 0.0401616793114116 0.00119011100561026 0.0396355947932223
1 1 0.000338042426136313 0.0525413344934301 0.000267187398142723 0.0525399541591838
0 0 0.0028194079765907 0.0538965261930578 0.00348522894110736 0.0543355604654379
1 0 0.00152405091385827 0.0603085358476229 0.000815493621829778 0.0632195209741939
1 1 0.00248565016951149 0.154528521884463 0.00195956596657799 0.143354876026574
1 0 0.000979944611513483 0.0261475782045796 0.000239152323699785 0.0263428087064389
0 1 0.000243090709770204 0.0432214900161797 0.000434504732593327 0.0426424976822957
1 1 0.00179846210840226 0.095476839078382 0.00179106693860571 0.0924450244751062
0 1 0.000872759097854302 0.0574328737730803 0.00116319061866463 0.0568798630579815
0 1 0.000125131521501464 0.037764998647118 0.000309638284718517 0.0372460196172205
0 1 0.00354717032317353 0.0577911854892369 0.00443378947353826 0.0573058358645308
1 1 0.00269185756948883 0.0790176221585098 0.00148830175102913 0.0682660534602451
0 0 0.00247207499585507 0.04699751668222 0.00339486731371451 0.05035349913016
0 0 0.00255810655203277 0.0743418783492924 0.00301853204845138 0.075121107563975
1 0 0.00038669059140664 0.0266989037014714 0.000278688213023301 0.0280871475873308
1 0 0.00170637733463235 0.0398856734543777 0.000958846156153169 0.0408590847603796
1 1 0.000610654835688652 0.0683670969177722 0.000329564637514169 0.0681911477454596
1 0 0.000716917772379759 0.0142159042859165 0.000685736281610415 0.0143145945760795
0 1 0.000186192368652351 0.0304722211897564 0.000222764615783442 0.0288482999102745
1 0 0.00153638578052964 0.0323203472956217 0.00104795697287223 0.0326079827267177
0 1 0.000270485460548892 0.0249320901804001 0.000515746140288946 0.0245245788315186
0 1 0.000186760763115931 0.0480113421469251 0.000315965995617552 0.0477619323346124
1 0 0.0028863091286294 0.0618745094325087 0.000423857489632719 0.0633614802256466
0 0 0.00130212219332007 0.0296504305280961 0.0013102648478978 0.0302023865164211
1 0 0.000387340707786648 0.0731457212716879 0.000252640551034103 0.0763082778494583
1 0 0.00109359201617909 0.0284622229188796 0.00061629803289471 0.0290767382059345
0 1 0.000304297649325321 0.123708579357423 0.000761783343005026 0.11662048463802
1 0 0.000958834060733935 0.0309629953338186 0.000927585495921794 0.0332535960031141
0 0 0.00103849004440341 0.105236026543631 0.00147841211717424 0.107274137463771
1 0 0.000788922521913622 0.0342487477755351 0.00052018558203138 0.0377065503378918
1 0 0.00183104565777695 0.0272614020257127 0.00115823924641513 0.0284557242709657
1 1 0.00112449361162251 0.0338712107934267 0.000733981120583001 0.0327492599058073
1 1 0.000547913615834361 0.0243112226621675 0.000486482014924446 0.0227818614450059
0 0 0.000111843272266607 0.0251146352441889 0.00013717487353165 0.0262525214780467
1 0 0.00162728351895797 0.0349394209384417 0.00147095785948823 0.0349712061087033
1 1 0.000724608789845687 0.0115293830495922 0.000375286976929459 0.0113611705089994
0 1 9.8855330395428e-05 0.0375743302933297 0.000163142035486695 0.0346239063067648
1 0 0.000554192335835788 0.00797297040296488 0.000480484880582454 0.00850999697320611
0 0 0.000440870957028971 0.0739087269206801 0.000686320578511936 0.0749701890412084
0 1 0.00252920594991993 0.0355045424315517 0.00318330834092291 0.0324887823652934
0 0 0.00351282299344808 0.0684023008756407 0.00353670466928379 0.0688438955030192
0 1 0.000209980114697096 0.0521350209236508 0.000440209038120949 0.0511123361364559
0 0 0.000676583688638879 0.040274656739134 0.000788254371126545 0.0418807846358899
0 0 0.00209528493610652 0.0348829237317406 0.00235906505469532 0.0351833083222373
0 1 0.000354005281933423 0.0693687070956918 0.000580807490988655 0.0682303490582215
1 0 0.000528902350363995 0.0396009951555846 0.000276041384594492 0.0396539239183264
0 1 0.000885007604579361 0.0625445781789657 0.00101559601787289 0.0615660668267202
1 0 0.000650241133891626 0.050871914456653 0.000570776070982211 0.0518645873412346
0 0 0.000449178276285068 0.0166069981089911 0.000642878012866875 0.0175356195987304
1 1 0.00119062613810542 0.0147861458683302 0.00100590726348934 0.0147021901286702
0 0 0.00119138242931734 0.0259762037596349 0.00155662190389677 0.0263374893842673
1 0 0.00365760211214053 0.0646504450238917 0.00324426704848462 0.0680824604979395
0 0 9.70065120244647e-05 0.0537226837226565 0.00014868782266242 0.054116614544958
0 0 0.000149071632708624 0.0808024302551464 0.000174544102168521 0.0814563458370467
1 1 0.000367821706940294 0.0611505953056076 0.000359217896277067 0.0606149155154735
1 1 0.00214995181543745 0.0500020405559363 0.00194402371284193 0.0491111532304793
0 1 8.36338103973678e-05 0.0548264172156682 0.000205576414471843 0.0515885249911981
1 1 0.000141736276856569 0.0348467470683281 3.22215644055726e-05 0.0347484964209962
1 1 0.000576036166039543 0.0248787067493917 0.000572467358909685 0.0218421006910809
1 0 0.00112363276686983 0.0571896315158409 0.000579103299481268 0.0572113462913214
1 0 0.000336680523034846 0.120218058119975 0.000184435711830976 0.120624380759721
1 0 6.40145760329238e-05 0.0267064739749568 4.44076163252285e-05 0.0268991440997405
1 1 0.00082772548099656 0.0207759332179451 0.000310389023938291 0.0198048153747152
1 1 0.00141656359428073 0.0234234149258282 0.00136533147558468 0.0220455230518867
1 1 0.000551007496453739 0.059212012841336 0.000417227754639168 0.0588768859915373
0 0 1.85781257911669e-05 0.0241969786628188 0.000194458359459107 0.0246036812916861
1 0 0.000716036243226427 0.0287620490769715 0.000551513873928889 0.0289661389895909
1 0 0.00100625157832438 0.0607474986063451 0.000781029145957153 0.0615265275411475
1 0 0.000356983214934117 0.0127260861125756 0.000200656173423855 0.0135807391197539
0 0 0.000407306261791945 0.0431213446985953 0.000534278250457431 0.0447608601397272
1 1 0.000806738335319123 0.0667470305202848 0.000351704960785968 0.065251148588225
1 1 0.00101302620293722 0.0772106387356162 0.00076356930716037 0.0752931602581188
1 1 0.000891102065375251 0.0259133027315364 0.000698041267172258 0.0252971404444493
1 1 0.000405101184752391 0.0191628064138023 0.000351795110219721 0.0190687496934092
1 1 0.00275499690960752 0.140547034806326 0.00192300359546108 0.13942110925401
1 0 0.00152499986787264 0.0281070239557895 0.000791987945144076 0.0286393066267974
1 1 0.000747966915827382 0.0350441350662715 0.00054472251318277 0.0336606623837619
0 1 0.000891236081208785 0.0627027590958836 0.000965603957995324 0.0619131942206572
1 1 0.00516036735743983 0.0355624936684587 0.00291918659001027 0.0352178867058293
0 0 0.00106750655366263 0.0317646258450054 0.00195538677280831 0.0325546681923887
1 0 0.000512366703210479 0.0115934435485806 4.22082538509623e-05 0.0119940546379158
0 1 0.000427889937584354 0.0450321279702127 0.000521003927051228 0.0448999773705777
1 0 0.00105597377281049 0.0727295420224748 0.000577566635132533 0.0769038597798027
1 1 0.000163354031903773 0.0117617633448966 5.96526232668567e-05 0.00962961073090157
0 1 0.00106650777659837 0.0690985857950442 0.00123001524677496 0.0680733485158118
1 0 0.000342487902153816 0.0271218808716473 0.000311580039054947 0.0279529057089969
0 0 0.0014677824921931 0.0290277205751599 0.00149609832082277 0.0310080430445117
1 1 0.000285911688718693 0.04712322560376 0.000147388195003526 0.046301720937968
0 1 0.00120897405581309 0.0491743262318015 0.00179473552467374 0.0482250002580768
0 0 0.000874452670023086 0.0323095102258162 0.000988207114516546 0.0323600875204382
1 1 0.000192640940001508 0.0542046036106695 0.000167384500303885 0.0538638456682148
1 1 0.00057983597642225 0.0259194092844707 9.98199384505952e-05 0.0256351390871097
0 0 0.000300821313048778 0.0476684355659452 0.000453687721470384 0.0479370846244637
1 0 0.000184135391652112 0.0496271064418761 0.000111131580914028 0.0504192489939972
1 1 0.00220440288870612 0.0775813631844938 0.00208607227755924 0.0752387845383359
1 1 0.000441784250745211 0.0862067808266464 0.000404626813642516 0.0847500141974788
0 0 0.00144749402113593 0.0365523989893611 0.00205276861454795 0.0372438138226953
0 1 0.000526247555456621 0.029676100853859 0.000566178514624589 0.0293112553332444
1 1 0.00275780542488789 0.0438341922671267 0.00191648368001248 0.0431859024887863
0 1 0.00043651906075001 0.0557393751778741 0.000652235374706615 0.0541506606034621
1 1 0.00106879184233616 0.0476206137578488 0.00105272656651326 0.0464486974118529
1 0 0.000502826530713736 0.0118493356753142 0.000369333309902038 0.0126125311926101
0 1 0.000212051046072416 0.0493581857952786 0.00027106837537516 0.0488706710561699
1 0 0.000794748724125779 0.024588931915236 0.000656310538329589 0.0256706493602059
1 0 0.000552279421513135 0.054612141021622 0.000430338598660861 0.0561138915300483
1 0 0.000353472718575626 0.0116311668199319 0.000326003699292317 0.0118311678866444
0 1 0.00110408547020819 0.0407371668694971 0.00119866304884191 0.0396081357319264
1 1 0.00273844309499815 0.0489745702036046 0.00253959517376305 0.0477773175288502
0 0 0.000138877569988934 0.0479876661045594 0.000190720973016805 0.0498325125223467
1 1 0.0019240526170002 0.0266435779026108 0.00146624952214102 0.0258509295580635
0 1 0.000284767336172814 0.0378090859866775 0.000508540516007599 0.036576047375149
1 0 0.000135371046907989 0.0107343067167048 7.09152533850506e-05 0.0110366634268644
0 0 0.000384255608925889 0.0166287753353374 0.00176311981714223 0.0170517531839912
1 0 0.000243233049749616 0.0134470927401079 0.000164227727898975 0.0142200576457954
0 0 0.000358036677815466 0.0400998181969671 0.000519682444287084 0.0410859463293171
0 0 0.00017091560021738 0.0483137291156487 0.000300215210185309 0.049468344855098
1 1 0.00050976862062961 0.042192998798207 0.000470683296420078 0.0393634902837228
0 0 0.000397717727324762 0.0278529691521709 0.000441480561814894 0.0280593892280351
1 1 0.000583719809575522 0.0371279928423528 0.000335728213575533 0.0364315766859108
1 1 0.00168737890150413 0.0359689778758189 0.00062284943962375 0.034574540810235
0 1 0.000814776540486021 0.069760315130476 0.00118200755927922 0.0679465622125182
1 0 0.000451042796993375 0.00698172476622035 0.000167532136143547 0.00729659588790755
0 1 0.000867306639817117 0.0494671490457725 0.00100473892510564 0.0485255023765083
0 0 0.000359954079845485 0.0177375101654943 0.000729746775414465 0.0181798978285969
1 1 0.00138829213035648 0.0312211468161492 0.0012456162908826 0.0310883959082097
0 1 0.00198709867875697 0.101350361124092 0.00242397644397229 0.100056722185542
1 1 0.000629340003506403 0.0266763708735113 0.000449631104561186 0.0255308389552243
1 1 0.000621226883136655 0.0813125624881486 0.00037290866763472 0.0812655792379137
1 0 0.000705859839115282 0.0335719361965521 0.00060842034503804 0.0337476403237469
0 0 0.000385428456977658 0.0333723070324139 0.000456102582225065 0.0338209382687856
1 1 0.000488905455906199 0.0124980405206902 0.000247866251410221 0.012022526476009
0 1 2.10922287498444e-05 0.00924651018235622 4.09704550230265e-05 0.00831369848024409
1 1 0.00177512853941979 0.0631886207999544 0.00146168372471445 0.0619129297035008
1 1 0.000646200982117637 0.0849645972441541 0.000568550010881861 0.0823466578806953
1 1 0.000923273307183729 0.0685213877728782 0.000841047495188421 0.0632027983339116
1 1 0.00111518501340374 0.0674193125316667 0.000918002298770574 0.0670490271653872
0 0 7.55192484691217e-05 0.0700917238173271 0.000175723098246705 0.0702633656786565
0 1 0.00297535463766771 0.0841365028823512 0.00318533073794295 0.0824592410447752
0 1 0.000545700654276326 0.0318818567082311 0.000806781784174107 0.0316356462042626
0 0 0.000547554763886358 0.0310552769407964 0.000578911265597221 0.031986276126018
1 1 0.0022465643772695 0.10102016552991 0.0019644528076995 0.0985691520543353
1 1 0.000506250661868437 0.0404120626159203 0.000285139596134809 0.0394110121584736
1 1 0.00651476765304735 0.0745306176361477 0.00414425802717384 0.0742876818296919
1 0 0.000103028420536419 0.0112944596765263 8.56821835106315e-05 0.0126423907805251
1 1 0.000638906085009667 0.0219776047566129 0.000448406726934876 0.020455984763209
1 1 0.000704818986060127 0.0557437553506235 0.0005856305159938 0.0555726363277481
1 1 0.00102037156481179 0.0208656780358301 0.000408408834771371 0.0203729159325873
0 0 6.11260048932362e-05 0.0195723574232047 0.00021511835259783 0.0200419686552431
0 1 0.000115216271238181 0.0382443718643376 0.000448531040119019 0.0369680353821764
1 1 0.00104462326671749 0.0374227569114383 0.000640173431083938 0.0367212711518504
0 1 0.000777020649550826 0.0564986014048131 0.00104223059837927 0.056269471760317
1 0 0.00129549190174675 0.0829038544722079 5.49874394743268e-05 0.0897318649924198
1 0 0.00056207966972008 0.0237529258200831 0.000320472275865235 0.0243930362621704
0 0 2.09576847056745e-05 0.0836226645568311 4.84156459165587e-05 0.0839343744848447
1 0 7.53340366006602e-05 0.0215543374624914 6.24882288735212e-05 0.0225791391283186
1 0 0.000787758340753539 0.0183759526942078 0.00055628834943901 0.019085036261962
0 0 0.000245051795193984 0.0539332839150343 0.000262755542631074 0.0564422295503522
1 1 0.00112117501344227 0.0280904209997328 0.00014745184844165 0.02676475129336
1 0 0.00454648824869201 0.0850150338170717 0.00326176437427774 0.0852358597887973
1 0 0.000186312889245455 0.0217039429550682 0.00010920873092391 0.0228732361250357
1 0 0.000417396775704004 0.0236799996016908 0.000313982908889065 0.0241585333072206
0 1 0.0013174861696442 0.0699278837547943 0.00132530576012864 0.0671607899124499
1 1 0.00226556429108523 0.0383872666143609 0.00200517240887309 0.0378387255372706
1 0 0.000895981383183952 0.064520375335885 0.000631021838869676 0.065167041523265
1 0 0.00379021653518274 0.0852354789285939 0.00260231618558901 0.091301950924377
1 1 0.000129250027809021 0.015227329217382 4.99390911204252e-05 0.0148318153488256
0 0 0.000307654446749745 0.0404603322941313 0.000357774016175479 0.0419980166805977
1 1 0.000583765406085568 0.112045584209548 0.000540268746115485 0.111295075632315
0 1 0.000569544652961036 0.059718608611887 0.000669364078818678 0.0582513862662003
1 0 0.000977621016734898 0.0272563923745717 0.000522305374553467 0.0273166148834016
1 1 0.000112225085777681 0.0512740097893001 4.07716559028115e-05 0.0504196350396054
1 0 0.00058999714683331 0.0455378139758136 0.000256318627436804 0.0458708522927162
0 1 0.000889613808622788 0.0263587892148728 0.00111190884699906 0.0244076848345327
1 0 0.000418642354916809 0.0400661040800185 0.000399975723877636 0.0408868598618896
1 1 0.00235899154453737 0.0313286111953168 0.00171400435505804 0.0313136635611291
0 1 0.000117388762963348 0.0307210719695143 0.000151228925546985 0.0255995119886994
0 1 6.92115782833861e-05 0.0440155128008406 0.000380418658077498 0.0429144669046391
1 0 0.000784491367943453 0.0327920222505773 0.000576768316980461 0.0335206884910511
0 1 0.00147221294946704 0.241864463665566 0.00220261489600694 0.238991888923073
1 1 0.00602282220717346 0.0576641235111003 0.00251897102465023 0.056664895681428
0 1 0.000758472401613981 0.0293311266230763 0.000829378722694591 0.0278861873357548
0 1 0.000925219910002181 0.0634126717505223 0.00121440476775385 0.0632974560380591
1 0 0.00485715653595993 0.125601653422481 0.00257620938422923 0.127246975437959
1 0 0.000752815287145295 0.0612031659306387 0.000660344386026434 0.0614082693270276
0 1 0.00144483192857472 0.0816966598649347 0.00173916144405055 0.0810861256763734
1 0 0.000532766331727929 0.035687381502425 0.000332604202310097 0.0382170498360943
0 0 0.000137136353941903 0.0645115262306961 0.000188018731136518 0.0647278101013638
1 1 0.00136332902055943 0.0334248102257976 0.00115473424993345 0.0323115634833255
0 1 0.00132409877227193 0.0495444792001252 0.00139833529384709 0.046886679840083
1 0 0.00212303050690837 0.0186781471425103 0.00147242581872327 0.0204418329510337
1 0 0.00749442973405899 0.108348873352808 0.00629444409954214 0.108824737708837
1 0 0.00096652370742493 0.0331057749365396 0.000894889844672124 0.0341083876124424
1 1 0.000390248717606173 0.0379524044443478 0.000213322574220441 0.0366489517750197
1 0 0.000520191451488773 0.0345840364643318 0.000374225665557574 0.035871741954729
0 1 0.00172168144985406 0.0925762082147539 0.00180906790963117 0.0867505340857264
1 1 0.000504864714612403 0.0156987143532637 0.000263382815293669 0.0152960813007988
1 1 0.000799546896360875 0.00861578759527798 6.23490669830342e-05 0.00816210435593647
0 0 0.000463663712792236 0.0142830864075908 0.00122099416852465 0.0148084212125489
1 1 0.00173756141051431 0.0591324981914213 0.00121509134057628 0.0577391271383188
0 0 9.52462501774549e-05 0.0205469551883717 0.000424069063251303 0.0207539431639985
1 1 0.000174786183733902 0.0922084406089242 0.000126448316137099 0.0918212804446759
1 1 0.00150874984127732 0.0218556141059824 0.000577821978546421 0.0210868021602341
0 1 0.000213026010849868 0.0386373363502151 0.00030836156027682 0.0378985238210657
0 0 0.000179467137334739 0.0216762328742776 0.000189575704450782 0.0220102962330875
0 0 3.14636426785336e-05 0.0235530235452824 5.8610186145621e-05 0.0239606226098999
0 0 0.000143569251984415 0.0359697801050308 0.000883553559652584 0.0360860446186595
0 0 0.000255806773460598 0.0670976387885635 0.000326461622933502 0.0690197157980364
1 1 0.00994157595327634 0.128145583794044 0.00915675259453427 0.124649251656654
1 1 0.000318053273852855 0.0157787621124667 0.000262038177816269 0.0147552933460618
0 1 1.05902389853464e-05 0.00502236003595913 4.268506277958e-05 0.00479988632470501
0 0 0.00189323588343199 0.0429718958979975 0.00249732279199012 0.0459158766144107
0 0 0.000166798412380124 0.0108314899639231 0.000232827866128122 0.0117283310336671
1 1 0.00270902673667862 0.0331007754401758 0.00166375373845911 0.031282275074631
0 1 0.00100734745626836 0.0771348774226628 0.00127365383259941 0.0762597846926028
1 0 0.0039638595538823 0.0487421134598274 0.00298252061738163 0.0492343265368129
1 0 0.00541923288950076 0.0607705644014244 0.00506249000812835 0.067714143898248
1 1 0.000534284621125247 0.105951033942794 0.000431731636883554 0.102411250250832
1 0 0.000407129747446681 0.0360860447207477 0.000262712845347115 0.0362917902728454
0 0 0.000672052783017597 0.0215538517911636 0.000863008530566032 0.0223126453382704
1 1 0.000474236544593102 0.043644618626196 0.000436534297371437 0.0434729633742452
1 1 0.000392887514728417 0.0117661280544842 0.000216635616234619 0.0112639275412652
1 1 0.000848908249018638 0.0756582156264692 0.000826238389217669 0.0738855748506654
1 0 0.00104000313065153 0.0653565055688611 0.000579450853719148 0.0656164577953219
0 0 0.000241607392643211 0.0538494475785144 0.000352454932644129 0.0545368904848595
0 1 0.000253564718544711 0.0462774840595896 0.000754917907793042 0.0448925142386805
1 0 0.00468947819381293 0.0361880251610394 0.00417832035722808 0.0366652128080892
1 1 0.000575864180048796 0.0426182209045862 0.00046760662591013 0.0408281403718944
0 1 0.00186683026357333 0.0400897177262996 0.00217138485413039 0.0385330015165236
1 1 0.000465197434510578 0.0544509019063995 0.000232402909334967 0.0542104196149631
0 0 0.00062442374563753 0.0508732897235068 0.00155002430343968 0.0524095162407816
1 1 0.000714277726096825 0.0806613921001397 0.000667060307965082 0.0791019165960724
0 0 0.000132593333251176 0.0407524469202894 0.000251472811133665 0.0440887687570755
1 1 0.000626228773338553 0.0415674684470395 0.00033074129257809 0.0403747148178426
1 1 0.000996923515843743 0.0284434652720195 0.000580803314362092 0.0279083347864314
1 0 0.00305711959576664 0.0877263561848247 0.00244171110511917 0.0910110452765627
1 1 0.0040967567094391 0.0722879388000866 0.00330278398684182 0.0711936188302098
1 1 0.000573864213156653 0.0450521086430448 0.000298440439725593 0.0448136525527355
0 0 5.21390817644505e-05 0.0142128395276199 0.000233100195840067 0.0145592144929305
1 1 0.000458581899748841 0.0117228139650506 0.000270386379670169 0.011269519489283
1 1 0.000205656827288673 0.0372291536307681 1.44597069396733e-05 0.0362134293162311
0 1 0.000337208119224529 0.100979908173413 0.00047102701384354 0.100221611159507
0 0 4.30554915307124e-05 0.0244955159842699 0.000179635806217814 0.0246154370387601
1 1 0.00130045561705604 0.0568267695928392 0.00112836145552341 0.055643987118601
0 0 0.000682128995592502 0.0361911396617253 0.000863794174795054 0.0363921227229045
1 0 0.00107938653903781 0.0237481312624478 0.000323276498075055 0.0244424947376197
0 0 0.000413541545664983 0.0208870644116474 0.000440695192509589 0.0225259763478597
0 1 0.000533842460162929 0.0296026340114112 0.000703399013903939 0.0294795309173723
1 1 0.000447355777430169 0.0303910636157919 0.000273191674932734 0.0301624390011531
1 1 0.0019019890775384 0.0189099382076015 0.00137358792311025 0.0187941991571844
1 0 0.000320479725651949 0.0150270927379841 0.000202741779371633 0.015179282836238
0 0 0.000210711890775615 0.0381016365077495 0.000387539464881775 0.0385761325959068
1 0 0.000139253868701942 0.0435365457518207 9.48010553410736e-05 0.0468715373951636
1 0 0.00022106997002329 0.0316009372302702 0.000132141517262432 0.0330697914896829
1 0 0.000299235117076001 0.00801580218599312 6.93920290477704e-05 0.00864433651599165
0 0 0.000283436484546122 0.0214966646154742 0.000333365753779862 0.0215341903014898
1 1 0.00248141788126375 0.0552918997346367 0.0023611186263725 0.054470156913631
1 0 0.00103299404284158 0.0658621975198582 0.000837022751228789 0.0660876919241925
1 1 0.000607549548866095 0.0696868722487441 0.000535600692384428 0.0673620725474566
0 1 0.000186099680727221 0.0128243172520524 0.00019324707576519 0.0121693636862921
1 1 0.00171132537911783 0.0243806511897958 0.00132075017835377 0.0215767809736094
1 0 0.000309812244739048 0.0371783348696024 0.000211291703206263 0.0376788984423269
1 1 0.00118001338160809 0.0194384080245754 0.000837102067552365 0.0184512158967665
1 1 0.0017758022608949 0.0407407753171365 0.001391659003856 0.0390292356644972
0 0 0.00018067055663106 0.0868229736239478 0.000580977143666813 0.0879590417575541
1 0 0.00198464032449665 0.0424842853550493 0.000721710804738702 0.043796684513872
1 0 0.000255220489870129 0.0285559394075453 8.47099581005881e-05 0.0292427278327832
0 1 0.00370262146013518 0.0796960682964245 0.00471125334285866 0.0787233843154561
0 0 0.00124024938530271 0.0657109341616053 0.00157596902447199 0.0662722055716782
1 0 0.000668855472096056 0.0480815088707553 0.000654650765947254 0.0524266372128759
1 0 0.00027038612136844 0.0213950338027149 0.000194137203023458 0.0217984038191469
1 1 0.00105287581234762 0.0435179100107339 0.000441089824258315 0.042639768848815
0 0 0.000232686446856564 0.0145570399466758 0.000371406338224179 0.0148358325247334
0 0 0.00230778881876685 0.0725294584791367 0.00238122983248454 0.0732359599205404
0 1 0.000603914583733575 0.0401428383032981 0.00114404997910668 0.0378576474597869
1 0 9.52435426248496e-05 0.0281664317436349 4.65860153213741e-05 0.0290565830916131
1 0 0.000228505555067279 0.0224125890657875 5.39188670863967e-05 0.023179893586225
0 1 0.000568328479708243 0.0156971733546647 0.000619825041587817 0.0154631261634521
0 0 0.000149148309968815 0.0146992259230068 0.000214530205769724 0.015593397529147
1 1 0.000415943936281791 0.0491028202374389 0.000265615925171447 0.0465644108505422
0 1 0.000368890612891544 0.122982767924829 0.000581864408554776 0.122378237875055
0 0 0.000366990068298321 0.0385693929827273 0.000512774887975281 0.0393952456556656
1 1 0.000792870718234763 0.0784008819988536 0.000510618893422487 0.0781519881476563
0 0 0.00200579291905268 0.0531969277258882 0.00283378396687912 0.0551093528621503
0 1 7.70864557508954e-05 0.0310381917377442 0.000235587287607631 0.030996301695998
1 1 0.00252557796814593 0.06658798505612 0.00224697308642823 0.0665214479236798
0 1 0.000901571753134396 0.035735741215404 0.00094866105010787 0.0352397882057973
0 1 0.000173404994932461 0.0326950939660859 0.000316459296101426 0.0306748570385817
1 0 0.00320899912382379 0.0399615066866851 0.00155706170876581 0.0406063103535137
1 0 0.000524605636692865 0.0549770599656961 0.000520036271811891 0.055010773239888
0 1 0.000416105356940334 0.0850003906841847 0.00100134859685688 0.0822205794602017
1 1 0.000253177004220653 0.0795014313524059 0.000231679957341441 0.076841604060323
0 0 0.00069448848085774 0.0471262193255591 0.00101602687786296 0.0491374712930507
1 1 0.000847420592828271 0.0391928241843707 0.000653844111102933 0.0384133135313002
1 1 0.000570250755018079 0.0240214548056552 0.000130048677771536 0.0221783339790828
1 0 0.00125080639032199 0.0256061451670186 0.000323614602465447 0.0266580569789093
0 0 0.000229480520189961 0.0217429267749823 0.000298534309994719 0.0226451735581523
0 1 0.00554490501831161 0.0417647034984379 0.00633413141446152 0.0401793604945211
0 1 6.57685933257575e-05 0.0478381087192168 0.00014379489659779 0.0474250174513229
1 1 0.00205163730784097 0.107537173099597 0.00180433155352598 0.106232088063161
1 0 0.000195455397336064 0.00581551021812709 9.61843417094102e-05 0.00585580120111792
0 1 0.00056326431946873 0.0527987834509053 0.000580852383672183 0.0523819465829729
1 0 0.000553486759045237 0.0361804684003793 0.00022063790182426 0.0362073400469573
1 0 0.000315016692239978 0.0258230700503066 6.81413161472967e-05 0.0261716230064848
1 1 0.000249015390049082 0.0440465818334016 0.000239799175850188 0.043137079628996
0 0 0.000728654704912745 0.047948537181735 0.000775050457547481 0.0486115070745003
1 0 0.00145619717889473 0.0269472851811814 0.00128376013005561 0.0300441494463313
0 0 0.000105410224612969 0.0105455802647632 0.000136699050330319 0.0119971820590209
1 0 0.00062471390530996 0.0165753850656677 0.000395022248691081 0.0169040796640037
0 1 0.000315173737589781 0.0434570240566531 0.000758798706809092 0.0419803019856496
1 0 0.00118567247057434 0.0158846852737525 0.00100470406780348 0.0162344625244544
0 0 0.00025232302395379 0.026561998486448 0.00031553117282456 0.0270269706850643
1 0 0.00272992182975257 0.0917420769312821 0.00260679703814708 0.0930812146588117
1 0 0.000772284733114001 0.0316231926584986 0.000214308743728783 0.0318172386386609
1 1 0.000516613870068784 0.0364068022847878 0.000393968051958347 0.0361616984717262
1 0 0.0024337188045801 0.0428941153397886 0.0019166919857788 0.0431667752999808
0 0 0.000324125633794535 0.0461486701947805 0.000404598647897735 0.048307153437573
1 0 0.00149068425603713 0.0311804639543019 0.00129850678071483 0.0315050758794886
1 0 0.000122175008014632 0.0177912183279219 5.95851241439434e-05 0.0185904167313679
0 1 0.000617084473928672 0.0559211386092341 0.00151396256996866 0.0538185695798163
1 1 0.000496813932552655 0.0188726655354295 0.000192453476821619 0.0185823847403503
1 1 0.000482846260533511 0.0518107118204571 0.000249926577644533 0.0506328152633165
1 0 0.00048548532956107 0.039183341993545 0.000463508329652698 0.040369951828734
1 1 0.00121522834904903 0.0725786899554164 0.00103810889267062 0.0675179379438113
0 0 0.00126960557957064 0.064432438591985 0.00140065362837318 0.0644743961737711
1 1 0.00072132473650468 0.0446478201890819 0.000437614051165509 0.0432219770301842
0 0 0.000939643474039377 0.0298623424391155 0.000955366019310475 0.0318678679486625
1 1 0.00139971077264732 0.0828730879536165 0.000997337175084754 0.0813308577565426
0 1 8.47899327017479e-05 0.0172619377914388 0.000340214638246731 0.0158342763198212
1 1 0.000445244288309915 0.032066142900827 0.000261781694608271 0.0310051873778542
0 1 0.000669974074126092 0.0420532319386326 0.000824846898306072 0.0419839073678418
1 0 0.00129284588486122 0.0282594747513289 0.00111670972006068 0.0299889529483542
0 0 0.000197090807286003 0.00836316648034256 0.00024710069461006 0.00843157695819492
1 1 0.000241164328512798 0.0544443108605151 0.000215119004914098 0.0505434989286875
1 1 0.00150906235242639 0.0479490004528172 0.000968924747579564 0.0460140227122564
0 0 0.000178324480942296 0.046517508866203 0.000245351173620498 0.0472180374288099
1 1 0.00146835336908479 0.0376655861036947 0.00112147885729751 0.0374727880670625
1 1 0.00016179747123555 0.0308604668990303 0.000134763460237643 0.0304967820368468
1 1 0.000113696004605077 0.0571856319139732 8.49565316531276e-05 0.0569952391004534
1 1 0.00149499021858164 0.0265096981552227 0.00104608658575935 0.0252373167716365
1 0 0.00207351044469402 0.0455506578908579 0.00189719165242699 0.0473339278694052
0 0 0.00143940307447001 0.0685379072108823 0.00156777809896153 0.0686577979047426
0 0 4.28791859351588e-05 0.0121921559799203 4.79361214961276e-05 0.013140341115047
1 0 0.000604236536364875 0.0449442599047486 0.000540804900979431 0.0482797373687238
0 0 0.00146208514190408 0.0504979254132079 0.00192836705641195 0.0509889090866402
1 0 0.000885516386306982 0.0375693379213703 0.000679534738443697 0.0386178744075219
1 0 0.00029964078924228 0.0256918215501797 0.000200991387795204 0.0274162701970244
0 1 0.0016110604070833 0.0585705175198374 0.00267802220595322 0.0570034524235005
0 1 0.000216470749218459 0.0505443311837894 0.000222713168998774 0.0486820151987256
0 1 0.000529019299011618 0.0380165694247839 0.000625968336243978 0.037643320926079
0 1 0.000862095768860668 0.0972364101166206 0.00122346275707164 0.0951419022518634
1 0 0.00133769933962615 0.0241235512165274 0.000997019837457785 0.0242598132957645
1 1 0.00200622285411857 0.151518304536422 0.000727275193768938 0.151430829553254
1 1 0.000607657517722308 0.0305244665574015 0.000322017470484686 0.0297873137158114
0 0 0.00122931440301472 0.0821788292450596 0.0012588703582336 0.0829956803533364
0 0 0.00176610288665583 0.0699323065069898 0.00194095053768634 0.0703348037070274
1 1 0.00165634154337694 0.0419053954235592 0.00150252414103841 0.0419022426943801
0 0 0.000385939776906558 0.044653428367791 0.000475017124366052 0.0456829029284011
0 1 0.000312656202788014 0.0484077244609775 0.000712785460244184 0.047599409635952
1 0 0.000213592800670855 0.0193072490506335 6.85511992536217e-05 0.0194966014567322
1 0 0.000666661243481253 0.0234165192268931 0.000582825670100309 0.0239253288375109
1 0 0.00162692054684756 0.0721124490165029 0.000633958076810099 0.0722691263092459
0 0 0.000462256056673392 0.0580094791032448 0.000699224760572271 0.0585719443561843
0 0 0.00124650936189702 0.0260963646754667 0.00354091782970455 0.0264696424246771
0 0 0.000947463840939348 0.0539066605081167 0.0011740372306324 0.0541053006110405
1 1 0.000184081902869403 0.0249333144950991 2.3210654227698e-05 0.0238160065530036
1 1 0.00112592452315805 0.100985235868023 0.00101562115894231 0.100699230986633
0 1 0.000662305471098726 0.0296875720862756 0.00103903117905899 0.0286665587539678
0 1 0.000689573846407037 0.0385090955547466 0.00124895639224829 0.0382850037616759
1 1 0.00229767530548224 0.0454070029091482 0.00160193514626681 0.043775424729224
0 1 3.68435435397712e-05 0.0474004895190468 5.54184621312889e-05 0.0463573280173993
1 1 0.000179713557306585 0.0362132234588819 8.87139260673783e-05 0.0354942546856414
0 1 0.000133254551990841 0.0672065428929316 0.000288250613458948 0.0650336842818332
0 0 0.000171304163200812 0.0329972968170939 0.000236237692489369 0.0346102055723501
1 0 4.41024224234367e-05 0.0114795545665741 5.10789441494232e-06 0.0123229273688668
1 1 0.000154559237203277 0.0109487526195738 6.24374878515512e-05 0.0108682456561412
1 0 0.0031230835283922 0.0514216591788578 0.00175504352594758 0.0528775628545404
1 1 0.000444653787400196 0.0829305839802258 0.000342160981436525 0.0824220650934966
1 0 0.00192499215695292 0.0446575345870415 0.00169233811898214 0.0471273131765272
0 0 0.000764333687685573 0.0407933018173683 0.00169057788467319 0.0427533328144002
1 1 0.000737797263748368 0.0160508928420351 0.000702011564979049 0.015493855713153
1 0 0.000646392160149738 0.0466891275206368 0.000463624477387297 0.0477149282287078
1 0 0.000176358067406922 0.00891096635886904 0.00012074964885032 0.00972249581319655
1 0 0.000241578851895906 0.016291273133059 3.86329059063104e-05 0.0167101794825229
1 1 0.00153906820446677 0.0201638796420632 0.000893872485175213 0.0194590494543166
1 1 0.00412392798388602 0.0575299070048382 0.00261669169169372 0.0570104828216949
0 0 0.000132149464842749 0.0271683215108784 0.000198722987717023 0.028880559415316
1 1 0.00056950558602954 0.0409740646761519 0.000409762752792498 0.038708101529519
0 0 0.00092942545377868 0.0482790792760983 0.000949554399069249 0.0488654888307773
1 1 0.000581250168844124 0.0765088060415322 0.000320319513724387 0.0743028983983688
1 0 0.00047486383569188 0.0227655248402877 0.000379446887985702 0.0245838666108061
0 0 0.000527337164004844 0.0268691166615304 0.00121887662491981 0.0276086768454226
1 0 0.00201836512584236 0.0443519065356776 0.00167929118251224 0.0448016143280718
1 1 0.000767307817377795 0.072180194452862 0.000672007249758201 0.0664354175178994
0 0 0.000539978374756521 0.0175406702622888 0.000548894923078742 0.0178407672307224
1 0 0.00303690907420157 0.0619761024032445 0.00302708845605218 0.0633267782411323
1 0 0.000964449678257302 0.0197757123889474 0.000290858933632806 0.0210842970992332
1 1 0.000232426004120784 0.0776313988613067 0.0002273404805471 0.0726028387078399
0 1 4.75542924042396e-05 0.0280150473737587 8.37339936977322e-05 0.0273850769819888
0 1 0.00114269688699886 0.0167943735469853 0.00184736905013921 0.015799428869887
1 1 0.00877343274645516 0.170629773504896 0.00657476070027396 0.165244318628082
0 1 8.0487666818339e-05 0.0455088741502375 0.000222738517690835 0.0435318653455071
1 0 0.00100543405448363 0.0324233511979602 0.0005925702970943 0.0345251385457145
1 1 0.000391304204813013 0.0288096199782471 0.000280178497466813 0.0287505225744175
0 0 0.000453157689189811 0.0776064424764254 0.000502047426298761 0.081025020763794
1 1 0.0013394120199439 0.0389503833383665 0.00103963995327822 0.0389297364827225
0 1 0.00132589253878896 0.0550424890988004 0.00141481622048613 0.052454643625437
0 0 0.00129300866107936 0.0523818662298296 0.00133344158250581 0.0536928838346204
1 0 0.000529903317634212 0.0114067985774123 0.000260955922216469 0.0114916732001608
1 1 0.00290699398379143 0.0703916270718911 0.00161104863525856 0.0683707943396935
0 0 0.00107106125481656 0.043209003456746 0.00136661124136018 0.0437287701004259
0 0 0.0035998201835613 0.0694962751606495 0.00415518726387123 0.069779261215095
0 1 0.000263708846530276 0.0263037848079103 0.000319224864408743 0.0245206742013213
0 1 0.00155638610720012 0.0592804352269432 0.00159378189923061 0.0571894513418579
0 1 0.000433877562279047 0.0420838653116113 0.000905380199107541 0.0407457875667964
0 0 0.00286054851211088 0.0761190193397332 0.00395519139174703 0.0772019267020535
1 1 0.00113462923380253 0.0538261636096084 0.00100730275872695 0.0537436886183531
1 0 0.000808136389455181 0.065547516821052 0.000634202265767219 0.0678587939059988
1 1 9.1367212174727e-05 0.0216941438750834 2.36167306770729e-05 0.0214547969201008
1 1 0.000243575329840313 0.0905443052050843 0.000191633348402029 0.0880460948989168
1 1 0.00072171207769116 0.0279068995503221 0.000437510843451495 0.0277963305155332
0 0 0.000358959150077668 0.0659279361226048 0.000517090391165732 0.0663533280004397
1 1 0.00128357077625531 0.0341490322088697 0.000595449051271876 0.0333389401965567
1 0 0.00109057007932425 0.0353936511592658 0.000679870575774942 0.0354475558517151
1 1 0.000819202820539034 0.0275403616883581 0.000227956722720678 0.0272603339347727
1 0 0.00197603448771741 0.0643473093542077 0.000479619804741313 0.0654222654721834
1 1 0.00961752842086713 0.051598115234586 0.0070734491414131 0.0493692748054627
1 1 0.000599074018688409 0.0154777811373822 0.00020546756164405 0.0153751340869011
0 1 0.000102797146092217 0.0429175109216942 0.000299785154773544 0.0419543558170419
1 0 0.00268037661786296 0.0647095760033951 0.000760583108390522 0.067925016850425
0 0 0.000391068516500141 0.0490907947608843 0.000511291914465422 0.0493154297072049
1 0 0.000424976545643307 0.0213976353265596 4.93527788150467e-05 0.0218330144010597
1 0 0.00446620066635998 0.0483250587605193 0.00219913620794471 0.0492957888127174
1 1 0.0013287212721435 0.0547247427956743 0.000830681336154912 0.0544499485933229
1 0 0.000810499742622083 0.0550955671964807 0.000731770520910078 0.0551889592981675
0 0 0.000440626334203796 0.047916588571147 0.000723814149146636 0.0479401481545778
0 1 0.000517783880850911 0.0173671208220431 0.00109963054281829 0.0156140081502374
1 1 0.00244239607198795 0.0381226428416256 0.00175481001533831 0.0369550463683177
0 0 0.000164604984786577 0.0254598630733565 0.000230065802265241 0.0255705763595948
0 1 0.000236751517403361 0.00845973526482784 0.000262273070227915 0.00805416773011929
0 0 0.000842826423808838 0.0487804588608396 0.00162804073779708 0.0490151063170935
0 0 7.31091110109811e-05 0.0105420773694896 0.000120327453283892 0.0106336933036418
1 0 0.000591284083264751 0.0415617168744325 0.000561976720944417 0.0467471477893776
0 0 0.000925142394288706 0.0191500962670347 0.00200886987745874 0.0206094101476543
1 0 0.000218299276106093 0.0318643631015353 0.00020687517875481 0.0324780218843307
1 0 0.00232138642520618 0.0699921113051054 0.00174770351350562 0.0705758321162673
1 1 0.00104065486303026 0.0300045770516535 0.000806782301278033 0.0292397349570208
1 1 0.000377732188490286 0.0184004525205882 0.000248295130496631 0.0178970895322085
1 1 0.000321402362448246 0.0303218072936712 0.00019309779909613 0.0288590458735204
1 1 0.000489469171402458 0.0707997483392177 0.000449083911520199 0.0691519882589927
1 1 0.000529088979574348 0.0374089282895847 0.000323198700426584 0.0354294527090303
1 0 0.000234565318016301 0.0441838684594291 0.000160243618502047 0.0447119682728407
0 0 0.000178952813682458 0.0634406549655322 0.00026909180379566 0.0652127395069803
1 0 0.000827924566469501 0.0502664853204133 0.000485084423685685 0.0506596051031229
1 0 0.000178682052795528 0.00956881897623741 0.00012524719168741 0.00973418726856577
1 0 0.00576987956923391 0.0438132648406637 0.00252262453193456 0.0461869253760755
1 0 0.00188283622919066 0.142268790969132 0.00127380917509864 0.143167531241709
1 1 0.00258918405005773 0.0655972441074008 0.00243158311627799 0.0647901297238162
1 0 0.00123829001926054 0.0564258755022676 0.00116901753201097 0.0565104318478295
1 1 0.000508934347917598 0.0191945248696228 0.000397525969014924 0.0190681793897995
1 0 0.00103887540958786 0.0574944366611065 0.000978081748949708 0.0579328579520629
1 0 0.000492716551692959 0.040999213263368 0.000276863609895126 0.0410924329866344
0 0 0.000516524350254483 0.0401425787417933 0.000551890534512166 0.0409190139019138
1 1 0.00101249969513404 0.0807430383524739 0.000766066364412265 0.0799485517631726
1 1 0.000620575760515285 0.0434582120849675 0.000600223797051514 0.0412804829328208
0 1 0.00155809668014937 0.0635504013916849 0.00220865245585969 0.0607486709660111
0 0 0.000202554437801876 0.0651947026069842 0.000757225939028363 0.0652139097497451
1 1 0.00120505175258791 0.046648373280713 0.00111367172896123 0.04581758041908
1 1 0.000326554876951002 0.0296092368766027 0.000303745187967826 0.0289279263001268
1 0 0.000914195603555722 0.110867075115646 0.000884448796058347 0.113040743129165
0 0 0.00397006815287087 0.0917079593148919 0.00563249847618946 0.0924319824341037
1 0 0.00210787783273277 0.0543478394850625 0.00170039657589198 0.0557154662871088
0 1 0.000223910788138164 0.0164482640379811 0.00027235461077728 0.0159946008670221
1 0 0.00281924635826213 0.0820982780800554 0.00197634579332436 0.0857614679103083
1 1 0.00134059902023815 0.0214593091993359 0.000703984852007629 0.0197785172523207
0 0 0.000207193004878831 0.0257506060200017 0.000977333163752388 0.0275311575232503
1 0 0.000881304377116785 0.0257378043519195 0.000702151967172836 0.0297476938544582
1 1 0.000173365215866378 0.0253148246831744 8.96822217683837e-05 0.0249436569727407
0 1 0.00039578032233649 0.0184383210544091 0.00050963447582971 0.018391838213164
0 0 0.000213244879482504 0.0833828990073162 0.000285765218296188 0.0854577049690601
1 0 0.00135691350438862 0.0522349238190549 0.00122625581994823 0.0534952355298908
1 0 0.0025019176731027 0.0496203398586626 0.00202387867777015 0.0529327990494031
0 0 0.000383553742888278 0.0277606791262936 0.000522520419227033 0.028210243699529
0 0 0.000368903382009167 0.0274254040516366 0.000822561100966807 0.0275529565225332
0 1 0.000102012149553588 0.131790840213746 0.00027232763556911 0.13121311816009
0 0 0.000871031240196411 0.0280144965917524 0.00110464766120969 0.0280580417397159
1 0 0.00133256599236335 0.0348573714355569 0.00130879940623484 0.0352668047442559
1 0 0.00135521359246129 0.0364029581720414 0.00129815068328302 0.0366693918053097
1 0 0.000256364323121186 0.0128011355094745 8.96271774273419e-05 0.0133974815362021
1 0 0.00122614524400134 0.0562634914772756 0.00115027685388247 0.0563761150872012
1 1 0.000161195512580484 0.011518149625141 2.1576527335464e-05 0.0106157863847904
1 1 0.000308567516750618 0.0188842552918311 0.00021420792690702 0.0180167115481595
1 1 0.00196399000974773 0.0307919585332192 0.0015448042754984 0.0291050781576828
0 0 0.000137999267640782 0.0155416039592228 0.000198252326954494 0.0168534736942727
0 1 0.000973245039936169 0.0645582703333881 0.00113486690780517 0.0629887191011426
1 0 0.000191725517896723 0.0280769211612948 7.11101031379899e-05 0.0281138810403116
1 1 0.000387715538045557 0.0267216287356281 0.000169313392262743 0.0265390566210624
1 0 0.00057274734014944 0.0271082049399131 0.000328782842652998 0.027387692213754
0 1 0.000124510063878176 0.0434228202741539 0.000261120179551837 0.0424875604289991
1 0 0.000589590453374928 0.0428082308400073 0.000515783200923799 0.0429117858618066
0 0 0.00179853954484756 0.0429535619284056 0.00301715239703309 0.0443221067744669
1 0 0.000643020087408764 0.0736364791997822 0.000218677441502005 0.0760352612667083
0 1 2.83298583888498e-05 0.0518464801491347 0.000138342424695097 0.0502845229973319
0 0 0.000629105993952284 0.0136656242344325 0.00088562899993219 0.0137137554863579
0 1 2.44628680942677e-05 0.0194873705394419 0.000150811124472359 0.019433027134703
1 0 0.000854289625392881 0.0488961444207893 0.000120717758734406 0.0495185046823265
1 0 0.000790955757339216 0.0275283113583112 0.000589506351663008 0.0278235955380936
1 0 0.000623987475379101 0.0269412806166349 0.000268303918579833 0.0277287655923771
1 1 0.00587531331348033 0.118320977288439 0.00502201831734234 0.110168568043479
0 0 0.00015989094552644 0.0848485055103841 0.000412532289442523 0.0859759348531438
0 1 0.000308900137094083 0.0484937285345323 0.000637148038123706 0.0483587046982971
0 0 0.000548733222499319 0.0220931166468946 0.00123770954371363 0.0223678678800821
1 1 0.000572162020545751 0.0473584771329431 0.000524665715935789 0.0463813863387482
0 0 3.7547907668234e-05 0.0363632977566641 0.000143764686366151 0.0364662994667946
1 1 0.000337917115586759 0.0284204625893031 0.000299399385390271 0.0279243303654887
0 0 0.000760627968730084 0.0279710164235053 0.00080861995955454 0.0286256311997914
1 1 0.00186930807543616 0.0411460762449362 0.00163904573380467 0.0405169683216121
1 0 0.0037027901103865 0.0547063753127697 0.00280321173865366 0.056836770712707
0 1 0.000199869660015152 0.0565590431030375 0.000337478169467698 0.0561138730244077
0 1 0.000907681323591721 0.058392448992214 0.000968119269057804 0.0571246588896797
1 0 0.00147129004620656 0.0423244549336632 0.000546693327576949 0.0435383820916284
1 0 0.00214941967534205 0.0422176592756197 0.00166213536531332 0.0424994077028804
1 1 0.000572340228822106 0.0715382239339703 0.000450460234039443 0.0713227738371831
1 1 0.00125040148014496 0.0537332451630888 0.0012008761088682 0.0497046784304555
0 0 6.58423886087744e-05 0.0145717509860686 9.01134534442064e-05 0.0162520068222953
1 1 0.00104427368031153 0.0824745978304547 0.000445016262181997 0.0800846070740509
0 1 0.0014441299397991 0.0587136284241354 0.00196680323239457 0.0567524317846665
1 1 0.000455006157333479 0.033598409751592 0.000260170942621207 0.033030622558475
0 1 0.000478345895868726 0.0452812329052212 0.00124583957471467 0.0443716301132231
0 0 0.00231447224149932 0.0430270163631746 0.00233579331960148 0.0444570040169446
1 1 0.00137523742376091 0.10112349793113 0.00134809172208501 0.0977688522606209
0 1 0.00033969463317531 0.0538289341313808 0.000533263882854479 0.053607605440896
1 0 0.00373410182013989 0.0377996765407296 0.00308305346217589 0.0393432961934511
0 0 0.000331547387060887 0.0675194831031184 0.000765993248617186 0.0701172677212958
1 0 0.00124526328579443 0.0426907528466424 0.00112489577402695 0.0434505237291442
1 0 0.00166627078935767 0.0103939797364082 0.00101049132174518 0.0111805317367189
1 1 0.000368994681897735 0.0275387519571454 0.000338148284674712 0.0269139323640155
1 0 0.000234530702615999 0.0278165337020262 0.000219876837929189 0.0278357297267675
0 0 0.00184860389222099 0.174429847958809 0.00230250156609224 0.178602347196152
0 0 0.00040194558456587 0.0243937563551793 0.00045786787967659 0.0249961543751304
1 1 9.53774454037659e-05 0.0380432788360893 8.02573776435593e-05 0.0379505470225345
0 0 6.75361694734528e-05 0.0622438082825051 0.000102680827990425 0.0642387582312994
0 0 7.01523301743352e-05 0.0649977934779278 0.000352341495339814 0.0671380384147584
0 1 0.000240234912747217 0.0547687108314078 0.000305186525724234 0.0542885502633797
1 0 0.000829534947977031 0.0346964566776235 0.000425982902973643 0.0354549091102622
1 0 0.000529976038780854 0.0104674055232851 0.000256255168211301 0.0115826278859587
1 1 0.00023638909805615 0.0521296891936332 0.000173046826910918 0.0474421361904565
0 0 0.000934018002269897 0.033780432719035 0.00105275855654889 0.0381539571927962
1 0 0.000257159363220011 0.0156211620068056 0.000177731364443983 0.0158117883641355
1 1 0.00118243774889571 0.0746995117535629 0.000647909439236675 0.0716367375685965
0 1 0.00172594786000479 0.038806353496668 0.00253429980100804 0.0387931414198988
1 1 0.000119141151013123 0.0195560903734771 0.000107582808663327 0.0182309385963425
1 0 0.00126688213787478 0.0676100812596891 0.00122099617715614 0.0690177857142234
0 0 0.00178386542287884 0.0759009809128983 0.00231057977077648 0.0759754154082111
1 1 0.00190150702815816 0.0312275640027552 0.000902647891581152 0.0292193138591433
1 0 0.000112956106860063 0.0323285055612566 0.000101895430564816 0.0331183187357755
1 1 8.84670456972373e-05 0.05769817504461 1.50226412508155e-05 0.0569859865633957
0 1 4.05079184752202e-05 0.0202444832629541 0.000104677957103544 0.0197416356831154
1 1 0.000179026139530632 0.0314336151482509 0.00015394827588318 0.0311672592460843
0 1 0.000184995442322351 0.0428602095585375 0.000579561417273509 0.0426537790092648
1 1 0.00147138514644505 0.107870958278586 0.00114483520731985 0.104918725503073
0 1 0.000130949132644502 0.0193894437585764 0.000165870929138755 0.0178270142734244
0 1 0.00181653880705415 0.135118398016437 0.00194836179074934 0.131400875291567
0 0 0.00120413443845314 0.0564646387950106 0.00130071229275817 0.0577133897189511
1 0 0.000671670666644813 0.0441119926566036 0.000388939150899183 0.0452513502885124
0 0 0.000549783135307412 0.0237803575514244 0.000655259683469449 0.0242272274567858
0 0 0.000313545889253898 0.0361410034415437 0.000327050158679836 0.0378065377442905
1 0 0.000345391160955206 0.0218300619498654 0.00019662247745561 0.0226105436359487
1 1 0.00160217110612142 0.0538989945027319 0.00129097159392865 0.052763757883848
1 1 0.00252789884803752 0.0326313741012199 0.00244695576350883 0.0306163894747128
1 1 0.00229087302277067 0.0325746128316771 0.00109370800526549 0.0317227115855038
0 0 0.00375897961770318 0.0368924421248407 0.00401312371205815 0.037396527193057
0 0 0.000622380711079894 0.052689415921869 0.000730073400710996 0.0537476163530568
1 0 0.000734478365660274 0.0393165594745562 0.00063330225716101 0.041751239732359
0 1 0.000153441063992058 0.0421101737899955 0.000320566042036331 0.0400854149482117
1 1 0.000458424738546884 0.0705401227468107 0.00024963180123138 0.0695035778871812
0 0 0.000845787977797569 0.0220520688754615 0.00120409119669582 0.0226336380436302
1 0 0.000675127935030388 0.0187454692232561 0.000569638353808409 0.0188990964149834
1 1 0.00117708278820381 0.0161377491480057 0.000108327887043911 0.0159655495117492
1 1 0.000133598892801716 0.0203484302119141 0.000113548732629273 0.0189789474637372
0 1 0.0001293904752045 0.0199905648916272 0.000134903118926202 0.019923498665996
1 1 0.000468883811326313 0.0581082913084694 0.000305101470485986 0.0577959220052415
1 0 0.000693638244398354 0.0404316828373385 0.000484395181949791 0.0419966937444247
1 1 0.00111861777430352 0.0395571684857196 0.000519156200678313 0.0376900482218336
0 1 9.93065472449732e-05 0.045190364059424 0.000159337618965228 0.0444204873435718
1 1 0.000880898172830533 0.0616450766903157 0.000301350442747855 0.0576616720560012
0 1 0.00156726911262241 0.0373393487549997 0.00165005870776535 0.0361448524935798
0 0 0.000405099478650263 0.0411250405478855 0.000708117630849958 0.0428405190951186
0 0 9.89525214003825e-05 0.0344247417215272 0.000101499639068123 0.0351631182727133
1 1 0.00227847174938555 0.0724720642154969 0.00168943012091743 0.0689364414201783
1 0 0.000869297645993002 0.0549975051201219 0.000755547386845273 0.0565163114444704
1 1 0.000763696625333912 0.0661766728710734 0.000243248561225143 0.0661706056355671
1 1 0.00019108077752854 0.0158666447088928 0.000117634918667591 0.0158461953605598
0 1 0.000962300148265567 0.0147877194221961 0.00106369994390259 0.0142443614162999
1 1 5.20971296538284e-05 0.0140586078767529 3.50125269063704e-05 0.0133142182064363
1 1 0.000219407851159783 0.023735522858504 5.81743608764242e-05 0.0235563930730451
0 1 9.51855600867169e-05 0.00878154010791341 0.000123875030223758 0.00798056441215101
1 1 0.0039961951000968 0.0711747910497919 0.00326941002877866 0.0699494995221299
0 1 0.00101007864974099 0.035204092523248 0.00115079909039201 0.0335647178374265
1 1 0.00105571504434294 0.0249606284876432 0.000816266119339357 0.0247123832167735
0 1 4.7120372005725e-05 0.0394392247159504 8.93605267325341e-05 0.0388649426968545
0 0 0.000242469738167993 0.0277688803739663 0.000330646764216211 0.0285419585828594
0 1 0.00128897591094571 0.0295938052809231 0.00166191553102217 0.0291565936402484
1 1 0.00017247330729886 0.0204217083009321 4.85511588636638e-05 0.0200028281854709
1 0 0.00130922224937492 0.051512930906086 0.000884072365179371 0.0543077871767966
1 1 0.000684850825004103 0.0565979429422919 0.000511487196811698 0.0537602448748707
1 1 0.000397133908989658 0.0490426657590776 0.000371372527847138 0.0486662197960343
0 0 0.00258512118363132 0.0955390567803872 0.00381297972343911 0.095909156177143
0 1 0.000262874676925045 0.0203370495780927 0.000712222482288486 0.0199773675005385
1 1 0.00142168141873076 0.0148147796116762 0.000685056073352842 0.0139648187039316
0 1 0.000343201528773057 0.0605251235245542 0.000519471801249997 0.0574932687513232
1 1 0.00169038573872494 0.0588713044356249 0.000990766495788804 0.0579744742130955
0 1 0.00015524035029049 0.0340965135736442 0.000213319945179744 0.0338069532068094
1 0 0.000599600825965257 0.0475345954680914 0.000573106037090198 0.0489644603420165
1 0 0.000235154933798986 0.0280024543292574 5.83461071961418e-05 0.0291856862726504
1 0 0.00398524107792368 0.0218287938658185 0.00232141215100345 0.0224967228868964
1 1 0.000831502336825755 0.0916831244411973 0.000580561478895993 0.0903236368390009
0 0 0.0008759837086204 0.0647302977386918 0.00113545478791182 0.065033159005956
0 1 0.000133343207292117 0.0162921204480253 0.000534894608671569 0.0156205077116731
1 0 0.00082432963235557 0.0278703973141401 0.000381264905491697 0.028186695811613
1 0 0.000677951224236262 0.0301519062650004 0.000353257888645698 0.0323611520946004
1 1 0.0026029158691585 0.0391504418677452 0.0016017540706106 0.0390131204017058
0 1 0.00164171749908289 0.0379831254109107 0.00261522522840938 0.0367762556856022
1 1 0.000739386746912322 0.033252007931627 0.0004438236782334 0.0309254072941512
1 1 0.00198939322062268 0.0406316096282075 0.00161303443710431 0.0405294641067941
1 1 0.00286768903246427 0.0235585952991735 0.000885993136664214 0.0219971256367928
1 1 0.000751176944582678 0.0365768590571035 0.00046370605725722 0.0361295170622402
1 0 0.00204960135306756 0.0686564062467599 0.00190266611573087 0.070675002798751
1 0 0.000901210724147065 0.0465259797147303 0.0005264139855881 0.0468464210650495
1 0 0.000900701833343346 0.0129619801941709 0.000341028094186499 0.0143456459184675
1 1 0.000878616976622619 0.0407174446689379 0.000689366377073031 0.0377993237173982
1 1 0.000136383125147289 0.0184269211945817 3.42134385298629e-05 0.017956293462048
0 1 0.000585185333771229 0.0812116382862915 0.000753759692551642 0.080132998984847
0 1 0.00159114257599943 0.0703240649936796 0.00204613226683856 0.0688003514508357
1 1 0.000242152227962257 0.0478653526693477 0.000202012380627063 0.0464834259448803
1 0 0.00421481328183571 0.0634935938369687 0.00335591464771675 0.0645681790609446
1 1 0.000887032147876271 0.107002027031374 0.000627147741584869 0.101824402682845
1 1 3.01667711614201e-05 0.0562251622935664 2.15263027948973e-05 0.0562127589732567
1 1 0.000990042004164756 0.0527674851191637 0.00072959878311496 0.0524513669219457
1 1 0.000111975526324748 0.00673783154890264 6.54482911275865e-05 0.00581044078466083
0 1 0.000395717285457548 0.0396652753750429 0.000428988239237826 0.0378482799318648
1 1 0.0011400955716469 0.0374323249758974 0.00105025408891938 0.0357676982409883
0 1 0.00017250922626493 0.0449437028145365 0.000432631209822449 0.0445116050498056
1 0 0.000224543820627758 0.028137180215458 0.00018166162690215 0.0283582719792032
0 1 0.00182106059651636 0.0680184196695587 0.00184613842217286 0.0670463370946927
0 0 0.000874477898261717 0.035737606305544 0.00090629326549442 0.0361936762022203
0 0 0.00084706087718518 0.0468817342713143 0.000860401740505702 0.0492331957145253
1 1 0.000930010463638221 0.0334771010180773 0.000701283982426439 0.0328824733639315
1 0 0.000192254727060192 0.0652332939506241 0.000169705331280656 0.065507999012572
0 1 0.000130198636111094 0.0386856134316305 0.000325212955473295 0.0386318111844403
0 1 0.000274372948464112 0.0541360264869386 0.000364706604049612 0.0512520685645469
0 1 0.000656117757145451 0.0336294790855844 0.0010150314293107 0.03164882139087
1 0 0.000505311133114632 0.0337162687731364 0.000314589113729115 0.0341940346248538
1 1 0.000433540747264244 0.0661304026730273 0.000143372902056236 0.0650996696042891
0 1 0.000838690821679658 0.0498669644726479 0.00105817349398842 0.0491374002468703
1 0 0.00169200689717191 0.0146373874105436 0.00106994243405242 0.0154759184820958
1 0 0.000325797021794126 0.0404995901870938 0.000173080978712974 0.0406323592413966
1 0 0.000251158432703804 0.033592467777164 0.000225263596486389 0.0345806242807545
1 0 0.000275933277034915 0.0214162119384727 0.000241538156264338 0.0223591561938907
1 1 0.00157952736349196 0.13368762144717 0.000691311831142443 0.132222658039572
1 0 0.000503001898792923 0.0546972520740861 0.000319941173877698 0.0549808064878416
1 0 0.00222680099341266 0.0866957169456898 0.00185803592163963 0.0870514504098431
1 1 0.000355480484413033 0.0822950870313675 0.000229143185263182 0.0810161471661245
1 1 0.000881882717370931 0.0279841444535388 0.000726962938195669 0.0275949188086911
0 1 2.68459339288465e-05 0.0213148819852248 0.000115562391277295 0.0212660050144342
1 1 0.00292752616130047 0.0455425429424901 0.00260726025699634 0.04524206084166
1 1 0.000552106988491241 0.0655262971580177 0.000354245838330802 0.0649910451696674
1 1 0.00154637617562826 0.0559756888394693 0.00138350598407094 0.0555710516603485
1 0 0.00108465960705558 0.035082373797352 0.00107288961745234 0.0358284646952732
1 0 0.00126505072037252 0.0306177849056791 0.00111837033180848 0.031712637840552
1 1 0.000545582548962455 0.0486558415952571 0.00045053864121702 0.0480713324142161
0 0 0.00340455071315971 0.0629484298706172 0.00356592146322268 0.0682404595505237
1 0 0.00200653861660679 0.0464919145056941 0.00157275860374672 0.0496103733443826
0 1 3.28978963462828e-05 0.0352113176134141 5.46374561797716e-05 0.0349602020171506
0 1 0.00105127595980817 0.0777831829563817 0.00133177357692832 0.0773194949894611
0 0 0.000539363126741963 0.0213911094470019 0.000630639478560721 0.022190288206178
1 0 0.000670252804323493 0.0283228574759959 0.000294516085672861 0.0287701423166591
0 0 8.01510864405505e-05 0.0321625102872463 0.000222104859611864 0.0327697356684576
1 0 0.00151552357963729 0.0597399841713688 0.00108341367350961 0.0616001130501002
1 1 0.00246547067855699 0.0479262365211054 0.00205657533626257 0.047176908185682
1 0 0.0025410852111259 0.0643524312129091 0.00233981845209129 0.0660854559339089
1 1 0.000211904831156683 0.0403364629203169 0.000199868015849025 0.0390617369394911
0 0 4.77397043803735e-05 0.00998691116657884 6.53597547046715e-05 0.010842681578166
0 0 0.000457052200843616 0.0453497211183887 0.000934162416103354 0.0460866692056159
1 0 0.00327676032188333 0.0540555356166776 0.00278214525003638 0.0545516965892242
