linear.pvalue quadratic.pvalue linear.boost.stat quadratic.boost.stat linear.true.stat quadratic.true.stat
0 0 0.000594839615540817 0.0444076003878865 0.000617066095025867 0.0448911105891681
0 1 0.000882336040239765 0.0304877580718145 0.000918066862526664 0.0293155454437551
1 0 6.78336050475048e-05 0.0582131341487225 6.72215622118115e-05 0.0608828170307974
1 1 0.000328104999695683 0.0749769160838474 0.000293839315513881 0.0713981866888794
1 1 0.00315378181606567 0.0757260418430256 0.00309454274166734 0.075007396052661
1 0 0.000702460244519748 0.0335450945101026 0.00067471527176588 0.0342424807483247
1 0 0.00295546260802205 0.0622842484264491 0.0028841561989442 0.0633546289733784
1 1 0.000973607750505004 0.0582428764294481 0.00095787746508487 0.0562819564867459
0 1 0.00541377557619986 0.0657179167581584 0.00545723992543195 0.0628900087151834
0 1 0.00276185003020409 0.0566085147447455 0.00285999505440929 0.0541212419046903
1 1 0.00208035886632592 0.0847137236801448 0.00205481596872391 0.0828611454565906
0 0 0.00375692442099954 0.0730468442035214 0.00388190336904999 0.0767851579932276
0 1 0.00262870949333332 0.109124113663609 0.0026355419051519 0.107299975882155
0 0 0.00154321047545733 0.0748557669808858 0.00154692571120679 0.0752317540535833
0 0 0.00398106101549216 0.0883915439777775 0.0040087424904094 0.0913415058666479
1 0 0.00343075032506851 0.0855147132655525 0.00340570460287352 0.0881421521446645
1 0 0.000190537103371254 0.0308614194349789 0.000188988169583073 0.0324625360020452
0 1 0.000920394343729475 0.0462923312462531 0.000930636739972556 0.0459668374042442
0 1 0.000625326340928499 0.0631339711632966 0.000680395950995374 0.0614787006412162
1 0 0.00272196987403017 0.0720199403210135 0.00268345538653384 0.0730909376226115
0 1 0.000725553554021217 0.0553720420631816 0.000748934524536179 0.0530445573616034
0 1 0.00275761960989384 0.0441370091348935 0.00279690651652803 0.0426308983196094
1 0 0.000653536088982987 0.0219621744188497 0.00064869016848475 0.0226067572287011
1 0 3.39219507418211e-05 0.044893020418431 3.20642975758613e-05 0.0449332606588594
1 0 0.0037919056843863 0.070892351565694 0.00378876870495619 0.0720100274935911
0 0 0.000455608277728485 0.0528803051698599 0.000485465427094764 0.0551860673388513
1 0 0.00318119983930958 0.0873923002161726 0.00315901115768517 0.0874470918998694
0 0 0.0019651386338754 0.0362371058737536 0.00201604439599583 0.0371449414322461
0 0 0.00133577740785338 0.0843102929424411 0.00134973265103624 0.0855449062686667
0 0 0.00242246868277807 0.054446030219168 0.00245196685973784 0.0555954927754464
1 1 0.00601073405836581 0.083788354953864 0.00595001788687267 0.0802200538752788
1 1 0.00238982452977738 0.0790333571365932 0.00234632154292785 0.0783999487694342
0 1 0.00128782982937939 0.106943024828042 0.00130416514176243 0.105340373901841
0 0 0.0122996598098753 0.101902250539605 0.0128161923295498 0.104341371564721
0 1 0.00312357306668748 0.0966585448165688 0.00317666796720073 0.0936514615097095
1 0 0.00335663540539929 0.0682606670150049 0.00334068342243882 0.0697589666180865
1 0 0.000919228248646726 0.0448171370854055 0.000839840906598142 0.0463441060835442
1 1 0.002279365999181 0.0268691703710239 0.00225067475698735 0.0267710543122397
0 1 0.00131537520980971 0.0517005657218337 0.00135355525553914 0.0511632978199323
0 1 0.00138681646727833 0.0463267514685367 0.00144031976235783 0.0456003454366315
0 1 0.00118261645222483 0.0439390500266384 0.0011974126678052 0.0428230836228925
1 0 0.000941931681149889 0.0526810886251451 0.000881732492735908 0.0530567845108646
1 0 0.0156031653004161 0.085526675968069 0.015598808715013 0.0881197537499742
0 0 0.00130657548070803 0.0463320365383375 0.00130816242449935 0.0482948926620472
0 0 0.00122070760180324 0.0833236101214819 0.00122893399547241 0.0850354119619994
0 1 0.00230910395591264 0.0484151301086193 0.00232046493194387 0.0476827348164068
0 1 0.000911868513197197 0.0600093758164736 0.000936308696527433 0.0592409825064563
0 0 8.97078027017789e-05 0.0595583376924285 0.000109085662515569 0.0604275145645829
0 1 0.00191886585367741 0.0582140025903246 0.00195674860804941 0.0564377740709834
0 0 0.00856048612655975 0.0589647559643945 0.00898937346971518 0.0589997778895855
1 0 0.00235907386253156 0.0683466571837398 0.0023251823580625 0.0702161550061944
1 1 0.0017437372378178 0.0712242998662042 0.00172870498275388 0.0712008519242822
0 0 0.00125098695339527 0.070852075953835 0.00126003798805686 0.0718885123949576
0 1 0.00107599790568166 0.0339980671181371 0.00109005742541116 0.0334294243517136
1 0 8.01117405110123e-05 0.0430682636461863 7.81763397315231e-05 0.0433848467131224
1 0 0.000906265326039491 0.0460755045277053 0.000890045890134585 0.046163974105454
1 1 0.00268736144768777 0.074843168758437 0.00257768101293823 0.0735672232879768
1 1 0.00272998017090468 0.0622138626794743 0.00270781049512233 0.0587141638419469
1 1 0.000648757129078261 0.109529093992471 0.000562701940215667 0.106134122473941
0 0 0.00136453242434376 0.0614531211091301 0.00139865124839187 0.0640168744254878
0 1 0.00213730493792856 0.0863757313800213 0.00220623694998094 0.0849042354277636
1 1 0.0016366055194104 0.0967022783133049 0.00157777423468513 0.0952778294768175
1 1 0.00117586115276759 0.0745372749099813 0.00113115362144761 0.0737763575424989
0 1 0.00169701245576809 0.0295542756346709 0.00177494387119704 0.0288812051613356
0 0 0.00225724751454297 0.0605570794078401 0.0023232510518676 0.061182550010333
0 0 0.00345009014755508 0.051922814036577 0.00359954457448904 0.0530541079514648
1 0 0.000423514683926715 0.0149615197266434 0.000378820316351326 0.0160645460546534
1 0 0.00314560905010159 0.0592190654398707 0.00307333043914582 0.0606873751881132
1 0 0.000533302613975374 0.047401192258806 0.000509297134224976 0.0477153337187193
1 1 0.00136478725414044 0.0516675064721395 0.00130906536104534 0.0493913661126206
1 0 0.00472239303751293 0.0649394013467737 0.00468569337829684 0.0662341205923998
1 1 0.00102686193646941 0.0202667428880651 0.000980766821754092 0.0177539568927624
1 1 0.000735516238357544 0.0732416785707149 0.000723885434902229 0.0692237817069872
1 1 0.0017853651892631 0.0831338745289892 0.00177559180894572 0.0800291103907418
0 0 0.000891925587260935 0.0259366294360452 0.000904974926439562 0.0269721238587211
1 0 0.00182977977407948 0.0677946704995582 0.00182042191641454 0.0723790195518448
1 0 0.00102818494368291 0.0501672492801712 0.000994985897021268 0.0510339834239264
0 0 0.00257848035135893 0.0701036898292777 0.00258209034177317 0.0705938139931175
1 0 0.000406047212688488 0.0118883355455325 0.000397924560496712 0.0126758465250327
0 1 0.000387129002766194 0.0585101494649412 0.000387356517821775 0.0553125222342244
1 0 0.00125990064152887 0.0743242559967741 0.00124856921017562 0.0745411474376877
0 0 0.000264754359937792 0.0627294405502084 0.000269762161397751 0.0647016864396204
0 1 0.000510317086452997 0.0477531282887664 0.00053398714886811 0.0454880337548564
0 1 0.00229836546778756 0.0747762304354337 0.00233230928601626 0.072977731667949
1 1 0.000767555786355184 0.0326681144532155 0.000763201424745545 0.0326323655517973
0 1 0.000896571133165104 0.0536646086978536 0.000916689269829999 0.0525820745351036
1 0 0.00108065877337272 0.0365051994950748 0.00107478464993443 0.0370317459934236
0 0 0.00549469965205688 0.0931767175804032 0.00561192322875667 0.0959396762439546
0 0 0.00197128476910438 0.0866959974752418 0.00201993900148508 0.087020641147138
0 1 0.00189234010342791 0.0628111807399551 0.00190600928909678 0.0604988142200424
0 1 0.00235164597501283 0.0659337542883756 0.00236367130662082 0.0645152749837018
1 1 0.000544353179234554 0.0792293621077529 0.000534334411763975 0.0781678130101837
1 1 0.000821535306432288 0.0834794385598782 0.000803919382236705 0.0791850161265979
1 1 0.00107554388548722 0.0652808365274612 0.00106210800366525 0.0650258364033011
0 1 0.00191430486026542 0.0962022584484131 0.00192241539485308 0.0932497676449195
1 1 0.00111100976987396 0.0572335301901159 0.00108294426775543 0.0534119385332388
1 1 0.000696458296228208 0.0514217333852894 0.000682903902484893 0.0507218150904409
0 1 0.00198771344992085 0.0660399834884386 0.00209676759140879 0.0633230208768352
1 1 0.00154681847797795 0.0269789051379967 0.00150912317354242 0.0266330362439017
1 1 0.000952285027557118 0.0449978442533153 0.000915420589430956 0.0429134810645613
1 0 0.000749224840059388 0.0356021324675936 0.00072260073022479 0.0386324980373023
0 0 0.000581712101013935 0.0439196290050795 0.000635559217837071 0.0444727064690434
1 1 0.00134634224067279 0.0648826495271356 0.00134116158728615 0.0618431428583342
0 0 0.00157778285401453 0.0597454157544217 0.00163551732095418 0.0626464422119813
0 1 0.000635040130790531 0.0535095054278664 0.000659528351622491 0.0521832464482933
1 1 0.00116412849336732 0.0171408205873379 0.00113837824467996 0.0162114518564419
0 1 0.000213404647342904 0.0836636959367759 0.000272796199334352 0.0800129545511012
0 1 0.000339157888132392 0.0503437890227859 0.000339167667293302 0.0499260995110589
1 1 0.00161973969458941 0.0378698431818822 0.00156313285194247 0.0357362579917553
1 0 0.0041132659920325 0.045095489935581 0.00407213950205357 0.0476038552651697
0 0 0.000662889136541282 0.0724934454641037 0.00068055527766378 0.0729154622941057
0 0 0.000668143325856778 0.0436998867980978 0.000673089625634242 0.0442714104355236
0 1 0.000434327431909874 0.0848596934294701 0.000486441696216192 0.0842762464808977
1 0 0.00148422263167599 0.0458811880036112 0.00143234846455959 0.0462151533523283
1 1 0.000490151126962662 0.023746529698444 0.000453003518361593 0.0233264760012075
1 1 0.00105151950599554 0.0554446333219706 0.00101399760810962 0.0536236481139949
0 1 0.00239450605757567 0.0441495203266141 0.00247048136837376 0.0441290623503997
1 1 0.000960181814564482 0.0587750383433953 0.000945476946803211 0.0560852380608936
0 0 0.00125588923680774 0.0593806843555518 0.00134540849230985 0.0625641059608561
0 1 0.00245549890839382 0.06794086543051 0.00264135836224159 0.0665583931971981
0 0 0.0048110261295922 0.0653502799858102 0.00484920478112914 0.0665384582943266
1 0 0.00206131624430818 0.0811461823338125 0.00202155367041666 0.0814562934297347
1 0 0.000721082645033763 0.0461276100965608 0.000715542382070405 0.0477517772350936
0 0 0.000986088268325484 0.0560905081303753 0.000997285036276967 0.056142111418503
1 1 0.00154533796247598 0.100210319047601 0.00144604584704059 0.0950513753797828
1 0 0.00135239006662044 0.0542615519372133 0.00131667098283855 0.0558211191487786
1 1 0.00284322072869454 0.116007602966354 0.00283825465794683 0.113921934961391
1 1 0.00116171973945486 0.043338298484093 0.00114188998250557 0.0433041638409816
0 0 0.00173798949624753 0.0509358789548519 0.00179415700020322 0.0533497555917729
0 1 0.000807746878948695 0.0451763305282349 0.000840080670122736 0.045154507804768
0 0 0.00130056905438653 0.0353476679361683 0.00130321790012828 0.0360604498052342
1 0 0.00193986698983249 0.0357428192901364 0.00190236315940888 0.0373812468044417
1 1 0.00328972758393511 0.0979298695847388 0.00322145359619944 0.0955952104241236
0 0 0.000743779831816335 0.0445096373139678 0.000799137508966743 0.0457086074863439
1 0 0.000770358886788715 0.0189556149310094 0.00076383610591511 0.0194304576301615
0 1 0.00240581052584243 0.0507831869352866 0.00248281765762691 0.0492515944252471
1 1 0.00131315085643622 0.0416175630075341 0.00129573458803515 0.0402541050925731
1 1 0.00187782202720502 0.0300557612935331 0.00172668003768566 0.0300113653217515
1 1 0.0041720869857352 0.061710894668794 0.00415631962700466 0.0609325367068713
1 1 0.00288471043258919 0.0650442939217364 0.00277742527163869 0.0648228596360009
0 0 0.00420631523257453 0.0577721779152724 0.00426827518903582 0.0592618950033281
1 0 0.00406716617337008 0.0778400195292208 0.00389188085751389 0.0781538798066343
0 0 0.00316270570137967 0.0743953237936117 0.00318127146823057 0.0755043072328405
1 1 0.00302941480096386 0.067607789179472 0.00299894864337049 0.0663110668696535
1 1 0.000517180864582633 0.0630915918658509 0.000444596878299686 0.0625944603580895
0 1 0.00107569460961043 0.0757776029036147 0.0010914842822538 0.0755048839609517
1 1 0.00114910146573967 0.101036872775114 0.00111197662289941 0.0991368959085708
0 0 0.000511786794267523 0.0635234404167543 0.000516506142699184 0.0644376177795441
0 1 0.000653230111406962 0.0590861257722076 0.000677087817312559 0.05825571575115
0 0 0.00172786000879493 0.0490335146178707 0.00178154305906356 0.0510712634026656
0 1 0.000938064364116011 0.0492008518089087 0.000987880566815651 0.0480408189981678
0 0 0.000639672444496166 0.0456713818041199 0.000644858799834278 0.0459035949065891
0 1 0.00504096806655091 0.0742830346352426 0.00507595125736626 0.0728374119858835
0 1 9.12543992106098e-05 0.0243285515859933 9.24508662318939e-05 0.0241323875998385
1 1 0.00204070716152121 0.0682669704353179 0.00203555581961919 0.0679975317612289
0 0 0.00169651781161048 0.068020643005719 0.00171804072224297 0.0693111938452085
0 0 0.000293161220316136 0.0567667959953955 0.000306514758050384 0.0571608615930145
0 0 0.00261385274231822 0.069181572620229 0.0026167398068521 0.0696560223632965
1 0 0.000482899523441883 0.0402086166801299 0.000471927521697304 0.0419242303786991
1 1 0.000110561379103782 0.0100208178758931 9.70155711052131e-05 0.00984769599966969
0 0 0.0030549099656822 0.0284474552545517 0.00318157580417632 0.0322148677507557
1 1 0.00297444832516785 0.0958194935039364 0.00296954310680956 0.0942705445986017
0 1 0.000429050188935566 0.0156889596399839 0.000444199425006869 0.0154311733466794
0 1 0.00172197277972361 0.0489323209216861 0.00181636220236617 0.0479245182581439
1 0 0.00345521681617468 0.0755749835656862 0.00340998754809315 0.0762812755114137
1 1 0.00155493967589637 0.0785146817935166 0.001547018258633 0.0751371390641068
1 0 0.00409297327292882 0.044475302062947 0.00401663639121129 0.0471163880843155
0 0 0.000725977156214721 0.0299645362211512 0.000805217542206824 0.0302136513279529
1 0 0.00821544838431051 0.0616890427160628 0.00793101118808379 0.0624340053348567
0 0 0.00078739942123272 0.0735548743015476 0.000805867146584856 0.0769955457126323
1 1 0.000456151455032772 0.0432929451565561 0.000446154308429736 0.0427162131579599
1 0 0.00123861745499588 0.0606714983261458 0.00118196330416528 0.0614971739469782
0 0 0.00224868674311189 0.077289484465772 0.00227690109320946 0.077708050875325
0 1 0.000204019003382966 0.0298396107974048 0.00022343651150975 0.028130604377979
1 0 0.000470296089423638 0.0581161844175197 0.000459866890830618 0.0597976352689774
0 1 0.00173418518881057 0.0307832038366044 0.00178489333969491 0.0296929399380575
0 1 0.00133990920334164 0.101355738564377 0.00140562797518441 0.100710842495813
1 0 0.00174306314562216 0.063696668493887 0.0016870264515894 0.0642001128130592
1 0 0.00103333770058325 0.0710147522583609 0.00102127454548109 0.0717797967636662
1 0 0.000232244522535571 0.0207954213249893 0.000228008464187793 0.0210152740332655
0 0 0.00285262206540347 0.0847288274662397 0.0029370364752717 0.0859383187382518
1 1 0.00265732524234299 0.0612945684704918 0.00264001871014875 0.0609044546509182
1 0 0.00153347840676215 0.0553267404244701 0.00147853404807941 0.056106983551129
1 0 0.00198357035434337 0.066251666435399 0.00196651766063473 0.0686635280260516
1 0 0.00194916861531941 0.0534847359503057 0.0019366311461483 0.0555892639532093
1 0 8.91558800649587e-05 0.0513563433403525 8.37984791692756e-05 0.0537052897504463
1 0 0.000650656340509377 0.0497330464780689 0.000590610633299228 0.0502725440982858
1 1 0.00302050281695993 0.0724516588218225 0.00301856001234106 0.0720641392851314
0 0 0.00206099570221434 0.10814279283405 0.00214682113100103 0.109415614317932
0 0 0.00142363651381764 0.0753837281489138 0.00146046086605604 0.0755344380028964
0 0 0.000342671625414136 0.0931260123579204 0.000351367184615942 0.0940450392656314
0 1 0.00236935539042119 0.0258832556452722 0.00248607045911853 0.0256682798157411
1 1 0.0045298784534529 0.0570115607405592 0.00450148242842606 0.054770149875272
0 0 0.00102412706044115 0.0763265477649021 0.00103313741392843 0.0787214773954649
1 1 0.000353668187938036 0.0635238972207332 0.000349822869444492 0.0627949154997258
1 1 0.00249321161416828 0.0545322371641966 0.00247415877659355 0.0521135625403534
1 1 0.00118493219575232 0.0183003649885516 0.00112311117661756 0.0158646495156587
0 1 0.000206623389990079 0.0204948175835425 0.00021755423169376 0.0197783526279416
0 1 0.000323921213376406 0.00956207431907438 0.000360844242015403 0.00945094119890319
0 0 0.0042658874231732 0.0792417263287579 0.00434007261706357 0.0822190357715645
0 0 0.0067578612233219 0.0511841123649795 0.00682045231485398 0.0524367235887517
0 0 0.00611484222669228 0.0731624993071564 0.00619842345650324 0.073314658022856
1 0 4.94502508312858e-05 0.0394458442013154 4.27345801075806e-05 0.0403416252591243
1 0 0.000726920372206511 0.0504008746470457 0.000678823913612031 0.0509475840682002
1 0 0.00260779710047627 0.0893126428281199 0.00251413286157897 0.0906550392122824
0 1 0.00251725068637642 0.0745352010935245 0.00264998745519969 0.0726782054794196
1 0 0.00149026064082995 0.0448386313153019 0.00141992108486662 0.0456640638847232
1 0 0.00109178454011793 0.077833811585076 0.00108814338423865 0.0779022743997072
1 1 0.000492337774915183 0.0504256198836999 0.00048352351682542 0.0483642990204721
1 0 0.00341154689730413 0.0712699402098008 0.00338986469789352 0.072127286602918
0 0 0.00610086496890444 0.0696225668183988 0.00614485506604271 0.0729943877493929
1 0 0.00415940391493795 0.0797683089982109 0.00394400082910255 0.0814193787769734
0 0 0.00157297606580153 0.046256201917981 0.00160098019315214 0.0466437645463496
1 0 0.00592095947502992 0.0779558604520641 0.00568224490920201 0.0805266730499994
1 0 0.000922743364877474 0.0770265721455588 0.000916661769821436 0.0775485007850034
1 1 0.00374633723845861 0.0792067068129976 0.00364436032458825 0.07910289428543
0 0 0.000282435280696625 0.0538781331485004 0.00029479249226298 0.0549157328224689
1 0 0.00205508709724367 0.0514039104972173 0.00203940244717999 0.0517285659857917
0 1 0.0037201749660607 0.0764082590769751 0.00381257372538427 0.0755917306646194
1 1 0.000355320793438498 0.0887328030283044 0.000350934572287437 0.0857623033277038
1 1 0.00105344794634656 0.0230406834319874 0.00103326033001862 0.0223268934371818
0 0 0.00036786761243226 0.0321482705918206 0.000381831431016542 0.0330296709181783
1 1 0.00187399509998076 0.113522502719723 0.00180979505984441 0.112992019697265
1 1 0.00165569855341988 0.0487391054379615 0.00156300844851077 0.0475360567981668
0 0 0.000537090293875168 0.0451356907402579 0.000562464583704554 0.0454458339150726
1 0 0.00326234671858345 0.0686249431210149 0.00311522442571659 0.0695041747574054
1 0 0.00336422140558446 0.0622270064559038 0.00333350991961864 0.0639013060506075
1 1 0.000488762377727755 0.0444274746527014 0.000421139305882616 0.0435187690947024
0 0 0.00496587256713583 0.0805360560316724 0.00512298268915709 0.0854696076898944
0 1 0.0011934425076895 0.0345898319216815 0.00128802566172406 0.0340793224778329
1 0 0.00135729986442288 0.0582865838833646 0.00129717401557622 0.0588866103370414
0 1 0.000769139812488629 0.0720373749032306 0.000830978719115827 0.0700896506451136
1 1 0.000231963520821823 0.0324369955821552 0.000200007794936776 0.030000084313528
1 0 0.00136212351811898 0.0463277492176694 0.00130664308811666 0.0481691331902467
1 0 0.0022198143916237 0.0623446649865018 0.00214559789774171 0.0645613281661973
0 1 0.000503750418973435 0.0277342467376365 0.000571822090155782 0.0275112739068195
0 0 0.000950236176229404 0.0776723908336024 0.000988349050579506 0.0777984421297982
0 1 0.000753191440869493 0.0403911562905254 0.000775784132301014 0.0394143800116768
1 0 0.000815911166942913 0.0549740672632786 0.000780953376469174 0.0550510365505675
1 1 0.000297835908783764 0.087945613718682 0.00027218387094557 0.087878912757591
0 1 0.00138310563774938 0.0783637382149265 0.00150115164388697 0.0749239360309925
0 0 0.0011548957167797 0.0498982620992312 0.00116921184065337 0.050394207826056
0 0 0.00223826251947664 0.0488751475627571 0.00224054395668422 0.0495062457131939
1 0 0.00045605522370309 0.0593389709901746 0.000446845796603767 0.0608437708986684
0 0 0.00222623370375331 0.0609006598908529 0.00229333060222113 0.0621394342865227
1 0 0.00324762097794391 0.0853018736692683 0.00318749664573513 0.087235678345998
0 0 0.00206223540508774 0.0349897182706048 0.00212172015157824 0.0365684746129799
1 1 0.00269114917642795 0.0918620892558576 0.00268849974185596 0.0872611073489994
0 0 0.00132125163355224 0.0464390487745523 0.00134056693194887 0.0476572905100527
0 1 0.000322714927898937 0.0140792767678782 0.000328260167067277 0.0140537373691858
0 1 0.00135523855441107 0.0625356565293804 0.00152990935663425 0.061448873416363
1 0 0.00258504424136804 0.0363423467479584 0.00255530229950129 0.0365763373904402
1 1 0.00160601245515823 0.0417811409706709 0.0015827508805685 0.0405529248085221
1 0 0.0011941538380425 0.0368468907061827 0.00119171062368824 0.0385345452472095
0 0 0.00261680089892318 0.0872260511505807 0.00269464524449444 0.0882257674996174
1 0 0.000906642713409361 0.0619966655215213 0.000898160553683535 0.0633479056376555
1 1 0.000814070185917451 0.0967847609729785 0.000812205260907297 0.0954910437814211
0 0 0.00313799041551625 0.0614273555116445 0.00328867202820265 0.0628793462679369
0 0 0.000850757055477414 0.0570972410385783 0.000898216602625187 0.0587222741472244
1 1 0.000476159582824204 0.0777378188578124 0.000455103996539298 0.0744349764595192
1 0 0.000533687410584959 0.0442114646264086 0.000513294296534814 0.0450281149470857
0 0 0.00390963170508061 0.0805994503709472 0.00391841768292789 0.0829604909415504
1 1 0.000758301356757209 0.0649012867022262 0.000734925876518182 0.0638501317912871
0 0 0.00096806632369452 0.0663057790795808 0.000980231766501424 0.0709685597788487
1 0 0.00164124569728441 0.0516087375617197 0.00163402453776981 0.0526509521008462
0 1 0.00520570910898158 0.0548538735031984 0.00522274778242562 0.0529309237297508
0 0 0.00239658784648518 0.0749899508011429 0.00239987605306806 0.075737973442812
1 1 0.00178854091834877 0.0354711142448014 0.00175455695894283 0.0348911305182375
1 1 0.0031308726754814 0.0740192834746672 0.00302711551214274 0.0713294122904321
0 1 0.00154378893577487 0.0789292198514254 0.00157939514816078 0.0785573003322087
1 1 0.00113912377445822 0.0580519381308546 0.00111983032335034 0.0574480481716582
0 0 0.00191698015171383 0.0463683179553228 0.00192420265854092 0.0485153681595913
1 1 0.000449184561673362 0.0284994550383319 0.000439966534489065 0.0279120788371532
0 1 0.00326650424071552 0.0751385492169068 0.00330584526137521 0.0716199617745205
1 1 0.0011798970284036 0.0620081550876897 0.00113092694866779 0.0601020614086604
0 1 0.00822780740321232 0.0577521789944458 0.00836249691284864 0.055943306629759
0 1 0.000653837660250543 0.0351069560628156 0.000671247679476538 0.0348286737265291
0 0 0.00232674956733315 0.0535518020338459 0.00234425832788893 0.0542586714085993
0 1 0.000335907838309912 0.0675413866871401 0.000337183621647768 0.0674210394365884
0 0 0.000372424233246524 0.0426636009746324 0.000395092391576908 0.0444567588499623
1 1 0.0020055725331867 0.107346046416047 0.00189006175535332 0.103790065897101
0 1 0.000729693713495371 0.0942689693627519 0.00073247854014391 0.0934385176430511
1 1 0.00249834949027204 0.0465438155764988 0.00245747894337426 0.0446423853330409
0 0 0.000211679903109078 0.0284803312786996 0.000237785592321306 0.0288789524989641
1 0 0.00109686937999688 0.0554927941291572 0.00108562024414467 0.0558571965722362
1 1 0.00374288010085182 0.0645199467306644 0.00363870381705502 0.0636128376230196
1 1 0.0019493075908418 0.074383898996746 0.00192862846754557 0.0723070597929225
1 1 0.000303910883037866 0.0479160188885499 0.000267852581562947 0.0469853642359966
1 1 0.00138214323095667 0.0175236997510889 0.00138067069711184 0.0173876481834254
1 0 0.000534242397926219 0.0629476125184465 0.000533917094536803 0.0642306489168517
1 0 0.0018180075443595 0.0564754348667019 0.00172577851942594 0.058757458635182
1 1 0.000300593563124196 0.00734469706290727 0.000279057541187921 0.00680314781574329
0 0 0.00199787362868002 0.0893905546052564 0.00201992821699224 0.0911329704944441
1 0 0.000632536723232207 0.0351032713481004 0.000621464246825834 0.0358890862649075
0 1 0.00235593064838091 0.04807392728176 0.00239975204937148 0.0472045275214172
0 0 0.000528932416714075 0.0463040738823211 0.000546447842394315 0.0476636390243414
0 1 0.00108221007197718 0.0353274471427497 0.0011355722448678 0.0332223902083703
0 1 0.000716071600986799 0.050850408401716 0.000752926384786497 0.0504912807104053
1 0 0.00395536200919578 0.0939156620957333 0.0039414384723648 0.0939273887802639
0 0 0.00313057992085733 0.0764942586899916 0.00318781829980561 0.0776956805192349
0 0 0.000503921240857525 0.0505026117263471 0.000519145293924319 0.050687863954097
1 1 0.00126114661043352 0.0466895803841589 0.0011897632270388 0.0455760272481127
1 0 0.00615503673902645 0.0681298590159735 0.0060609234207048 0.0689664016968239
0 0 0.0032370164142418 0.0537373436075638 0.00326625136638284 0.0542840336606121
0 0 0.00071869131276161 0.0482420443560862 0.000719533139588657 0.0482843705731584
1 1 0.00490275471684878 0.0634153257900892 0.0047697064053411 0.0633785952522866
0 0 0.00060395584368635 0.0323719572167139 0.000604161691787659 0.0327398282812139
0 1 0.00406923169422626 0.0877120897869184 0.00414252494250986 0.0851490395602515
1 0 0.000216004382616857 0.0212021364317884 0.000211658398206951 0.021707614981692
0 1 0.00496718530021351 0.0769659192646696 0.00508227664574566 0.0761474892919762
1 1 0.00137146618024032 0.0843460895815813 0.00135082265880472 0.0827602693270033
0 1 0.0030628242118596 0.0954662070002329 0.00312975364543347 0.0906256632655065
1 1 0.00104497279512319 0.0219552485225839 0.00103592015619391 0.0216118917678783
1 0 0.00253992385952095 0.0595741202812424 0.00252496160952701 0.0599276347179144
0 0 0.000758174972617771 0.0644994465285803 0.000766475973095069 0.0652678811096797
0 0 0.00260781071282746 0.067613213026133 0.00267638684174382 0.0681991628155473
1 1 0.00146447346662089 0.0499187575598154 0.00143906414683475 0.0473925183272794
0 0 0.000953665872065647 0.0675148254743671 0.00102039562465976 0.0710177752031721
0 1 0.00147634988754649 0.0708901041599465 0.00150068111600896 0.0701670633987899
1 1 0.000716254427403372 0.0225239660492171 0.000664036743652807 0.0222468184821666
1 0 0.00062441442340141 0.0519225512351707 0.000564678168852894 0.0534922502692205
0 0 0.00139327746641902 0.0372951829400913 0.00146083729200244 0.0382496932843703
1 1 0.00498752734890587 0.108397987642463 0.004835810073995 0.106643727410475
1 0 0.00131545821447744 0.0448084955968574 0.00125727055674816 0.0450607545381825
1 0 0.00315225251309614 0.0841202891794137 0.00308194140492149 0.0862135781724126
0 0 0.00134354203583532 0.0924568019911443 0.00139527990031371 0.0926326859662737
1 1 0.00131231828568514 0.0588001945516118 0.00131002682967238 0.0570722970521093
0 1 0.00278799260169616 0.0414764859084421 0.00286820276907731 0.0389194770439428
0 1 0.00189965383789247 0.0597903680430997 0.00193776033080757 0.0597006970924609
1 0 0.00412504847566087 0.0767891074817975 0.00389487297164687 0.0772518695180169
1 1 0.000425904986755793 0.0508085039502545 0.000418523423039085 0.0503589457832459
1 0 0.000864898119768668 0.0634466259627905 0.000830733636702642 0.0634819556927289
1 1 0.00148132816239124 0.0694683865943202 0.00138632597071731 0.0675454421346224
1 0 0.00199003503235031 0.097482592296734 0.00198949332341369 0.0993548913830246
0 1 0.00183907976737904 0.0667850270335475 0.00193307094029993 0.0664419882259864
1 0 0.000748850531639184 0.0993852937458638 0.000743207214539246 0.102452814455949
1 0 0.000485211105400609 0.04913938062784 0.000465447355699488 0.0505748230431447
1 1 0.000974007934626333 0.0149475502601771 0.000955495388500513 0.014734544135149
0 1 0.000235574438238343 0.0148134389927465 0.00026868905963338 0.01444156912908
1 0 0.00058161255967538 0.0585876413235496 0.000579939545776704 0.0591758770205681
0 0 0.000897000098284355 0.0392419150216304 0.00091947109218153 0.0396758567124579
0 1 0.000910629460172993 0.0542778708563025 0.000962608446822231 0.0527332752972868
0 0 0.00106691215791348 0.0174731712472379 0.00118873240906661 0.0177268890240433
0 1 0.00176634619127361 0.0319471095667354 0.00188692472283899 0.0312455215147568
0 0 0.00516007119767361 0.0604397916960501 0.00519985921938165 0.0614197961207713
0 1 8.74597757234925e-05 0.00750719889422011 0.000105660951459663 0.00601026716954052
0 1 0.00540159832729743 0.0773579342972664 0.00551599805054114 0.0757840612030339
0 1 0.00065182745555206 0.0642520490850707 0.000668334559840565 0.0641128994030579
1 0 0.003524442855893 0.0844888168569161 0.00348689196028135 0.0852783986221588
0 1 0.00144958749641431 0.0573795961778832 0.00158812430542471 0.0525859156617874
0 0 0.00025149169459993 0.0190845020063386 0.000269969938908143 0.0206723899259713
1 1 0.00235400051847642 0.0585118754749471 0.00223078464842034 0.0579243451354111
0 1 0.000931641407975609 0.0651579748994862 0.00104129312855319 0.0631158468866324
1 1 0.00452339691730401 0.0701862859511784 0.00442327498511277 0.0692609603364184
0 1 0.000413315987231684 0.0471949965640064 0.000424262808147639 0.0467236894265883
0 1 0.000588742817383226 0.0235691327485315 0.000623533749672452 0.0218580615212034
0 0 0.00343572805365806 0.0704951530495678 0.00352847560528305 0.0705887740871674
1 0 0.00327253636206044 0.0775758646754074 0.00322192903388371 0.0777062807939346
0 0 0.000616574774895754 0.0434692772123673 0.000704792412923088 0.043949504380871
0 1 0.000722173276755624 0.0338298935870195 0.000744923646051327 0.0332699284834381
1 1 0.000426596885398659 0.00437026994437975 0.000329369982536539 0.00371877915059871
0 1 0.00659550311256612 0.105481898700284 0.00672433920321357 0.102308230668208
0 1 0.00152514635471053 0.0478601211092419 0.00153407916720492 0.0473153067070036
0 0 0.00165409888433281 0.030150823350235 0.00165419292775338 0.0311152633687544
0 1 0.00313583876563646 0.0624639672561045 0.00320381305772535 0.0615792652849817
1 0 0.000306476738741398 0.0199949740854875 0.000283645297662159 0.0206082446584168
0 0 0.00028613630456736 0.0300988792212422 0.000291363249508407 0.0303869644228784
0 0 0.00773085301824568 0.0738156802919637 0.00797640301572284 0.0753647903684573
0 0 0.000305952340791337 0.0249902388780791 0.000306519111529493 0.0253570589268607
0 0 0.000938896200751972 0.0682425328369418 0.000980731302274239 0.0697269722809836
0 0 0.00210549172543759 0.0846542382550551 0.00213025703940116 0.0862797936839991
0 1 0.00201604135162858 0.0463718633277178 0.00205099596318564 0.0462075552518846
1 1 0.00929253436985161 0.110668894478862 0.00917467652112453 0.109244027979566
1 1 0.00143392902131423 0.0397011928866254 0.00139237078517743 0.0386946645132065
1 0 0.00232754247265198 0.0369624624406666 0.00223459406008225 0.0383510300229773
0 1 0.00231395740560569 0.0672689889914954 0.00242501664529563 0.0658040131153887
1 1 0.00271568095224152 0.038547798285867 0.00269895766005874 0.0381804241160985
1 1 0.00281505752193116 0.0872440067495024 0.00277925477866551 0.0861045870588479
1 0 0.00333720798527445 0.0647551249083034 0.00320526970758121 0.067629165252067
0 0 0.000431810131991217 0.0618473362650319 0.000435961715064179 0.0627951768849675
0 0 0.000684260349423593 0.0473393852359796 0.000704911246520336 0.0495321145740224
1 1 0.00162926201514557 0.0446190402076952 0.00160490871194285 0.0443638554573685
1 1 0.00249194442258725 0.0706990751872437 0.00238834328368968 0.070051518234427
0 1 0.00151544993976273 0.0462168833594295 0.00153448111244903 0.0458572658737577
1 0 0.00218582358380789 0.0454088913484276 0.00214726281762184 0.0463731560809989
1 1 0.00168390804961458 0.0423336770518259 0.00165482792891363 0.0409094446997964
1 0 0.000478966748060045 0.0517752383139 0.00046189835823342 0.0529176835001006
1 1 0.00233060706522021 0.0636657711678053 0.00226414765334487 0.0626315581730366
0 0 0.00193526382893981 0.0290916731675499 0.00202582394910444 0.0291345521027172
0 1 0.00356899566965083 0.0559387785261745 0.00366509826567909 0.0532574294845738
0 0 0.000712055963208487 0.0585818521634402 0.000713358313521198 0.059110242121676
0 0 0.00415341495007837 0.0691077818738182 0.00422028447360105 0.0715223450896878
0 1 0.00175661456757613 0.0524645635862056 0.00185231069051264 0.0501619746790788
1 1 0.00054722455708001 0.0229719238246621 0.000506571249474632 0.022938671707644
0 0 0.00171976019729786 0.0679482676533704 0.00178621670821218 0.0687598456963985
0 1 0.00080254986759723 0.0302779004778859 0.000805291789408428 0.028774812672262
1 0 0.000423096292634371 0.0411391295050682 0.000418852484062049 0.0435076806433061
0 0 0.00228006097611644 0.087925912428624 0.00244571765288285 0.0888629870414925
0 0 0.000578757374721166 0.06028918417616 0.000587863535275899 0.0614875982422152
1 1 0.00133649649503106 0.0694834709982971 0.00133129806579845 0.069126801479036
0 1 0.00115600524601943 0.0235070866601639 0.00117626824066348 0.022669775566899
0 0 0.00161780148869722 0.0815783672959279 0.00162656715335491 0.0819856219611426
1 1 0.000721404220917729 0.0420211651381225 0.000711924541370889 0.0415060153348741
0 1 0.00126737873488305 0.0932163704683929 0.00132198432431453 0.0897795669425922
0 0 0.00764518042898632 0.0384979534813405 0.00787907818613208 0.0392047911500672
0 1 0.00127884409000537 0.0505767129051767 0.0012788699572374 0.0496127902070986
0 0 0.00147138309124828 0.0597275984399379 0.00147844140552334 0.0607305100420618
0 1 0.00183837032988755 0.159727117867892 0.00186233133019123 0.155375524297581
0 0 0.00148377671794438 0.0378585923850493 0.0015215892057499 0.0384620863998925
1 1 0.000339769637991897 0.0181974336421502 0.000330645115120969 0.0174942972690802
0 0 0.00288291550974694 0.0622047294242193 0.0029031737770681 0.0627921098035174
0 0 0.00329260747649068 0.0506876921870535 0.00335305575134064 0.0507367678427063
0 1 0.00426335341423739 0.0815705509640232 0.00431587187846841 0.0813696262492569
0 1 0.00104277365358585 0.0529099149791468 0.00107605352810054 0.0524433560230548
1 1 0.0015922652388235 0.0491413790518788 0.00148689963643727 0.0483442854648894
1 1 0.000670682109139118 0.00507399420022504 0.000636387315892923 0.00478425308510305
0 0 0.00149227853234793 0.0565494414003706 0.00156667904856474 0.0576688193468118
1 1 0.00418681438507768 0.0585884549976758 0.00414123868632185 0.0578835149322364
1 0 0.00251682616064212 0.0721507258420496 0.0024798643447735 0.0749217702191194
1 1 0.003363216001923 0.0731524488724433 0.00333068082620885 0.0727890282722474
0 1 0.00249170712082307 0.0714260641424743 0.00249449539087869 0.0708683762782451
1 1 0.00122580152580126 0.0389470327576193 0.00122269601430635 0.0387007476079079
1 0 0.000291295973699597 0.0191291223763834 0.000279137216340436 0.0207903522200416
1 0 0.00050481409680044 0.014031325621005 0.00049634378696278 0.0144846229341621
0 0 0.000460664914674653 0.0720482485338473 0.000472409686487951 0.0724592396308008
1 0 0.00215589101366932 0.058225682941344 0.00209200450829126 0.0584970023773126
1 1 0.00221943948236265 0.0686143992743452 0.00219308937958299 0.068223722080492
1 1 0.000110606923489043 0.00483748393277426 0.000104510144006749 0.00468052752048152
0 1 0.00205452312927633 0.05039970315892 0.00212209414349516 0.0502376660724181
0 0 0.00512812428016654 0.0998153274221703 0.00513490792091608 0.100799916348272
1 0 0.00181890295157487 0.0667445083927014 0.0018006266272084 0.0674524610948266
1 1 0.00119226572291576 0.060546933842552 0.00112785799726554 0.0604231204646243
0 1 0.00172639067337545 0.0675557951315465 0.00177514784288191 0.0669206895913785
0 0 0.00115758782923826 0.0603141365483997 0.00128464496358895 0.0615667283016198
0 0 0.00386067524134769 0.0758144419921267 0.00407726268997088 0.0776522906273307
0 1 0.000912144365118131 0.0249913324589981 0.000941821676513135 0.0233617662533512
0 0 0.00363335237651786 0.0558896788722337 0.00366919039694862 0.0565057917877608
1 1 0.00138593858262769 0.0352748329557008 0.00132806871360143 0.0325554186607096
1 0 0.00381909965361347 0.0723741692381421 0.00347736258238064 0.0731714214960757
0 0 0.0064531664205284 0.116995763833567 0.00658255600647297 0.118689449083943
1 1 0.0039209862124061 0.0786838538631833 0.00388613266932065 0.0759877572377895
1 0 0.000413706280406544 0.0211739338726787 0.000363463322323165 0.0222088399651772
1 0 0.00104718986373496 0.0413271551271815 0.00100831061419027 0.0427634269084116
0 1 0.00184551044617038 0.0502372832067065 0.00189743489826306 0.0497596344504396
1 1 0.00136969611365492 0.0269090734522563 0.00132364779708112 0.0268848256440832
1 1 0.00104974640622587 0.0587158213348841 0.000986345775733771 0.0583498797243381
1 0 0.000202257856664495 0.0811029769103187 0.000187888390021658 0.0832114436867309
0 1 0.000606655833071127 0.0446843805551575 0.000639105443827194 0.0438212074260633
0 0 0.00108228555746684 0.0993150632706196 0.00110061347405252 0.100349217635688
1 0 0.000831269730965423 0.0415365247716828 0.000802675714391957 0.0417524263554783
0 0 0.000908330869493395 0.0518539543146551 0.00091214940408172 0.0521685855671902
0 1 0.000828441651952745 0.0595337988302899 0.000834913400301295 0.0594331694712358
0 1 0.00304994139545881 0.0879209457024094 0.00310092851729499 0.0868229626215517
0 1 0.00182825163617547 0.0262477732187611 0.00183599276541811 0.025686648759111
1 1 0.000631582288059645 0.0559980979012592 0.000609264352434416 0.0548577661966617
1 0 9.36103797846346e-05 0.0236885726979585 9.14172738234108e-05 0.0237531606295505
0 1 0.000129579183652643 0.0350806186149505 0.000142969930001302 0.0349215553459318
1 1 0.00147172401185261 0.060206948707578 0.00141852636513393 0.0599065741814824
0 1 0.00424320196445254 0.0757547823410662 0.00429608161445652 0.0742082281732132
1 0 0.000513356773003298 0.045724773511812 0.000511953218779335 0.0469274793588423
0 0 0.00122053829238123 0.0573491772404185 0.00125152474960904 0.0573605817768217
0 0 0.00388974374073186 0.0770806606061676 0.00391818634415807 0.0794176833784637
1 0 0.00212348731431676 0.0587100923084484 0.0020793125911076 0.0603070767967032
0 0 0.000806601144857378 0.067597188363178 0.0008241953576127 0.0677986987050086
0 1 0.00240254744536637 0.0682082029348375 0.00247183984141107 0.0664090437647487
0 1 0.000592578765573308 0.0673969642139842 0.000597962172190375 0.0670029432259343
0 0 0.000473386582903883 0.0565010000406491 0.000477357609729422 0.0573120148911304
1 0 0.00122258650238222 0.0509515848216874 0.00120847032110389 0.0550666553422401
1 0 0.000930933799983913 0.0706312302284611 0.000892958063000131 0.072237697695091
0 0 0.00148670005015303 0.0505678801846356 0.00149766986662734 0.0508538856650111
0 1 0.0035689884027001 0.0740526110292011 0.00361408396066859 0.0736058676798983
0 0 0.00218978050066067 0.0352062029028495 0.00232806213097748 0.036460496661909
0 1 0.00178676440113561 0.059442692407982 0.00179503616661882 0.058510002613825
0 1 0.0015866197607349 0.0710483596779971 0.0016468613309123 0.0681087809896902
1 0 0.00278313382133672 0.047099357989421 0.00266248199054192 0.0488995885687629
1 0 0.000214443397441432 0.0640177165156136 0.00019947217359745 0.0645858826612191
1 1 0.00252082292182567 0.0421426793006956 0.00252041274745054 0.0409296087475871
0 1 0.000988325216008947 0.0932424935612814 0.000998400389501975 0.0914848702835623
1 1 0.00541404446379826 0.0720918321815531 0.00539605099482258 0.0712178166698231
1 0 0.00217159998349808 0.0866847351701221 0.00216581471339273 0.0887587538961001
0 1 0.00327577275594176 0.0884549101827456 0.00329217269131817 0.0866892468376937
1 1 0.00588574559262422 0.126540040895567 0.00573985086211249 0.123350935335542
1 1 0.000956060632111711 0.0388134535355625 0.000914327546315989 0.0377382141017333
1 0 0.000359589234792224 0.0446763519280224 0.000343250620863824 0.0465606821241748
0 1 0.00608667707360316 0.0925238151548472 0.00623296432102114 0.092099138354516
1 0 0.00337851168868007 0.0665254374351937 0.00334672480738678 0.066773289729654
1 0 0.00271590356578639 0.0812503948423879 0.00271273443320543 0.0832493597409645
1 1 0.000681137026235061 0.0260778139532993 0.000678126629976969 0.0256474969251328
1 1 0.000247003862576585 0.0186888311472358 0.00024534386555833 0.0181305748915739
1 1 0.00108087826872229 0.0386534735896381 0.00102695573639924 0.0375641301676397
1 0 0.00173433229529982 0.0562053679692515 0.00170025104373912 0.0574428141088997
0 1 0.00132084348937688 0.0482085685323115 0.00136125522141857 0.0472671785241841
1 1 0.00518048449260284 0.0982118128891136 0.00498287097500566 0.0929928205677237
1 0 0.000547786963105487 0.016950108887179 0.00053913210331612 0.0173623607440111
0 0 0.00245747570367335 0.0732543400585061 0.00258900444712644 0.0764655643599836
0 1 0.0033414358665146 0.0623091145765383 0.00340120900911523 0.0616747814946664
0 0 0.00459761600829118 0.0816412282763123 0.00464991948088406 0.0855724123272464
0 1 0.00503815093025101 0.0717615354237912 0.00507228270309162 0.0696987636369859
0 1 0.000696095170446541 0.0474693241379308 0.000699958073642509 0.0461327830788957
1 1 0.000205678627925603 0.0614109824448766 0.000197649022132817 0.0609048950184531
0 0 2.89656976125179e-05 0.0178530226705287 4.0137430576908e-05 0.0185774492691298
1 1 0.0013127106274568 0.0636819841705135 0.00127425994816211 0.0619285614845747
1 1 0.00146411076143832 0.0429100831571798 0.00138208022096464 0.0428583740045398
1 0 0.0013332440099591 0.0370964459500594 0.00129002052895887 0.0372269459458196
1 1 0.000964362763135033 0.0429049698826543 0.000950732469598346 0.0398487987159051
0 1 0.000463374051794392 0.077062396950009 0.000476797776465852 0.0765078040940678
1 1 0.00141317447031617 0.0766388101086065 0.00140208410543156 0.075931979285502
0 1 0.00156690798682268 0.0544012891207718 0.00160598569104778 0.0540995005155066
0 0 0.00174574852179917 0.0618326153005233 0.00183988984956501 0.0623320789589687
0 1 0.000515445841287718 0.0666207208147634 0.000517217235475455 0.0659670556414997
0 0 0.00263700583317419 0.0694644384069636 0.00266185430945069 0.0708129690751294
0 0 0.00132450064485219 0.0688467507973389 0.00134318936360741 0.0704041665152707
1 0 0.000790462219506942 0.0479342370585111 0.000789475969710063 0.0511753517815414
1 1 0.0114324053515056 0.122283256802981 0.011207244174754 0.118362219308714
1 0 0.00307930647197183 0.0624821338457921 0.00292426579226804 0.0644417623707691
0 0 0.00416435263238052 0.0484785971986282 0.00430153893323047 0.0488523716028459
0 1 0.00343410831646038 0.0748229284666864 0.00354296526603234 0.073982394667001
0 0 0.000232795942422736 0.0373182629271794 0.0002433534430963 0.0380661224968054
1 1 0.00126858015585374 0.0408989373867939 0.00126727774245168 0.0407563177128846
0 1 0.00168805460359934 0.0924649705514319 0.00171075281233475 0.0875633715104408
1 0 0.000711868841878498 0.0636423349686793 0.000694928747887531 0.064472352499806
0 1 0.000177023689923933 0.0114989619744585 0.000183578969419197 0.00963952523318537
1 0 0.00208559295826585 0.0430814077017053 0.00205579079538705 0.0431813369491198
0 1 0.0042938503650821 0.0895069815852012 0.00433285825528191 0.0876018933974508
1 0 0.00158343243795642 0.0532911254855559 0.00155354138922336 0.0534959999670503
1 0 0.00181173827619912 0.0521691590903098 0.00177014678065949 0.0523016681741284
0 1 0.000441595229700142 0.046460401937069 0.000445370975184643 0.0456391095070667
1 0 0.00190960198853012 0.047452274655821 0.00185823393880665 0.047683400936729
1 0 0.00140494933429167 0.0531240691523081 0.00136489787325123 0.0533886554276578
0 1 0.000761539128342536 0.0422902198292951 0.000785461102805473 0.04070888207959
0 0 8.50912770805737e-05 0.0782489564470845 9.24697428772957e-05 0.078648470017645
1 1 0.00133687325104064 0.0660277353855358 0.00127455151578522 0.0655168033783495
0 1 0.00179824614899778 0.0785926449037348 0.00191027827709699 0.0755471407076181
1 1 0.00122809993250796 0.0334831955443799 0.00120176625434002 0.0329107848099596
0 0 0.00157376966485534 0.0802545578567351 0.00158931441204053 0.0816894735461792
1 1 0.00328725251705273 0.0838125580787548 0.00325974245441709 0.0791887884339446
1 1 0.000615416427029928 0.0546210603954621 0.000589820075467058 0.0526459506973454
0 0 0.00158776255612014 0.0707416292358743 0.00165647517389224 0.0708820361656005
0 1 0.012260801637083 0.134335211041868 0.0123543596889562 0.12989529301575
0 1 0.000159817730755926 0.0217788805167557 0.00016669980513273 0.0201987709650205
1 0 0.00165842590944811 0.048339632662218 0.00165338772628951 0.0488720820048971
1 0 0.00570302117217749 0.0918046476630197 0.00569787218743148 0.0927441461756569
0 0 0.000257021869584503 0.0752715146525457 0.000257421032976297 0.0782894095072851
0 0 0.000607759150488928 0.0775034300084628 0.000666692887345783 0.0776079667526371
0 0 0.0020420195682216 0.0797624448501317 0.00208480083190884 0.0800977148000406
1 0 0.00431205639901623 0.0481119653843419 0.00425831703521554 0.0482079135043684
0 1 0.0017520107210649 0.0712136308652333 0.00176459053770178 0.0698275090187983
0 0 0.000843978787030566 0.0333484365459192 0.000882662064124076 0.0342219448903002
0 1 7.39383723540971e-05 0.00933851632989123 8.22935548944631e-05 0.00906074401939678
1 0 0.00256638984502267 0.0448246187625202 0.00253143233066655 0.0496439222272008
0 0 0.0022803836313663 0.0570500925370337 0.00229681140019111 0.0577366931683525
0 0 0.000314885456949437 0.0612036990587939 0.000363064363815945 0.0620396473936668
0 0 0.00308540051364993 0.087910581958267 0.003154954357037 0.0895136921950223
1 0 0.00164649145100259 0.0475621058773008 0.00156303536557486 0.048553941898975
0 0 0.00122556775793528 0.023870836083013 0.00124791680648259 0.0256256876135383
0 1 0.000465098270453007 0.0608792337570985 0.00046776406590258 0.059771134161103
1 0 0.000949971732669189 0.065361359214714 0.000944995872749811 0.0678732361504854
0 1 0.000954302689421329 0.0678792756075798 0.000977985247801556 0.0662012354662468
0 0 0.000305247889082115 0.0161934579772994 0.000311473546575528 0.0172614512687565
0 0 0.00263746171998928 0.0599138913054201 0.00268629668642857 0.0621209123564792
1 0 0.00119036075995479 0.0486903155274673 0.00112833441322289 0.0513727423500393
1 0 0.00464299250554007 0.0421575328318744 0.00454912706034722 0.0426910535314362
0 0 0.00149189851130464 0.0387543280400012 0.00153532645264076 0.0404576970911289
1 0 0.00260185500229001 0.0572220541292133 0.00256170832824529 0.0580073221848011
1 0 0.00197739912352487 0.0686564981033022 0.00195202236361172 0.069145365642248
0 1 0.000726199069658026 0.0478578006313916 0.000786560188627095 0.0475992410316309
0 1 0.000253001100366629 0.0694966486468636 0.000273956036478659 0.0690570044488185
0 0 0.000654641332079042 0.0243722640043667 0.000684413898495544 0.0259528039039192
1 0 0.000809836380834585 0.0485555238877484 0.000792250557865657 0.0503642037953117
1 0 0.000173295776636846 0.0120527590742247 0.000158516485536951 0.0125719909885598
1 1 0.000259941675255593 0.0295549471564311 0.000250286174498605 0.0292669840439927
1 0 0.000927477806852896 0.0484437202847397 0.000907863906010051 0.0486050569164065
0 0 0.00263702852058991 0.0751423996160039 0.00275331025133645 0.0778665991075144
1 0 0.00120169842268569 0.0918346990644195 0.00118656458292984 0.0939733417888529
1 1 0.00065679942392114 0.0645530179839608 0.000650052437368363 0.062843662441665
0 0 0.00739387232268099 0.0726777995940454 0.00746397729144426 0.0813708238547123
0 1 0.000934519534938308 0.0286001495745684 0.000935518986710584 0.0281262075615136
0 1 0.000846890603470047 0.0371279816571227 0.000918722105225537 0.0366357739309343
1 0 0.00215682151380867 0.0786778317665329 0.00214884237929469 0.0828257966492955
1 1 0.000969789718767119 0.0601593937055498 0.000967917017585646 0.0586715824657239
1 0 0.000448435159702041 0.0801443402579222 0.000443007881357 0.0811798583314244
1 1 0.000469899089174609 0.0316749268320969 0.000463540857494722 0.0309619985990069
1 0 0.00507391685669573 0.0830272586291384 0.00488784569715922 0.0877913187935721
0 1 0.000247249808258016 0.0494267495161417 0.000251384595077448 0.0488609492747872
1 0 0.000570634148428471 0.0500019149909233 0.000544910584209842 0.0516086805262589
0 0 0.000107124069462733 0.0659380832541022 0.000118769254420013 0.0697461533198268
0 1 0.000757349498586379 0.082724352515619 0.000759763907697192 0.0785738488713208
0 1 0.00205493328522287 0.0372245629662186 0.00209613273569029 0.0342007348735504
1 0 0.000790699667152904 0.0917157947166377 0.000781763119924707 0.0923958182409834
1 0 0.00759296861925099 0.0715700386161924 0.00740872097668502 0.0725369403866072
0 1 0.000991754430719517 0.030031040218914 0.000999528031208746 0.0299721291716814
0 0 0.00126011626777423 0.026164633464665 0.00130791456822019 0.0265190842412851
1 0 0.00102926794643434 0.0634729828871129 0.00102557639631118 0.0668238874429856
1 1 0.00107014422488478 0.0332432665845798 0.00104778503121829 0.0306864825471552
1 1 0.00496208472602128 0.0660214325339428 0.00482670668404722 0.0639959194510668
0 0 0.000838281477420044 0.0399573886917671 0.000862903434394052 0.0405443657737899
0 1 0.000344207834658376 0.0549304086878041 0.000344983880484672 0.0526758845793503
1 1 0.000562883650973589 0.0447514091429615 0.000553531027547727 0.0438237860531199
1 0 0.000657235583586114 0.0279339083758718 0.00065073487131371 0.0286493893244684
1 1 0.0013573399614339 0.0541206812404805 0.00131675313878063 0.0536091784340055
0 0 0.00146811998567399 0.0546910440971863 0.00154975997542084 0.0549420950835074
1 1 0.00104522307318378 0.0569954719162202 0.00101212055558336 0.0556310659110944
1 0 0.000641805391080057 0.050206268765909 0.000602092004505696 0.0525059743903926
0 0 0.000798908810430531 0.0242501335857683 0.000817605291859235 0.0252133070396267
1 0 0.00114382707025894 0.0644766688161982 0.00107629649525467 0.0649553507306806
0 1 0.00139345459927239 0.0673951848628716 0.0014555969714175 0.0666822007291094
0 1 0.000923052653046661 0.0315993011957472 0.000924977891854174 0.0310868474416247
0 0 0.00254239086973104 0.0614496365661834 0.00266225556407443 0.0619245175072844
0 1 0.00103600631401091 0.051842440710078 0.00104561611828527 0.0508631117548499
0 0 0.00265086135948173 0.0591383914111168 0.00275770613784788 0.0596224761631324
1 0 0.00502173549558792 0.107029932096698 0.0049605920677932 0.108721906601621
0 0 0.00107738016755283 0.0287622934716216 0.00109177326002982 0.0301600433785539
0 0 0.00290262449174286 0.0541366964500197 0.00291624241783364 0.0548868652244882
1 1 0.0012205854354529 0.0383525717352656 0.00118856340462731 0.0345090830332636
0 0 0.00194014300212738 0.0448202341424796 0.00201025581672724 0.04622870756015
1 0 0.00280728958428556 0.0381971368892583 0.00280159605299847 0.0384216049306392
0 0 0.000368775566742991 0.0609885393229982 0.000381656138793322 0.0624555186095239
0 1 0.00331885510815712 0.0700184773514009 0.00339325261639644 0.0698012258251757
0 0 0.000917119698843061 0.0358160735158746 0.000940509564358647 0.0365932237327966
1 0 0.0003952751614797 0.040953241018683 0.000366007594583057 0.041212593922982
0 1 0.00798504065812378 0.0844757265828422 0.0080218542750574 0.083644154408884
0 1 0.000178497272924099 0.0350334737051983 0.000194884966104676 0.0339763774303089
1 1 0.00172083305871274 0.0687152386125265 0.00161277715140753 0.0680814827375303
0 0 0.00198966132254134 0.0819241245245289 0.00208919703708613 0.0824900021917488
1 0 0.000221532023944629 0.0506165454129154 0.000217314391065365 0.0510099541781715
0 1 0.00249407083132382 0.080618327679962 0.00258350764036737 0.0796422670099875
1 1 0.00376755973646662 0.101932150537132 0.00371639390393393 0.0999061671958153
1 1 0.00276218315434437 0.0585004188743726 0.00271423677045399 0.0568505150131477
1 1 0.00127584571430524 0.0877032118193784 0.00123741810639748 0.0861299098703577
1 0 0.00368333126436098 0.0482385998774897 0.00367593065356811 0.0488758360008558
1 0 0.000711282668954029 0.0699335031760612 0.000700178526737153 0.0706442701847042
1 0 0.00913965921988667 0.0989271957984405 0.00912148275446209 0.0996351660156878
0 0 0.000146605384327628 0.0563853426471375 0.00016181171437944 0.0583157220467099
0 0 0.00119765746512098 0.0690818473931305 0.00121555715388788 0.0703756902835853
1 0 0.000923432551295961 0.0573864390633119 0.000896571943499324 0.0584748662823957
0 0 0.0013410974806339 0.0358251095480963 0.00140525019285417 0.0371455303473751
1 1 0.00288454362930303 0.0806786590539535 0.00282746356443146 0.0762652789688947
0 0 0.000525189334971988 0.124122760593107 0.000540137188957513 0.124158975753676
0 1 0.00103710090875224 0.0537092790825635 0.00109151362745587 0.0523677100639763
1 1 0.000190201732445246 0.0251983772532709 0.000189437291068531 0.0251137795639032
0 0 0.000973785512163999 0.089290662578531 0.00101524788958339 0.0906457451746121
0 0 0.00107385338864047 0.0905057082334286 0.00108443593353111 0.0922769998070684
0 0 0.000997188131153517 0.0283981276897489 0.00101064543573699 0.0300784624796841
1 1 0.000542414403768989 0.0467158946038418 0.000538078526085555 0.045774373192853
1 0 0.000922805854873748 0.0522083659362602 0.000908079735753456 0.0527790987218879
1 1 0.000146183872966209 0.0182375877859119 0.000132072048397519 0.0172830764589465
1 0 0.00703811588875839 0.122761300369047 0.00695870968892005 0.128092193323003
0 1 0.000854596841057443 0.0503094809378393 0.000858053504809466 0.0490312854799447
1 0 0.00261143135554093 0.0758596629031134 0.0026092799226137 0.0760688563900093
1 0 0.00277792711781558 0.0691425789736928 0.00273243292106866 0.0702039631448391
0 0 0.00103634875771791 0.0823927000715833 0.00104661675597273 0.0827589818549471
0 0 0.00137423436288885 0.0286996925685584 0.00139609447415556 0.0295396363860718
1 1 0.000290547044444603 0.0263951825224489 0.000259650611228667 0.0263272019487006
1 0 0.00580137406676197 0.0712490833079195 0.00557502869210242 0.0714163255371253
0 0 0.001081432574628 0.0571312070923844 0.00111024519970784 0.058035582457747
0 1 0.00243177211223582 0.0566975644771215 0.0024589942814709 0.0562207630239571
1 1 0.000886289656828107 0.0761328131503243 0.000841982754847919 0.0755204144482869
0 0 0.000566993127667524 0.0462364727095247 0.000571818997006767 0.0465813142746753
0 0 0.000617387848325262 0.0143648774293695 0.000622064746858878 0.0154230038390557
0 1 0.000742154040512286 0.0568079225567368 0.000798411283114752 0.0561813189806059
1 1 0.000628095118956923 0.0465194054061325 0.000587237240302559 0.0442700681035236
1 1 0.000778231737674965 0.0478408509886024 0.000725482002976463 0.0457449890917522
1 0 0.00489114657593456 0.0811160373631938 0.0045605256365642 0.0829953813711301
0 1 0.00115726615045602 0.0395742574157599 0.00126041550580683 0.0390779969226459
1 1 0.00114408856541918 0.0826864093213251 0.00108018967749427 0.0804695245544919
1 1 0.000161820818689521 0.0081265898055357 0.000153789975982337 0.00717876661611523
0 1 0.000649231728903183 0.0609465582342451 0.000694845765733486 0.0596321226631349
0 1 0.00368678838243837 0.0823375896170123 0.00369267489321779 0.0805104796057027
1 1 0.00108168985208002 0.0809922823555727 0.00107319870311217 0.0801861625018877
0 0 0.000662320988519939 0.01902597135248 0.000672860538351364 0.0195025907118925
1 1 0.000353147470218421 0.0220065157009601 0.000350790865940855 0.0205239087288941
0 1 0.00315675363213206 0.0580207492440326 0.0032466480537564 0.0550582051321293
0 1 0.00233065906496439 0.0320943806118014 0.00233885069558328 0.0293999829529493
1 0 0.00131241313383399 0.0412622505092807 0.00129534541574245 0.0415778031488561
1 1 0.00392662535600715 0.080410234745146 0.0038788580294645 0.080179579227636
1 0 0.00343038979938995 0.123558747493948 0.00323148054053486 0.126521682762225
0 1 0.0028284852449288 0.0784352929685192 0.00285806727213672 0.0783377265539033
1 0 0.000944507805042092 0.0492444994020437 0.000910394247570687 0.0496219986628498
0 1 0.000401845045870695 0.0392577226785171 0.000418996534612919 0.0389538142710256
1 1 0.00155225450457675 0.0805597198379619 0.00152383310923836 0.0783198260703505
1 1 0.000436196536476318 0.0445992353708003 0.000427219954174583 0.0429340260742163
0 0 0.000456318066652984 0.0208519148328978 0.000460371166415323 0.0214574255416875
1 1 0.0013712235073565 0.0931480498436781 0.00132325321272544 0.0925946884761838
0 0 0.00139710730369809 0.0529067090775408 0.00149962809808761 0.0533512841548983
1 0 0.00200450081318974 0.0762957039195236 0.00197823929027525 0.0778917405955019
0 1 0.00072028582419901 0.0414378516757839 0.000731223905908375 0.0414109933486106
1 1 0.00118826973453081 0.0555132952820276 0.00114356751967011 0.0554322109705719
0 1 0.00112304983578069 0.100366854059686 0.00114124467740599 0.0992380474529707
1 1 0.000727635032088536 0.0551281419802952 0.000705372034199152 0.0538652630114626
1 0 0.00206837892880745 0.060892577610584 0.00202899457080381 0.0643328942184556
0 0 0.00416396066841446 0.0875642349173514 0.00423478382255128 0.0906970181606786
0 0 0.00172126641645255 0.0470412941708464 0.00180293153932782 0.047434565588415
1 0 0.00299903911658888 0.0787113313018353 0.00296784642061647 0.0837290565941613
1 1 0.00598055484717532 0.0813372895791128 0.00566946173757535 0.0795267929044939
0 1 0.00134303117249708 0.0837722433579977 0.00135306999933897 0.0837368490591403
1 1 0.00116248161037062 0.0524945364168252 0.00110961395457268 0.0499199120363149
0 0 0.0045093005881812 0.0716511610093314 0.00454992469128402 0.0738336136939329
1 1 0.00193493243261115 0.0458058717270043 0.00184732435570773 0.0457986329198044
0 0 0.000837603409849502 0.0263753786401992 0.000864947962123031 0.0277198453504584
1 1 0.00100278168232926 0.0611269444992389 0.000959859249380546 0.0595259044210822
0 1 0.00117996930557356 0.0728763928724045 0.00118467462525069 0.072748331521607
1 0 0.00070046427385156 0.0568550612437591 0.000700426612662024 0.0588360437479665
0 0 0.000701079769149248 0.0408387493462879 0.00071426328584637 0.0430777442035411
1 0 0.00331997768040903 0.0738320960200236 0.00328704391964039 0.0755243557528307
1 0 0.000369875242041269 0.0605378905367407 0.000367830963270187 0.0610197514140764
0 0 0.000689388839413767 0.0566235440356576 0.000703230989411218 0.0575612342535654
0 0 0.00168935460051269 0.0663373047275193 0.00169712866943192 0.0686403862687801
0 0 0.00288608683517228 0.0566478369773992 0.00296492334830038 0.0578074753113549
0 1 0.0022432910765111 0.0678780189738102 0.00228210884206595 0.0663333447698976
0 0 0.000190602763499677 0.0574947226173252 0.000208447804530711 0.0611681671148185
0 0 0.00709928681545711 0.0777206343919331 0.0071511034232204 0.0786792733967898
1 0 0.000538129090111844 0.0309445805854723 0.000517281468398857 0.0323111272699405
0 1 0.00364137547529456 0.0716371752094043 0.00366232282262587 0.0694147397535436
1 1 0.000540570614113173 0.0616038174902517 0.000527391720236025 0.0577998576030699
0 0 0.000510907041337912 0.0747146999456863 0.00055043084180077 0.0756922870810211
0 0 8.86693727463264e-05 0.0653164821069073 0.000100588467428991 0.0654847874297431
0 1 0.0011021678297824 0.0821240776903084 0.00111414476101199 0.0794716548925233
0 1 0.00223364463790953 0.039035088717559 0.0023808849329338 0.0373941558366325
1 0 0.00245834976532436 0.0371592560618539 0.00244162308664798 0.0375647132753299
1 1 0.000878831309083264 0.0714136094773645 0.000820175564133032 0.0710799645025561
1 0 0.000268528697108979 0.0425230198522078 0.000266359168655672 0.0429852631870101
1 1 0.00172160990158548 0.0509409901302801 0.00170882854681753 0.0508309549291532
0 0 0.000989157892378211 0.063152042323937 0.00102519400032398 0.0637128684106263
1 1 0.00105748773549465 0.0512816190714129 0.00103795862117046 0.0510415398674909
0 0 0.0017237490194672 0.0261870653543036 0.00177628751374796 0.0267106047114032
1 1 0.000504179819784323 0.0527069279072678 0.000490984771064653 0.0526245190427529
1 1 0.00144699288988097 0.072356529036371 0.00143150368907002 0.0716207565047635
1 1 0.000730473910467175 0.0726920226600736 0.000728170003100567 0.0681099269193998
0 1 0.0012297697866254 0.0720064722242139 0.00133318590919291 0.0697047327479613
1 1 0.00216419590413424 0.0311121961593847 0.00215360179657996 0.0307920101799136
0 0 0.00337386406968608 0.060419568534196 0.003538192304408 0.0611602604116381
0 1 0.00028655056449872 0.0530710967770434 0.00029426729100389 0.0525001259612639
1 1 0.00109452511911357 0.035902376203559 0.00106156496050921 0.0350962430963516
0 0 0.00117585932967709 0.0300534101660742 0.00118131767490691 0.0306645258009074
1 1 0.00456677080725569 0.100088254416286 0.00454568323956405 0.0972640282985576
1 0 0.00235904367549541 0.0321668696188038 0.00219953242677609 0.0330766962349924
0 1 0.000553329119425411 0.0863472739638143 0.000584656947792449 0.0848583025610831
1 0 0.00181452237184177 0.0569065001918803 0.00179604238612776 0.0570703517533141
0 1 0.00219913446113715 0.0483695976716539 0.0023062757912668 0.0465704456477543
0 1 0.00101331839035313 0.0784665691758368 0.00105375857428523 0.0773348039389092
1 0 0.0024267143136144 0.0900153401624195 0.00241767194861229 0.0901590487988721
1 1 0.000715206854196788 0.0226652831573071 0.000681650397139277 0.0195919970291936
1 0 0.000793353569985423 0.0757207472771683 0.000784330258257817 0.0792534075274416
1 1 0.00122137262978975 0.0246117516070418 0.00118690073889966 0.0235134500921579
1 1 0.00663219825041895 0.0814970466528545 0.00649291349115002 0.0812259672667203
0 1 0.00205351831355748 0.0636459807621786 0.00213000911124182 0.0612438966017949
1 0 0.000493330835716339 0.0155512716470197 0.000485856679117293 0.0159536329168766
1 1 0.000581608316037161 0.0468482260457334 0.00052332173942308 0.0458354988368024
0 0 0.00587367566230939 0.0887482974134058 0.00631560918394572 0.091381098332949
1 1 0.0015523409124647 0.0341260332168476 0.00151210313936503 0.0329635005906107
0 1 0.000206941621934148 0.0180252628977932 0.000221929470531633 0.0172623404344043
1 1 0.00090978741024489 0.0555795258319383 0.000839275731862026 0.0544625212052688
1 0 0.000494523433602994 0.0353689811034078 0.000475887683753429 0.0355868442606556
0 1 0.000543796627453264 0.0217498154425247 0.000568345162429623 0.0213917402143405
0 1 0.00145292088504933 0.053424750221572 0.00145586260217156 0.0516976121666826
1 0 0.00161125212845103 0.0498417257107047 0.00157160875227812 0.0500230290112944
1 0 0.000493066246074591 0.0629220338711854 0.000485484457590518 0.0660914422056419
0 0 0.00139638687739685 0.0772812200493631 0.00143423403166318 0.0799572385102837
0 1 0.000787468456557582 0.0690060091139974 0.000789562794459628 0.0678508041346778
1 1 0.00104247454841876 0.0456470739848264 0.00103098884371568 0.0429372422851263
1 0 0.00083210250992856 0.0605746201215252 0.000818173388737478 0.0608842303090865
1 1 0.00109768100961779 0.0472473523775629 0.00107969733626083 0.0469565166822293
1 0 0.00284134543469888 0.0673774264852536 0.0027704968772561 0.0687291989751057
1 1 0.00129153557998527 0.0582933970198284 0.00123669745089137 0.0579730054442365
1 0 0.00323460848107168 0.0784423071814176 0.00315686400091423 0.0802680406127962
0 0 0.00164076354999926 0.0662125900076703 0.00171034826538641 0.0676244084506515
1 0 0.00226956622979135 0.0715101371586293 0.00224716174807362 0.0730384730535139
0 1 0.000787805374463779 0.0303533042431567 0.00079295992763845 0.0282362188478383
0 0 0.00346092304045 0.0820672702208493 0.00359559258087974 0.0844389547760381
1 0 0.00129716040367661 0.0699440288412269 0.00128774110852732 0.0702014169142415
0 0 0.000248089478014608 0.020066944673136 0.000260456819173996 0.0201766342354588
1 1 0.000676091209169285 0.0611403370715492 0.000675415099808361 0.0610138805112178
0 1 0.000811406751321108 0.0535230673682985 0.000827195275000717 0.0521860787169446
1 0 0.000897161926732518 0.0400923592130306 0.0008830301786964 0.040785589472168
1 0 0.00610005355111889 0.081048119319159 0.00571764844466936 0.0822108548251782
0 0 0.00294488518753749 0.0481037239489641 0.00299550904662493 0.0484518812831275
0 0 0.00183397778339154 0.0545168765578996 0.00187283364128523 0.0557420790836718
0 0 0.00373711329509937 0.0857379178556412 0.00374842089734252 0.0870586072342314
1 0 0.00105982406909358 0.0751340535808032 0.00102207422173948 0.0751997552543758
0 0 0.000748257958128411 0.0263031008331034 0.000754562682762466 0.0265660203791924
1 1 0.000593843591662285 0.0482020882225116 0.000572832057640155 0.0476686093993848
1 0 0.000290961474306633 0.0489587854239487 0.00028496691732648 0.0493093419283117
1 0 0.000431945044099565 0.0711841720568151 0.000400230279300674 0.0716118344184187
1 1 0.00126613125790228 0.0644670458991552 0.00117415150326039 0.0636654596626893
0 1 0.000865404800891302 0.088225791733625 0.000906303162948238 0.0874939159090314
0 1 0.00206019315203225 0.0530880266248299 0.00206969891553039 0.0523328138558993
0 1 0.00504834954982945 0.0652371746489748 0.005190025847535 0.0599781939499745
0 0 0.000452707872284158 0.0863840564462734 0.00045873302057048 0.0872980452592221
0 1 0.000753984387080212 0.0901266032984507 0.000818143887308081 0.0898507315995919
0 1 0.00170279616310784 0.0276102374102693 0.00176992208840905 0.0267875461887211
1 0 0.00136526789814809 0.0270994303487745 0.00126871431095971 0.0283846298130018
1 1 0.00234103924726871 0.0698795945065308 0.0023381385882628 0.0681118442474671
1 0 0.00359582168641949 0.161375377548625 0.00353798084502942 0.164418372197455
0 1 0.000726654131464631 0.0612758902925248 0.000749175828256973 0.0577051572294191
1 1 0.00116499351656718 0.0558048801962186 0.00115752465041359 0.0548565028556488
1 0 0.00405368840852364 0.0297248981332659 0.00393388237002563 0.0302626082608655
0 0 0.000165031559291856 0.0387942710750785 0.000169326079065661 0.0397376411994127
0 0 0.0024409072949006 0.0592297437914695 0.00245542831589926 0.0593862895080113
0 0 8.63243495645408e-05 0.0472917747522132 9.26545970735948e-05 0.047808931255626
1 1 0.000589171743313132 0.0523615443156311 0.000564403721200944 0.049808620406682
0 1 0.0011097814397749 0.0582546045532646 0.00112491845341496 0.0550240765678998
1 0 0.00382134735215255 0.068519551276918 0.00377882316610532 0.0692340852198324
1 0 0.000615512012217252 0.0493408745687336 0.000609579338775656 0.0507107391718648
1 0 0.000590254341353343 0.058405566985125 0.0005888477879789 0.0592787352903588
1 0 0.00182159901304918 0.0344602627786188 0.00171413804462656 0.0352900028141704
1 0 0.00153525456345228 0.0608940555350155 0.00150188517516267 0.0618762662274054
0 1 0.00174345244812494 0.0423422744041685 0.00181529541220271 0.0421161726448002
0 1 0.00170284604061956 0.0897809570303564 0.00178901799530355 0.0894765159325811
1 1 0.00168605643572758 0.0413922542677008 0.00167711808762241 0.0408200985843011
1 1 0.000281204641060193 0.0501898917444841 0.000274684278816284 0.0490109219574532
0 0 0.00126908985947856 0.0733360044552274 0.00132658218287556 0.0736332564296674
0 1 0.000576368186742743 0.0828371084544054 0.000608606725245583 0.0800219347166837
0 1 0.00164985257702213 0.0600988097348066 0.00172240004955409 0.0590946451324619
0 1 0.00183617339487296 0.0428268879672462 0.00183663545426135 0.0410028264412761
1 1 0.00670004565833668 0.0605644789996752 0.00652855245384875 0.0585980199584886
1 1 0.00143242218987392 0.0608955936349975 0.00142230854394491 0.0608683670315562
1 0 0.00100825577226005 0.0222696625670536 0.000909941818178963 0.0231101475932916
0 1 0.00554608110142121 0.115766418308184 0.00556477819141867 0.113843528543222
0 1 0.000424389030715206 0.057681230926135 0.00043232431425526 0.0555965516485656
1 1 0.0013316591012547 0.0984166718920987 0.00130743392365744 0.09806806936006
0 1 0.00186281734049227 0.0448728762681596 0.00186887556786512 0.0429419461758357
0 1 0.000917028156299402 0.0746134353412436 0.000954782603298561 0.073844043620441
0 0 0.0038907801968202 0.0718044895750993 0.00390203923254089 0.0724543366188562
0 1 0.00430348991952381 0.0375362769946566 0.0046664706268498 0.0349501306245815
0 0 0.00144931758460677 0.0701809839421602 0.00148938401762344 0.0717847551649721
1 0 0.00151032621440094 0.034696336172125 0.00136966514573392 0.0362319296968104
0 1 0.0005474378343008 0.0319887250973976 0.000566235774149597 0.0294185817505663
1 1 0.00888512904395189 0.0832570035902811 0.00850877153740104 0.0820633663446985
0 0 0.00309844497793105 0.0647101988788676 0.00313836984627641 0.0654721674888913
1 0 0.0027636258297669 0.0442552793317939 0.0027377690223671 0.0449452979177624
0 0 0.00273642901435878 0.0649870213667327 0.00278130560485108 0.0695489733101932
0 1 0.00234174180585747 0.0740311963857643 0.00235280316350133 0.0710724289197145
1 0 0.000617177737702134 0.041172204989569 0.000596849826552278 0.0413926314879972
0 1 9.5527552705627e-05 0.064072260681716 0.000102249015620742 0.063038797188672
1 0 0.000614255118749015 0.057264963762551 0.000601392738138734 0.0574107354424074
0 1 0.00295291244915824 0.0756842701801497 0.00301164425339441 0.0754583981955815
1 1 0.00157984832648548 0.0635850747889943 0.00151765274042729 0.0632393746388294
1 0 0.00196239457723329 0.0654955379579809 0.00194375538859076 0.0659107759663098
0 1 0.00197424929388893 0.0681258824123745 0.00197458063176069 0.0680838423365819
1 1 0.00351485705592829 0.0847146087464071 0.00331677256866368 0.083181743939346
0 0 0.000619087024646685 0.0529609612037209 0.000622513328647948 0.0532734357420961
1 0 0.00112401906662141 0.0164913854994998 0.0010895228772184 0.01953902589107
1 1 0.000445707364483323 0.0432634137796837 0.000410501181417065 0.0418843380804103
0 1 0.00650950316062282 0.0633766501127923 0.00652762328549917 0.0615128259421697
0 0 0.00176596088422542 0.0685398718912719 0.0018637180832902 0.0714438110816693
0 0 0.00052042772465774 0.0842763668763673 0.00057860419071954 0.0853444966470546
0 0 0.0027353030368219 0.0657732871987375 0.00276244293805823 0.0662559291564129
1 0 0.000890779623519931 0.0312839700974484 0.000847862761911427 0.0313247732161252
0 1 0.00305246646097225 0.0749970059636772 0.00309684602147797 0.0748920776321312
1 1 0.00047059366729777 0.0291805964281272 0.00046391558845752 0.0278155784250997
0 0 0.000763708865925712 0.0859494156858186 0.000779482173013812 0.0885171611841462
0 1 0.000575747862211883 0.0520223128606226 0.000589905196238269 0.051364235944639
1 0 0.00206191532515259 0.0415938046574203 0.00204459471736961 0.0436129421138633
0 1 0.000799712943303812 0.0366265177542616 0.000847404008596246 0.0365968732592755
1 1 0.00179860309939373 0.0369998600854099 0.00170932584676146 0.0362792609429324
0 0 0.00134284653797721 0.0598204530436264 0.00141062869592235 0.0632338087297929
0 0 0.00406818977648534 0.060285352388333 0.0041924649114703 0.0606037871055926
1 0 0.00143713150306937 0.0731476235793242 0.00133759097733871 0.0760052608989846
0 1 0.00632163461633919 0.105626436667331 0.00647015209638974 0.100657313284038
1 0 0.00178720501395215 0.0496751004771001 0.0017486088323145 0.0499823098537407
1 0 0.00261505803087505 0.0712462617328978 0.00244624401151834 0.0757428924528657
0 1 0.00183899030253206 0.0810933653605917 0.00190161562659112 0.079433503057497
1 1 0.00048043092615433 0.0493737345126694 0.000472014548328384 0.0492087358030585
0 0 0.000616133088127778 0.0652920531898769 0.000620461538056774 0.0654210051185398
1 1 0.000706482411668789 0.0767126145060751 0.000700674102023791 0.0750196809498173
0 1 0.000762803568508375 0.0318370877890408 0.000892883401081091 0.0296071851758208
1 1 0.00289973343393546 0.0693264156807598 0.00274437758627179 0.06923215442849
0 1 0.00047493109097865 0.0348649282924101 0.000475056419802902 0.0346483447740294
1 0 0.00169465384555925 0.0613205816343455 0.00168942958221222 0.0614828528571102
1 0 5.04876308324014e-05 0.0282543286539515 4.94449986035707e-05 0.0339865874776568
1 0 0.00222885315055828 0.0411669419642393 0.00205516080312011 0.0414085771803846
0 1 0.00064870796896336 0.0605039648548558 0.000657838653456685 0.0573323437308808
1 1 0.00140304711373774 0.0573317266104193 0.00139365137817388 0.0561675720041164
1 1 0.00264065096998256 0.0666993528489939 0.00263171615061701 0.0666934629376894
1 0 0.000957998982346579 0.0576101425181129 0.000957538860408915 0.057916129572377
1 0 0.00182172228113005 0.0598067192785397 0.00181538785064103 0.0617525778986129
0 1 0.00135866807417476 0.0704664820565713 0.00136699203384508 0.0682275061868269
0 1 0.00672857810402461 0.068701308973307 0.00695084247609483 0.0675560023420295
1 1 0.00245607515641842 0.0702418511133337 0.00240753640563984 0.0696215375774649
0 0 8.28098417458173e-05 0.0105687307850882 8.69188172775994e-05 0.0109819882678723
0 1 0.00170460271841718 0.0686893894414988 0.00177932383814718 0.0680322666500011
0 1 0.00146249608989886 0.075555677363306 0.0014968354674147 0.0733319795558314
0 1 0.000565268674405373 0.0643950770629479 0.000588747671155836 0.0639780295879455
0 0 0.000261317398689055 0.0295260043542682 0.000269103923857561 0.0305601530554263
0 0 0.00285379155652771 0.10789278656069 0.00285475741105301 0.109945863720498
1 1 0.00409468691549097 0.0677471906362811 0.00391787405462616 0.0676735456757714
1 0 0.00251251730104698 0.0848766234874648 0.00244065022777769 0.0850463793395345
0 0 0.00127616169498974 0.0673637249934206 0.00130925368506438 0.0682504275285888
0 0 0.000703936724895354 0.0464757092506139 0.000711787139955348 0.0478119875015278
0 1 0.00160006044085049 0.0797787900965397 0.00164181789034115 0.0792524240440054
1 0 0.00156518290028631 0.0578786991276482 0.00153430769410326 0.0603224916674144
1 1 0.00173428155055441 0.0566494413960316 0.0016728740777683 0.0544480686850335
0 0 0.0011546125964053 0.0624287112700378 0.00116368516377377 0.0644829183678906
0 1 0.000890001566067857 0.0656590665213256 0.000911415206053543 0.0650669670193432
1 1 0.00316005335809438 0.120521350601558 0.00310428627360614 0.119143347777723
1 1 0.00436628920638401 0.0740598098070145 0.00421985129307278 0.0720806668966068
1 1 0.00242759684859817 0.0635706573226804 0.00238896333344234 0.0615654933177673
1 0 0.000903450761499691 0.0626194975864423 0.000877709229427863 0.0649325464010804
0 0 0.000399288528053027 0.0131873183534999 0.000404284962455852 0.0133455011183128
0 1 0.00103338328645759 0.0611496239014214 0.00103884790801043 0.0599896887124942
1 0 0.00103168592244645 0.0821103028841949 0.00100949463440154 0.0834338227019863
0 1 0.00249917495921965 0.0530682347826015 0.00250525057499576 0.0507059037397611
1 1 0.00308038421122911 0.0746626296633745 0.00305448290087782 0.0745337519306521
1 0 0.00172963788531983 0.030911974144511 0.00171999281429596 0.0309654187023949
1 1 0.000553130233053399 0.0692734741790121 0.000539693014615312 0.0680754236100924
0 1 0.0010116447974237 0.0368512050238773 0.00101703058683557 0.0366396964186454
0 1 0.000594818877880714 0.0131288556423163 0.000602365651747216 0.0129276527654128
0 1 0.00235103216405057 0.0484097240973613 0.00245383285413239 0.0470671917907568
1 0 0.00353753525938043 0.0591051202622876 0.00337640911441183 0.061395401543887
1 0 0.00144871979637157 0.0556528323327975 0.00141566335654531 0.0564333365939472
1 1 0.00156423761913334 0.0439717824678777 0.0015526643808528 0.0423933716268567
0 1 0.00379093593456871 0.0841829861201626 0.00413092999375856 0.0788263110142652
0 0 0.00400277259296763 0.0591656386568823 0.00406336683904088 0.0616058101576097
0 1 0.00238255540384751 0.0806171517407421 0.002409911554242 0.0777364263414563
1 0 0.00322384563726528 0.036940073202821 0.00316261554984833 0.0380201896430226
0 0 0.00192599767280156 0.0271875664118237 0.00192787269486447 0.0277324335667773
0 0 0.00112334465804716 0.0352671323146033 0.00117806253414675 0.0359144537439585
0 1 0.00219993635211011 0.104364169296847 0.00231983596838613 0.10150666420284
0 0 0.00231719489260783 0.0651706440711374 0.0023517070003472 0.0656612574339004
1 1 0.00388751634286214 0.0521805451187856 0.00379511730910277 0.0508161722133071
1 0 0.00203890350039477 0.0597921870246269 0.00193804303304111 0.0618552724694089
0 0 0.000837579627168935 0.069893303999454 0.00084318275924691 0.0727543984067921
0 1 0.00344284938938732 0.061019574367024 0.00357450929558274 0.0591915524900088
1 1 0.0009259497449276 0.0127195298929639 0.000812279669585962 0.0120960573183606
1 0 0.00294711784674948 0.0317302667574704 0.00288465538830517 0.0322199392265634
1 1 0.00017425034332006 0.042066625290413 0.000171119987441808 0.0408854325520024
1 0 0.00131061755905008 0.0343328114913129 0.00120471722272097 0.035873078044359
1 1 0.00401562050928939 0.0950364461088173 0.00399339490625005 0.0935024079315672
1 0 0.00013928934065222 0.0078365376500927 0.000123931882446547 0.00801180021525801
1 0 0.0015439862461286 0.07795429912523 0.00153788362270943 0.0786471167624787
0 1 0.0111752033606379 0.104060426056044 0.0114335594495204 0.103838121902725
0 1 0.00169410531492801 0.0805717255739389 0.00171073827835112 0.0741392462714184
1 0 0.00397812826424126 0.0652253300468099 0.00392240494651539 0.0670391820552426
0 1 0.00136872176425343 0.0794566016153741 0.00137669331655022 0.0748813842417841
0 0 0.00057652156723301 0.0552118730828367 0.00057697165241647 0.0568309725120049
0 1 0.000417030952202051 0.0151602756560937 0.000424897234527204 0.014886474338729
1 0 0.00392105747295967 0.0483548443120802 0.0038266590327452 0.0489387451359014
0 0 0.000513493124055265 0.0568918287294855 0.000522615951249259 0.0576388452951959
0 1 0.000996000928507376 0.0487333867001053 0.0010174896254488 0.0476507631732548
1 0 0.000968270087888646 0.0593769601282368 0.000922389900587271 0.0617822763637431
0 1 0.00165497553035721 0.0620313638783468 0.00168953410390024 0.0610433097019275
0 0 0.000573077298554048 0.0561742598221096 0.000581462318010518 0.0572896721765757
1 1 0.000409790179857723 0.0541825929011772 0.000389517321033987 0.0534993425182375
1 0 0.00216384995720762 0.0653894728278558 0.00211283350143477 0.0661502180117971
1 0 0.000137583704469574 0.0118376603093845 0.00013456681265925 0.0120689778847155
1 1 0.000475674206966203 0.0685357378556864 0.000456231298605411 0.0672943775132346
0 0 0.00294224353004254 0.0770660720574969 0.00308505077632114 0.0781234023208454
0 0 0.00163541359412505 0.0839774119046915 0.00164578166641831 0.084319381652363
1 1 0.00164299085994804 0.0594493721492777 0.0016285017818298 0.058234601954839
1 0 0.00082084419354522 0.0545772117930648 0.00081450994032282 0.0574391864958079
1 1 0.000668651023463435 0.0763804881912097 0.000611192126150216 0.0759453166275767
1 0 0.00123678790196732 0.0496691439132405 0.00120203706559119 0.0501635151618759
1 0 0.00117862852411207 0.0497127798181598 0.0011448161218238 0.0517669000206132
0 0 0.00112084387265055 0.0366682852675044 0.00114387226409296 0.0366920299567887
1 1 0.000342695601715377 0.0600924858386685 0.000309598625367844 0.0583556907226461
1 1 0.00103085172339083 0.0361539634580978 0.00101122928387642 0.036141200692301
0 0 0.000385677824276409 0.0660530123206419 0.000415237054112986 0.0668446885095759
1 1 0.00284490034258961 0.0734669923448387 0.00275656961200045 0.0731947204144345
1 0 0.00154957304095043 0.0514410885922442 0.00153442207324614 0.0537034849379259
1 0 0.00111975240250239 0.0666011201224833 0.00109669772099947 0.0684848922265293
1 0 0.00338097023961544 0.0378090890244044 0.00329072059343502 0.0401826079145124
0 1 0.00243680308368517 0.0762280827679076 0.00244164397137773 0.0760863694780676
1 1 0.00232332508779848 0.0541506882283578 0.00228940095847572 0.0534309144414432
1 1 0.00237172291635339 0.0834231356183101 0.00226497047468125 0.078499597142703
0 0 0.000678879837221398 0.0453868976057658 0.000742813134723221 0.0474787812488632
1 0 0.00242592322208169 0.0587622322987114 0.00235357424430845 0.0591067435686616
1 0 0.00180367137391644 0.0517880371538912 0.00178735047127052 0.0566059970925804
0 0 0.00475310351924556 0.0593547267887152 0.00487305575099595 0.0595828183395635
1 1 0.00126549042547564 0.0671830046830315 0.00120505562236355 0.065469351695762
1 1 0.00129352319528994 0.0633428965533796 0.00126552061453482 0.0624183849145668
0 1 0.00303211688081529 0.0340889322209054 0.00311178806762071 0.0337374519571251
0 0 0.00503646062924093 0.0674964075907408 0.00508378781908083 0.0676527263282641
0 0 0.00113983885861143 0.0453237201274327 0.00115035111433787 0.045799092209651
1 1 0.00171714938123873 0.0670383103857304 0.00166079143664598 0.0644797160201644
1 1 0.00584730114179962 0.0578607235791183 0.00563239986221818 0.0576766793895162
0 0 0.0013482002828232 0.0642959867143878 0.00137025089900896 0.0649020826283823
0 1 0.00176127111912072 0.107821799091744 0.00179541519277061 0.107754820240053
0 1 0.00129994942628175 0.0591487492912735 0.00133455698858233 0.0564717966723781
0 0 0.00250002540103049 0.067011364119473 0.002534741621639 0.0677521575271148
1 1 0.00135594754119144 0.0664755331122119 0.0013332439369104 0.0657921057351992
0 1 0.00239959696938581 0.0629190998562247 0.00243717586252099 0.0626186039120249
0 1 0.0032781280857579 0.0700471387906923 0.00342480789111688 0.0692819550770063
1 0 0.000522927811317745 0.0798587804823506 0.000503010240859854 0.0813469684772436
1 0 0.000216865968714606 0.0244710831628901 0.000213292503085323 0.0246662412308876
0 0 0.00283699592952577 0.0492815366638622 0.00285979640506712 0.0515503165544995
1 0 0.00100557980752413 0.0725259849715733 0.000987429558607354 0.0772376587647483
1 1 0.00196095127711075 0.0582736393526981 0.00192646533565381 0.0579658623762529
1 0 0.000922331560708572 0.0462212690208721 0.000883227517078211 0.0468017950639707
1 1 0.000819454959732247 0.0568007962551403 0.000787984830259528 0.0565589613049608
0 0 0.00122828137904158 0.0826158800991186 0.00128169070411348 0.0838523988135086
1 1 0.000303588606116717 0.0257819623580308 0.000295881723960496 0.0257044516288488
1 1 0.00314139675195074 0.048085893264466 0.00310341932174016 0.0468794541538414
0 0 0.000792509047785176 0.0724161588898409 0.000793837007963799 0.073966594558945
1 1 0.00103353947040779 0.0204320445039291 0.00101370621226202 0.0195767711359828
1 1 0.0037403343081213 0.0727653330869883 0.00369612682042252 0.0721425788151665
1 0 0.00218572867128622 0.0813010585249548 0.00216806899694358 0.082711761612589
0 0 0.00458846292584701 0.0359204119460439 0.00462140583294552 0.0364117600184535
1 0 0.000600810236291242 0.0513839526192383 0.000592258408373284 0.0521032929911963
1 1 0.00142214646157369 0.0529091286638649 0.00140461012160603 0.0519170257041235
0 1 0.000976321091911082 0.0625848295428386 0.000990001537166516 0.0608984810136859
