linear.pvalue quadratic.pvalue linear.boost.stat quadratic.boost.stat linear.true.stat quadratic.true.stat
1 0 6.31409612892656e-06 0.0051877311622827 3.81187226234829e-06 0.00543794502132531
0 0 8.98374164695581e-05 0.0163922925981197 9.62880924186689e-05 0.0166496742799204
1 1 0.000150665732948487 0.0145845836196442 0.000138454389365282 0.0142167853389213
0 0 1.01510720741257e-05 0.00240109646667418 1.05378202743444e-05 0.00255963059129024
0 0 6.05248580116364e-05 0.0103007030084709 6.92515882449714e-05 0.0106002301679301
0 0 8.47986251198387e-06 0.00473923646488096 1.05229800155628e-05 0.00495837599857974
1 0 4.53434811577005e-05 0.00482197134884635 1.65947217066884e-05 0.00497976893936522
1 1 4.73605104858676e-05 0.00893993728283583 4.32033677312232e-05 0.00883276582446269
1 0 0.000117714528188213 0.0128338338898499 0.000115804959775262 0.0130379819340386
1 1 9.28471142018971e-05 0.00972737139477738 7.70763255933403e-05 0.0089970047912318
0 1 8.20159301431705e-05 0.0117356244550922 0.000105958169375875 0.0116395308373117
0 1 6.24042814879155e-06 0.00424077992565789 1.39007018762636e-05 0.00410380255272095
0 0 2.16077276737836e-05 0.00434195161429619 2.27751721746244e-05 0.00472540249322746
0 0 2.05187748616764e-06 0.00199335262260618 3.96486958195206e-06 0.00227274294918183
0 1 9.35813283682686e-06 0.0112196112074104 1.03090984335201e-05 0.0106091834158712
1 1 3.97537870985544e-06 0.00437137589713376 2.44829531469978e-06 0.00436016973836923
0 0 3.08308096967475e-05 0.00391727002641463 3.54071378014464e-05 0.0040596396995296
1 0 8.30842959842622e-05 0.00764376902404044 4.78680591595803e-05 0.00884751861074569
1 0 1.10133727870928e-05 0.00443341958247126 9.50346126084824e-06 0.00458775344490203
1 1 0.000150397640624082 0.00759018531084737 9.24624972754259e-05 0.00746349022048305
0 0 4.30108479333957e-05 0.00647902348921764 5.00742634359391e-05 0.0066395456893728
1 1 9.68665183716957e-06 0.00591589979628559 6.23565330911851e-06 0.00585409902365484
1 0 7.61840794691751e-05 0.00757189837574319 5.27587478439746e-05 0.00758332727234961
1 0 1.10955878227636e-05 0.0117297891737673 8.2530793042915e-06 0.0118083986162457
0 1 1.74287939072051e-05 0.00411299452618968 1.85043770551373e-05 0.00394591507786812
0 0 2.11890338580391e-05 0.00401918040543354 2.23664928147305e-05 0.00411916300299042
0 0 1.88671876066493e-05 0.00714982620659136 2.19986941018418e-05 0.00733262869156418
1 1 1.84960740072084e-05 0.00971465577000349 1.75395892955991e-05 0.00933473339411177
1 1 3.23044193501447e-05 0.0072395269017797 2.3470836970375e-05 0.00697204601585627
1 1 4.536150578987e-05 0.00479540980396455 4.14091921680576e-05 0.00462539917331683
1 1 3.83298154850316e-05 0.0134950863332602 3.14809980971917e-05 0.0133682062658702
1 1 1.0540420340249e-05 0.00531899421581434 4.41353931420943e-06 0.00522701899643262
1 1 8.97773527799375e-06 0.00516947082017647 3.28059704579204e-06 0.00500299215339831
1 1 6.85971027479545e-06 0.00296224607352599 3.53410056677226e-06 0.00278009935918924
1 1 3.4972889872481e-05 0.00447917334227295 3.02261878944947e-05 0.00426483036191688
0 1 1.5474703612923e-05 0.00805673278953664 1.6201779655548e-05 0.00758741839373423
0 1 2.28762074894699e-05 0.00280562699246807 2.55388385861074e-05 0.0027180638393958
0 1 0.000136834701454696 0.0132710312514395 0.000160537715037104 0.0131970550523976
0 1 3.50867945942066e-05 0.00979382807366545 3.75016481607506e-05 0.00951352338744201
1 0 9.77153587931502e-05 0.00906913717982916 9.24292701022514e-05 0.00924078378538532
1 0 2.68925187673264e-05 0.0160456017501922 2.19015077056022e-05 0.0173726999156375
0 1 7.01448038925118e-06 0.00282122942386459 1.53446854836114e-05 0.00265257529083478
1 0 6.40954661758913e-05 0.00678866096891039 6.16823038003684e-05 0.00702253854241207
0 0 1.53593863991238e-05 0.00585944872055802 3.33582715529715e-05 0.00587235419433367
1 1 3.46300834914067e-05 0.00606369817467347 2.38599904807132e-05 0.00595851704237587
0 1 4.37323369515965e-05 0.0185623984329126 4.38524933739676e-05 0.0169012334627993
0 0 8.35502872152501e-06 0.00506344945754533 1.47514361767513e-05 0.0054315975044723
0 0 5.34882262366867e-05 0.0141598450523375 6.19675506676347e-05 0.0148882301552725
1 1 5.44264531148495e-06 0.00286314571754308 2.65381810329166e-06 0.00281343937043628
1 0 1.81226738049082e-05 0.00734323170079617 1.2530163691782e-05 0.00800807905932421
1 1 4.75366537022125e-05 0.0103047303753078 2.97407093966142e-05 0.00988538267493583
0 0 3.31175563532014e-05 0.00464273610153116 4.37611657900164e-05 0.00473637199124116
0 0 4.28150600693348e-05 0.00448073133007164 4.83834149662067e-05 0.00451159059075438
0 1 4.88854082625105e-05 0.0120782971197933 6.54915469343392e-05 0.0119253223682389
0 0 3.60081955198248e-05 0.00649163889292615 4.6485122772766e-05 0.00661648613449516
0 0 4.16522199180903e-05 0.00935498696320069 5.28108016376521e-05 0.00991566617463106
1 0 2.2080630952581e-05 0.00517846599755889 1.2793728199655e-05 0.00543003999477224
1 0 0.000101151988718856 0.0143353387604583 9.85961106144582e-05 0.0151189674329786
1 1 6.94771379975049e-05 0.00785648636245038 6.92752360056472e-05 0.00768488360091518
0 1 2.80329129468885e-06 0.00245306408955554 3.9170965489611e-06 0.00220163128905688
1 0 6.3095034033004e-05 0.00736958610875448 6.20383402590546e-05 0.00742127872452023
0 0 1.84641276643161e-05 0.00855483662594293 2.15116538549051e-05 0.00874486324969861
1 1 1.69993967057547e-05 0.0248818595735541 1.03051665140305e-05 0.024801490579498
0 1 2.99203071930915e-05 0.0111517296914574 3.60383287560725e-05 0.0111406540025126
1 1 3.25238199635238e-05 0.00956215238636946 2.7883187152915e-05 0.009368686848051
0 1 1.14899241666227e-05 0.00607442635713835 2.86836890102746e-05 0.00604447053813411
0 0 7.10367853951017e-05 0.00465577131457264 7.56790841559885e-05 0.00485528573791547
0 1 4.93843502548991e-06 0.00465804593679948 1.27338165152349e-05 0.00451262643008836
0 1 3.73454794622952e-05 0.00526554379813858 4.38913315208959e-05 0.00518313508830126
0 1 2.76464903750075e-06 0.00433913375794246 5.93674864722877e-06 0.00421816825815428
0 0 1.41042071734897e-05 0.00329818415701725 1.5674735175525e-05 0.00330307338855173
1 0 7.66317654449627e-06 0.00556758317617589 3.71288661811306e-06 0.00614367217303675
0 1 3.30116450059472e-06 0.00398849147912057 3.66226564706451e-06 0.00378645072655403
1 0 5.30748004361608e-06 0.00227998066341203 3.85894754064715e-06 0.00239060477125552
1 1 1.37246828945615e-05 0.00425958983199612 5.49014742747455e-06 0.0038146978453224
0 0 5.17596683124492e-06 0.00731796844559852 6.63347170160376e-06 0.00739517759313215
0 0 5.29271448896605e-06 0.00818470461405478 8.80508917219677e-06 0.00838606225774723
1 1 2.46379369952426e-05 0.0027474565772432 1.74850812681771e-05 0.00273361621935273
1 1 1.29153467802533e-05 0.00292860238145833 1.07693134946836e-05 0.00287879976148545
1 0 3.32263574888167e-05 0.00324594397710856 2.91053448652445e-05 0.00325028665036539
1 0 2.43040578755969e-05 0.00817239007256131 1.96871065426125e-05 0.0085120068623125
1 0 4.04197970243421e-05 0.00949032799887116 3.72836608682798e-05 0.00978540792755513
1 1 0.000101416354220887 0.00893855610593492 9.63387222003968e-05 0.00881444296655839
0 1 1.18928737981888e-05 0.00358510123817292 1.66036284589495e-05 0.00345599017293538
0 0 3.82409248249269e-05 0.0108958944342865 3.85856939467393e-05 0.0111751735902308
0 0 7.41490412517572e-06 0.00349184801261026 8.34673568206774e-06 0.00366552228892885
0 1 5.19655412075295e-06 0.00538549171143434 5.805601566232e-06 0.00534636199020104
1 0 4.55543774090254e-05 0.00625969505773909 2.75586372067862e-05 0.00636715359786656
0 0 1.62770619385663e-05 0.0034813237389642 1.6530481505567e-05 0.00376896299121659
1 0 3.61453372334505e-05 0.009043708309934 2.44444229864081e-05 0.00928536249573796
0 1 8.03306714079963e-05 0.009540444940152 0.000113472290958169 0.00917265069158183
1 0 7.15012848180986e-06 0.00431367572974093 5.50360221290033e-06 0.00437552542751384
0 1 5.09813096472779e-05 0.0105083935846527 7.32341017904684e-05 0.0104581267082021
0 1 3.62607310087122e-05 0.00745946304848519 3.66568467245978e-05 0.00712069337094348
1 0 7.41269757651646e-05 0.00484003879805598 6.18556322458412e-05 0.00511018203993574
0 1 3.77172116539884e-06 0.00818671363793417 4.24541382074917e-06 0.00770369162950269
0 0 2.73873135478272e-06 0.00411981632952945 2.74975411661752e-06 0.00422896987095395
1 0 8.8236201059336e-05 0.0105765202827571 8.2825339087791e-05 0.0106242807692189
0 1 4.76398820036085e-06 0.00352908966658524 5.89786359898794e-06 0.00349402983742232
1 0 2.13841022543288e-05 0.00182412421335139 1.03674466129601e-05 0.00187255607221763
0 1 1.33641595139966e-05 0.00309400606368342 1.41390791339804e-05 0.00305798162022639
1 0 2.69953136889536e-05 0.003031287039656 1.64309213603906e-05 0.00309335070975073
0 1 9.59045068708198e-05 0.0150712076684227 0.000116749774780206 0.0145370078151053
0 1 3.86418553932603e-05 0.00641801732423614 4.3254628295163e-05 0.00606487607319158
0 0 0.00012509932446939 0.0168636287095022 0.000161407680375761 0.0170228239988922
1 0 1.08373743956501e-05 0.00416732779878475 7.92024502627576e-06 0.00426371429556156
1 0 5.75140046547152e-06 0.00538841441517119 4.81120634327686e-06 0.00548825314663509
1 0 2.37619309181915e-05 0.00349232994029816 1.74201894051862e-05 0.00351980981826115
0 1 1.10366837229414e-05 0.00319567277518708 1.53691689101633e-05 0.00312284870055736
1 1 9.31556796186539e-05 0.004959864747344 6.51364116079243e-05 0.00478042467273409
1 1 6.74715849982881e-05 0.0132832146705959 5.28390205678078e-05 0.0130138384758915
0 1 2.73345800035408e-05 0.00498894297303344 3.03513243840797e-05 0.00494329404376195
1 1 5.9898219153963e-05 0.00774165534082911 5.43492164586515e-05 0.00771260869361064
0 0 5.2947005329741e-06 0.00199576907364928 5.50657645538743e-06 0.00216260442672412
1 1 1.54344205154153e-05 0.0047665384743647 1.48787669403502e-05 0.00464086684492762
0 0 2.62776580992769e-05 0.00461812661580748 2.63823907436138e-05 0.0048477227137015
1 1 2.32059645248838e-06 0.00417862791188695 1.97232171990774e-06 0.00391712282598568
0 0 1.21013787794933e-05 0.00584752815533308 1.63431648300131e-05 0.00591384555236875
0 0 6.32263319850638e-06 0.00517223026062283 1.13234624181201e-05 0.00557790612719141
1 0 9.01539673735241e-06 0.00305022277782697 8.51901340200056e-06 0.00313387785138012
1 0 4.03471182976237e-05 0.00982264673621102 3.67028540650212e-05 0.0104320955088728
0 0 1.12241728818754e-05 0.00343087763491628 1.18834691129264e-05 0.00352364842859193
0 1 2.76817327218438e-06 0.00231125513443326 3.28170854268698e-06 0.00201973241598845
1 1 2.17026956161956e-05 0.0045212458393281 2.04038250340438e-05 0.00440810470244305
0 0 4.30219032129522e-05 0.00549805728335648 4.66484646056601e-05 0.0055521331759288
0 0 2.93771362766729e-05 0.00534274750937529 3.87817546476655e-05 0.00551325305885632
0 0 8.48552566005864e-05 0.0117971625483221 9.39840472568498e-05 0.011830891815637
1 1 7.6853514265607e-06 0.00630318212839896 5.79971127627861e-06 0.00606993339407634
0 1 7.02551016826734e-05 0.0124557175058985 7.68505194960985e-05 0.0124453222520675
0 0 6.05912815406573e-06 0.00295820861841378 8.98983042023283e-06 0.00312604012747411
1 1 2.82972598706535e-05 0.00409861829732098 2.51697799693937e-05 0.00404915224746276
1 0 7.90135308109285e-06 0.00170279332001507 6.85705538711945e-06 0.00180277110350379
1 0 3.88082891883927e-05 0.00366148026569708 2.73169152554257e-05 0.00368268788747158
0 0 2.89073239547486e-05 0.00941387251990733 3.44761808693388e-05 0.00946242498575734
0 0 2.92780320106339e-05 0.00731797773842183 2.97775581321938e-05 0.00766952252211734
1 1 8.46445995029522e-05 0.00628469521590671 6.17342620865622e-05 0.00621302911292606
0 1 1.14738631646972e-05 0.00498352833669044 2.37325733932068e-05 0.00464319559561573
0 1 8.77436588069999e-05 0.00607266241543599 9.36918386476418e-05 0.00593325238866967
0 0 8.92376909734984e-06 0.00413828259541239 3.07856415608085e-05 0.00426183679180013
0 0 1.11482150575213e-05 0.00286184177027673 1.15713876415411e-05 0.00293280578258993
1 1 2.40242801130334e-05 0.00764162313748276 1.78352594671364e-05 0.00747619051438057
0 0 0.000302557441816926 0.0179002764279862 0.000310962297893345 0.0190997305522473
1 1 5.72151637403e-05 0.0111303953262334 5.13296040608437e-05 0.0108160831912727
1 0 3.79993880477155e-06 0.00311560791614796 2.65615072450053e-06 0.00311943360583391
1 0 4.79142609133854e-05 0.0115319696218853 1.97301546014853e-05 0.0116524727660262
1 0 1.97059151919728e-05 0.0038555323060363 1.78123140847322e-05 0.00392086176929307
1 0 5.38431056387499e-05 0.0140991856508268 4.40257596557949e-05 0.0141093081140293
0 1 2.64645467084359e-05 0.00565292631632765 2.79474075159958e-05 0.00561215547181682
0 1 0.000102903031374018 0.0167856667631238 0.000120847761541799 0.0167280071032658
0 1 1.28501219859852e-05 0.00789339296026441 1.31686786383133e-05 0.00783175744478896
1 0 1.78255605824082e-05 0.0069438595806954 1.56715612388656e-05 0.00715852904023971
0 0 1.37574810146362e-05 0.00146532201898563 1.74455521772412e-05 0.00152041564947153
1 0 4.95168905458614e-05 0.00761542125029279 4.70078572098836e-05 0.00778881997511622
1 0 9.62582414237485e-05 0.0063820179782961 9.56191821838941e-05 0.00643901950785939
1 1 0.000140369366140568 0.0115017439884592 0.000135151568787445 0.0109952265999639
0 1 1.39013974016819e-05 0.0116452157099135 1.49870776165324e-05 0.0112050890114212
0 1 4.2512927240755e-06 0.00607201137890765 6.27986944853286e-06 0.00577508044112092
1 0 0.000216003347850791 0.0101251992227273 0.000206701933762199 0.0101601033759905
1 1 7.08415277434157e-05 0.00172442250596218 7.05167297820036e-05 0.00171551268347048
0 0 3.40747637548465e-05 0.00944311335923659 4.49753897704339e-05 0.00965379630945319
1 1 2.62510481631524e-05 0.0102042263113541 1.42679624633799e-05 0.00998906627974215
0 1 4.12596941109004e-05 0.0121516255503781 4.55275657542042e-05 0.0119032208934334
1 1 8.19002042280971e-06 0.0092474642104152 6.95868729764382e-06 0.00905484291189734
0 0 1.98838188309971e-06 0.00148767049735478 2.72403206745153e-06 0.00164345829048255
0 1 3.41341759330483e-06 0.00351993973975749 3.71519541780757e-06 0.00343303542283135
0 0 8.30514928021369e-06 0.00412001952371327 9.75413125223868e-06 0.00416987006709051
1 1 9.3156014414028e-05 0.00726927464637657 9.28434766169068e-05 0.00722343345427285
0 0 6.91302501317816e-06 0.00654810902293208 6.92787791429228e-06 0.00673162282111265
1 0 3.22870301363007e-05 0.0103312392450277 2.79197253090809e-05 0.0105927712120762
1 1 3.48926994468053e-05 0.00505505529408186 3.14854435790736e-05 0.00499576995860351
1 0 3.06655442912528e-05 0.00778655781104792 2.99575698628976e-05 0.00825911004704318
1 1 0.000180645935317632 0.0119451336849684 0.000177702822964084 0.0118609476159114
1 0 4.67136123665361e-05 0.00666285215075063 2.7734439388767e-05 0.00728223782492855
1 0 2.35969388141427e-05 0.00867219872181991 1.92374334565933e-05 0.00868502219710827
0 1 8.9750989285783e-06 0.0057882479300673 1.33662323989899e-05 0.00574843536132659
1 0 6.30063262481281e-05 0.00693155290253734 5.63513934851338e-05 0.00709039684793984
1 0 3.79686779005893e-05 0.00886403092701703 2.42935200951459e-05 0.00897414187100508
1 0 1.98825411703592e-05 0.0225678026873131 1.11859406463513e-05 0.0227625045691166
0 1 1.08324759810972e-05 0.00578581078621208 1.60548034794611e-05 0.00575566384010284
0 0 7.10234148252168e-05 0.00827528152323611 7.42307320223609e-05 0.00836220667239809
1 1 2.46813864576314e-05 0.010476079225831 2.1736489904594e-05 0.0104744788937661
0 0 8.09351160577289e-05 0.0150969417707041 8.52573275980228e-05 0.0153851133717968
1 0 1.44763026471851e-05 0.00174788364534055 1.42758718002358e-05 0.00192325216775048
0 1 4.67827104888644e-05 0.00585479812919452 5.1937647452366e-05 0.00578245621421524
1 0 2.20858133182648e-05 0.00746555025139755 2.06845126284039e-05 0.00753647115823099
1 0 6.9560486708871e-06 0.00623155991531404 6.38632605857546e-06 0.0065422989772517
0 1 7.89276746141511e-06 0.00426719911315905 1.22084577950304e-05 0.0041161732735615
1 1 2.07734681512797e-05 0.00625321394245066 1.54245716386721e-05 0.00602747018589381
1 0 0.000132689018304388 0.00961255349424292 0.000128957989827983 0.00979404093088762
1 1 7.05892150830972e-05 0.00893143852647608 6.90440824861037e-05 0.00875196824414682
1 0 1.17647793102792e-05 0.0110220933580707 1.03630128370983e-05 0.0115132227237715
0 0 2.70086867118791e-05 0.00483611357073727 3.20256901600654e-05 0.00489856579084736
1 0 1.6265020323662e-05 0.00534694310907175 9.67629318663764e-06 0.00575903354699709
0 1 9.10750050083845e-06 0.00383327940578213 1.03393460173248e-05 0.00377664874206136
1 0 5.21710747472637e-05 0.0145342311807329 3.89301623681822e-05 0.0147711339407243
0 0 3.44927856542994e-05 0.0113854942597521 4.44024500821543e-05 0.0115510336897838
1 1 1.32827920036281e-05 0.00104803676513019 1.19622799262988e-05 0.00102846174970921
1 1 1.85852995039263e-05 0.00447262844355953 1.5528627824028e-05 0.00425523709766781
1 0 1.02851311869809e-05 0.00635052914789252 9.47848905344646e-06 0.00671254841457451
1 0 2.30213338822094e-05 0.0108206467100068 2.27614116576979e-05 0.0108465785195174
1 1 6.81624496493998e-05 0.00379216063231209 4.39982351325614e-05 0.00355665239987651
1 0 0.000110669396675963 0.00932101382869789 9.62583515228157e-05 0.00964667695666595
1 0 2.81745638537601e-05 0.004168706170959 2.02991706587791e-05 0.00436318046673254
1 0 9.07136021412172e-05 0.0155534146027335 6.40085225358169e-05 0.0156150898266755
1 1 3.34515368384301e-06 0.00639123249378464 3.17545011080307e-06 0.00625945369360103
0 1 1.73235328844332e-05 0.00894690078726809 1.75510902645267e-05 0.00833061489941675
1 0 8.6777453692221e-05 0.0158519234150512 8.58743949026888e-05 0.0163104198940093
0 1 3.41756202544927e-05 0.00711680834798593 5.63682742076851e-05 0.00680757543715391
1 1 0.000164205470727125 0.0106947394755752 0.000124087869912983 0.0103796049928299
0 1 2.59596816494948e-05 0.00715853092838796 3.54344894129003e-05 0.00672778717348738
1 1 0.000113003168628947 0.0164911969050392 0.000112875089451737 0.0162075805375598
1 0 7.06153728037492e-05 0.0129622747207129 6.9539540234883e-05 0.0132964732184527
1 1 8.81515960112929e-06 0.00264718961874106 7.42036613180295e-06 0.00254405971345632
1 0 0.000144618855429221 0.0132824009961766 0.000136993151509627 0.0133614012054386
1 0 3.62012260476898e-05 0.00688349400408265 3.06412874754968e-05 0.00715715219784765
0 0 0.000100176155525001 0.0177982464362997 0.000107341090664909 0.0179946584234033
0 0 5.2618270737536e-05 0.00620607503498746 5.31214457493472e-05 0.00627940757101955
0 0 3.93440522407168e-05 0.0116590494692894 4.14922412960957e-05 0.0118762018003296
1 0 5.87350357853135e-05 0.00696027231877559 5.39116206990552e-05 0.00733507007737562
0 1 2.32799841725292e-05 0.00272480202652321 2.55460766094711e-05 0.00267812980049303
1 0 0.000102633045129851 0.0156019948590126 8.24593260788422e-05 0.0164118200970239
1 1 1.15467720113388e-05 0.00162931215145486 3.69312450222576e-06 0.00134850739656002
0 0 5.16017345228266e-06 0.00139272301445758 7.40560958593733e-06 0.00143820401732602
1 0 1.8361849120684e-05 0.00379594855904613 1.1217477340569e-05 0.00420438644867798
1 0 2.05592061561626e-05 0.00343632360222595 2.05358482759981e-05 0.00364602736764037
1 1 8.62067666846093e-06 0.00178101092852821 3.67472651704946e-06 0.00165556880945322
1 0 5.90170556385268e-05 0.0076250234467679 5.03659102670397e-05 0.00776320781920928
1 0 5.59534560389864e-05 0.0108478507706688 3.6273592443975e-05 0.0110859518237026
0 0 6.05875048945574e-05 0.00422872196720863 6.54685662003149e-05 0.00435552921945738
1 1 5.4544614552075e-05 0.0108899880715611 4.95618283108441e-05 0.0107274044556369
1 0 3.0560996495761e-05 0.0039877736208569 2.86577275461181e-05 0.00425556471134561
1 1 5.78691748128282e-05 0.00768578900326113 5.7714063283526e-05 0.00752754789198153
1 1 4.1853010556459e-05 0.0097977723637286 4.07595413713673e-05 0.00937050313196796
1 0 0.000122291884081663 0.0117067172241342 0.000114786101839406 0.0121217498307604
0 0 2.42550714518054e-06 0.00302699056103068 5.33899295708612e-06 0.00309913910557475
1 1 2.41868747348705e-05 0.0047962009133064 1.67202316540703e-05 0.00456764258094791
1 1 1.55915995913751e-05 0.00449096265338592 1.228148223546e-05 0.00431729452066809
0 1 2.19855640517028e-05 0.00270279105522991 2.9974417070531e-05 0.00269496177683031
1 1 6.26995958430965e-06 0.00295287059194649 4.47474197998739e-06 0.00276984471693728
1 1 3.0152053279975e-05 0.00328403055587886 2.6508689595205e-05 0.00305017449851519
1 0 1.78485750491448e-05 0.00848253344847488 1.19168514730496e-05 0.00882936426159247
0 1 5.49476004463811e-05 0.0139130322784563 6.7480057023539e-05 0.0137106961633709
1 0 2.53729505947148e-05 0.0125941911893636 2.01365765048101e-05 0.0127504292316787
0 1 6.07407635314553e-05 0.0101768228582396 6.20432204928811e-05 0.00978175577395242
0 1 1.43926758057603e-05 0.00505365052124711 2.54134794921396e-05 0.00492409670719472
0 0 1.5789934205522e-05 0.00595812963300769 1.94796732923313e-05 0.00602563507785693
1 1 8.36689486575816e-06 0.00598910700020713 6.84418792677271e-06 0.00591265190440637
0 0 7.56021387938404e-05 0.00790180871957095 7.78893253236151e-05 0.0079680203623115
1 1 1.28655197985389e-05 0.0015569682493503 8.49465207643406e-06 0.00143183995621252
1 0 7.51874426048933e-05 0.0131468015461958 6.64423170956795e-05 0.0134871225650416
1 0 1.55007741544653e-05 0.00201117273348904 1.49696466309665e-05 0.0020138992814633
0 1 1.35349312576476e-05 0.00469732570628022 1.35821510648414e-05 0.00460322620496986
1 0 0.000105526101372923 0.00529935591734535 9.95023242116828e-05 0.00535759694066956
0 0 4.45685937435944e-06 0.01634722479627 6.04315790568129e-06 0.0166953914231347
0 0 2.08556329432877e-05 0.00389859436792997 2.37510096315779e-05 0.00391148767656518
1 0 9.09038709768593e-06 0.00510070990304045 8.38597124682243e-06 0.00524617832155366
0 1 7.50437489056343e-06 0.00270535927680467 1.96166721122798e-05 0.00249819421729095
0 1 6.38910892922168e-06 0.00645326717562884 6.41660022411413e-06 0.00641875654965034
0 0 7.37453080969098e-06 0.00382969323428239 1.36863278951001e-05 0.00400039014605523
0 0 2.24824401068609e-05 0.00333562697957256 3.37025562007713e-05 0.00344456214750965
1 1 1.37770768129437e-06 0.0013504996025734 2.95854006706876e-07 0.00132654278566697
0 0 1.98467191342886e-05 0.00746158651122195 2.01273519561909e-05 0.00766740581968792
0 1 1.77424647305518e-05 0.0151375066874335 1.85343706209912e-05 0.0149727024427346
0 1 0.000169426413926707 0.00812752515645976 0.000176947814010629 0.00809565780851894
0 1 0.000169477617110757 0.0145101508589021 0.00016955947199146 0.0144821922463531
1 1 1.11754338954724e-05 0.00355230085184901 7.14257915466794e-06 0.003488521536393
0 1 4.94734775922619e-06 0.00266046019162272 7.00484622071883e-06 0.00263054028293348
0 0 4.71138237267822e-05 0.00691437331241428 7.02471838981423e-05 0.00718468041441436
1 0 4.12998229145528e-05 0.00473620734297759 4.11992159968693e-05 0.00478307158440408
0 0 3.11513890622807e-05 0.00800686924646104 3.30179502671799e-05 0.00825456035809811
0 1 5.99215933897701e-05 0.0116837260994671 7.19065844576719e-05 0.011443013759428
1 1 3.77022656918059e-05 0.00651441028039407 3.3420481844836e-05 0.00640793949797845
1 0 1.53483957011191e-05 0.00542696614405241 1.21056062755801e-05 0.00559567503200029
0 1 1.6427746819242e-05 0.00206268223417638 2.30527601214545e-05 0.00190327341935659
0 1 0.000208405800893802 0.0201317669333801 0.000213205557653918 0.019755820997512
0 1 0.000115933669300491 0.0107999870053335 0.000122935963817944 0.0105394777229663
0 0 3.23074206111783e-05 0.010565813109138 3.66467497607799e-05 0.0113361387954221
0 1 0.00011584730090445 0.0157958093470978 0.000144815536641089 0.0155717278698529
1 0 8.89742577372249e-06 0.00467746198131334 6.68866402461466e-06 0.00467781596290782
0 1 0.000139591836852822 0.0219891665520218 0.000144341426812071 0.0209817763962068
1 0 5.00840974209991e-06 0.00831220429332401 1.8394440334603e-06 0.0086048292454088
0 1 0.000108961000349345 0.00990653733854214 0.000145999133174023 0.00976059295682645
0 1 1.37240476922503e-05 0.00450758871349761 1.7779860089661e-05 0.00418100543608663
1 0 5.27325857785771e-06 0.00949955849144849 4.89071343772359e-06 0.00971104371203374
1 1 1.04468618201724e-05 0.00349102602142518 7.35417142315285e-06 0.00346205954688594
1 1 2.05470953532914e-05 0.00770548685830962 1.61855536646045e-05 0.00724331971114937
1 0 0.000125427547939039 0.00872989389918767 9.7922739861021e-05 0.0091469374894735
0 1 1.70133639236728e-05 0.00519987542529006 1.89102163949676e-05 0.00499968447117714
1 0 8.77209252045352e-05 0.0105919252386136 7.61572190995862e-05 0.0107538920286862
1 1 0.000173398989415239 0.00708603180773368 0.000165305974971163 0.00668808536878385
0 1 9.11066041837291e-06 0.00778809999151047 9.8047347589638e-06 0.00769503719801995
1 1 2.51983574923225e-05 0.00901685781531897 1.78715047218065e-05 0.0090053402889682
0 1 3.13884856459858e-06 0.00513750987136287 4.53451058842035e-06 0.00482916465250094
0 1 2.16260060474892e-05 0.00718886753049138 2.52390869542715e-05 0.00712947701456882
0 0 3.92166891547353e-05 0.010761185737433 4.02825956149658e-05 0.0111419447840693
0 0 3.67947731239413e-06 0.0025059976564782 1.5611878515456e-05 0.00260701196351532
0 1 2.3940550490329e-05 0.00945899362003228 2.5060523193101e-05 0.00939074727918835
1 0 0.000122481723368433 0.0110105820008278 0.000110150661201407 0.0112359257931472
0 0 0.000129022484330365 0.0145957806759175 0.000135036417368119 0.0149412156759698
0 0 4.59395297258833e-06 0.00258123826087445 6.74408847223428e-06 0.00276310352775213
1 0 1.48563437474948e-05 0.0087644510468986 1.46559554891501e-05 0.0087650366690886
0 1 6.63206961814985e-05 0.0139608771242483 0.000104516377865454 0.0138448555793845
0 0 0.000102847077258553 0.0114029553407393 0.000103708409795414 0.0117813023128424
0 1 8.69139297474025e-06 0.0132433314321689 1.34805685274507e-05 0.0123744796458058
1 1 9.96439075141209e-05 0.0126808430436127 9.47852359765283e-05 0.0124908490481255
1 0 2.61123238828083e-05 0.0118076421997479 2.10225812551452e-05 0.012152104367461
0 1 2.26167548827094e-05 0.00663679929378941 4.44254302172606e-05 0.00648336351688761
1 1 1.0751131198293e-06 0.00239800367954248 6.87644131829452e-07 0.00229274304784686
1 1 1.14272006937933e-05 0.00639698708157636 9.48907286260325e-06 0.00601934671362789
1 1 9.32808686343657e-06 0.00937515401939333 4.70058983029665e-06 0.00856001757327798
1 1 2.29127931436696e-05 0.00489745376602062 2.22167371992568e-05 0.00482335456962958
0 0 3.45421983235393e-05 0.00925118923171492 4.58045354511508e-05 0.00964307415949634
0 1 4.28594486739709e-05 0.00730797783316736 5.67548483463116e-05 0.00724735758256737
0 0 1.14399799179062e-05 0.00713458787713492 1.30457257165805e-05 0.00714492331406792
0 0 1.65835704972765e-05 0.00983205716704819 1.81955993096177e-05 0.00989203283147453
0 1 5.24904020674167e-06 0.00689382650472773 5.67235266673779e-06 0.00625555440244414
1 0 4.87229248966681e-05 0.00360703490244118 4.82624190711038e-05 0.00380888349915217
0 0 2.26341504485832e-05 0.00423286773699804 2.83422941114156e-05 0.00423879200273425
1 1 3.16487351375674e-05 0.0142127976954723 3.06829549140611e-05 0.0133814255797264
0 0 8.29336651612594e-06 0.0065615829452775 9.63252536141567e-06 0.00657011841608366
1 0 0.000162412557563766 0.0095233030797156 0.00012294496316801 0.00979396921740388
0 1 1.8103496236998e-05 0.0101196423599101 2.40468848361047e-05 0.00974000823982577
1 0 1.87213560463237e-06 0.0103497180786011 1.79275073792147e-06 0.0104734385344708
0 1 8.86885845204175e-06 0.0120831171735734 9.25641957060934e-06 0.0118448357818668
0 0 3.36938168957459e-05 0.00985119256882342 3.38790090661861e-05 0.0099619440771178
1 1 7.88252039041038e-06 0.00464832875806643 4.47372907736472e-06 0.00453729944497125
1 0 6.53118938497505e-05 0.00563342314534983 5.46522587962168e-05 0.00575108064815182
1 1 4.42815182403949e-06 0.000565230056381951 1.38286081375365e-06 0.000499123613909597
1 1 5.07083379489143e-05 0.00559886907226366 4.92137772993862e-05 0.00557974846431666
0 1 1.50392865308564e-05 0.0278158481241303 1.8580368237595e-05 0.0269334328669087
1 0 8.15290593892733e-05 0.00728313948529648 4.77399136566715e-05 0.00754059460932197
1 1 2.46059401461902e-05 0.00931872538193823 2.07222583808754e-05 0.0088775905172931
0 1 2.40204123514041e-05 0.0135341476406106 2.8545754485928e-05 0.0132570364917875
0 1 3.59647428404739e-06 0.00284171817308237 4.87534877131132e-06 0.00277140445242747
0 0 3.7644924537119e-05 0.00667674476034241 3.84817328420841e-05 0.00680761301714467
1 1 2.46587105579243e-05 0.00280892075401565 2.24234358761393e-05 0.00263758778704712
0 0 2.00813247683513e-05 0.00900289727410703 2.31699084299557e-05 0.00904986291984701
1 1 9.56566506733692e-05 0.0120018973753037 8.51274354416127e-05 0.0119305209711457
1 0 2.34058827922156e-05 0.00594705714910591 1.01242955960237e-05 0.00645139823591952
1 1 3.01164510519903e-05 0.00648017013254588 2.89882067468485e-05 0.00632695376986098
0 1 6.5178356044406e-05 0.00764503748927629 7.04335039160575e-05 0.00757173957360842
1 0 6.76709791538738e-05 0.00518034704217717 5.95398790877339e-05 0.00523368403494804
0 0 1.71862356653156e-06 0.00291951908591963 3.51575829731736e-06 0.0029958324644695
1 1 0.00011272932753769 0.0136258492520636 0.000108966802890033 0.0133752479985973
1 1 6.03354911675168e-05 0.0042769396549173 4.85077067613746e-05 0.00398994186076571
0 0 4.35062872371947e-05 0.00400830776115296 4.41986797367528e-05 0.00436936416175086
1 1 4.36151673431166e-05 0.012798806486792 3.08179415140989e-05 0.0116132316928023
0 1 1.75905922591301e-06 0.00374461659560698 4.54455969327554e-06 0.00338223583324826
0 1 6.54539613906685e-06 0.0025994111458583 1.02512234234856e-05 0.0025991351059203
1 0 1.40108260642359e-05 0.00527260050306422 1.02313700847172e-05 0.00538868983345977
1 1 3.73377574012704e-06 0.00362138945457254 3.3611707807507e-06 0.00340172758644312
0 0 4.67653337893644e-05 0.00467198793358533 9.06550845255685e-05 0.00470983598356287
0 1 3.79173837505376e-06 0.00512882420438559 3.85080753593016e-06 0.00477893024789247
0 1 2.31714561741754e-05 0.00770199888168684 2.97834818649701e-05 0.00756085348720673
0 0 2.17797891758406e-05 0.00772401841877947 2.24012919378361e-05 0.00775031137421684
1 1 7.6677411638259e-05 0.00808966264453881 6.55014993122679e-05 0.00805753904005939
1 0 3.35466081818586e-05 0.00937963088562306 2.96975935976194e-05 0.00982627029299207
1 0 1.15919470890228e-05 0.00424857448215914 6.66377853885763e-06 0.00439521376717422
0 1 1.53108561543407e-05 0.00984063652618458 1.59276554844e-05 0.00935861118598792
1 0 3.79683152261224e-05 0.0122442672654302 2.8748133285244e-05 0.0124176344475063
0 1 1.88296822644456e-05 0.0102807548462707 2.20489700585992e-05 0.0102341797039498
0 1 3.98952620570418e-05 0.0181859456434221 4.75411247370046e-05 0.0181206424267939
0 0 3.18923352322036e-05 0.00977609338840418 4.16681412666355e-05 0.0105115404637174
0 0 1.85854725733176e-05 0.00242985291694651 2.63983563400347e-05 0.00247120040891427
0 0 8.57494710526438e-06 0.00121150354548884 8.65873984620919e-06 0.00127188755846792
1 1 2.60931443660002e-05 0.00933328105956823 2.0624844031023e-05 0.00913497575705487
0 1 5.99204962227993e-07 0.00260915581669694 1.32112278273549e-06 0.00246447577796982
1 1 3.84509328803988e-05 0.00439099076861966 3.82038286815109e-05 0.00431627864210882
0 1 2.31632549774907e-05 0.00652352603450538 2.7076849371425e-05 0.00627542216023221
0 1 6.53245175922031e-05 0.0114692528093572 7.00494326890087e-05 0.0107027100492983
1 1 8.26008604325084e-07 0.00107520699985979 6.62992801677277e-07 0.00104887860716419
0 1 1.50544713868692e-05 0.00465341213805228 1.56206929168528e-05 0.00437854322442049
1 1 2.46667768464721e-05 0.00279944664447465 1.83576892372086e-05 0.00279657001942544
1 1 0.000102180851244882 0.0109172873155386 0.000101296213763496 0.0106862879544642
0 1 2.60458073329189e-05 0.00291534968432239 3.18929701911296e-05 0.00291405895771852
0 0 1.56955681794543e-05 0.00975255726280807 2.56820780129704e-05 0.00995115175166666
1 1 0.000179132976323556 0.0155824634398797 0.000141248388167455 0.0153332195591998
1 0 5.01096894348049e-05 0.00408256643652402 3.60732427485565e-05 0.0042108513678273
0 0 3.03792684285763e-05 0.019770908943463 3.47883627368942e-05 0.0197899146752751
0 1 2.30978847837487e-05 0.0050990623900916 3.50819940445966e-05 0.00498539375785492
1 0 4.43847263757162e-06 0.00386853701254564 3.71594608764923e-06 0.00391084886008901
1 1 7.80736625984132e-05 0.0054975317709772 6.36466180729888e-05 0.00528746830973006
0 0 3.7661880245274e-05 0.0130583785124974 5.04179230006917e-05 0.0137180476048708
0 0 7.42074979770722e-05 0.0114907172496165 7.82893587297747e-05 0.0115462332373036
1 1 4.51685021306032e-05 0.0112989222701626 4.11507480548399e-05 0.0107753040340761
0 0 8.24905917052427e-05 0.00540214568063019 0.000111187664569872 0.00572990212371859
1 1 4.14055525394578e-05 0.00841801996152476 4.01658298684818e-05 0.00832736924288239
1 1 4.12101671330982e-05 0.00449167338041514 3.55800143201345e-05 0.00441756632096852
0 1 4.18665640925203e-05 0.00590479629424269 4.92331263169837e-05 0.00575243584509507
1 0 0.000296623078999224 0.00991520977955912 0.000252301355729985 0.010002512451825
1 0 9.35402916667111e-05 0.00987142455125743 7.30786117462351e-05 0.00999231926925828
0 0 2.60729725774982e-05 0.0036397491393589 3.09696372698356e-05 0.0036783798987925
1 0 1.86914690677781e-05 0.00671278359381299 1.67900051602782e-05 0.007147369503373
0 1 2.21449405919127e-05 0.00361151229368175 3.76577895713471e-05 0.00347533251377604
0 0 3.81074058374901e-06 0.0111208022683849 4.70240752708374e-06 0.0111992886617096
1 1 2.37921675778959e-05 0.00261520494025809 1.19280026644837e-05 0.00259687760613031
0 0 3.817707686234e-05 0.0114747185024065 4.86025656826442e-05 0.0115356469806053
0 1 3.94462070839784e-05 0.0146548771698256 3.96847586789101e-05 0.0144310941631377
1 0 0.000296597846468366 0.00935846543051508 0.000282442862980707 0.00940924620750413
0 1 4.46323236619442e-05 0.0114412537507763 5.91698407830615e-05 0.011254658297867
1 0 5.45204188422732e-05 0.00840817588119181 4.52497882218523e-05 0.00845329525295426
1 0 3.3110065596469e-05 0.00689246887815945 3.26566611758506e-05 0.00695108094684575
0 1 5.52998510014979e-05 0.0148286100052637 6.8965900555386e-05 0.0143863575922463
1 0 2.21215331076705e-05 0.00733227525413861 1.93527827989232e-05 0.0074895081704749
1 0 8.40977759776013e-05 0.00736163167857818 6.93431488290018e-05 0.00786348910400967
0 0 2.96875023969545e-06 0.0031934102043469 5.03619111746563e-06 0.00335521471833654
1 0 3.77183431766365e-05 0.00585532498659812 3.66722330263435e-05 0.00620802969088355
1 1 6.11774215879415e-05 0.00558124550724256 3.31543869859056e-05 0.0052748708545687
0 1 1.42950162403743e-05 0.00564997472983338 1.69003656723075e-05 0.00539554926018956
0 1 6.82587730302546e-06 0.00719597944275358 7.91480166095865e-06 0.00717009945222907
0 0 2.13948084278308e-05 0.00744018670558073 2.32305822527264e-05 0.00758959596758487
0 1 3.23634392210038e-06 0.0024706345659067 5.63946388342306e-06 0.00230981099620128
1 1 0.000145268491648049 0.0136126167213242 0.000135361952736036 0.0134780106397282
1 1 1.99225714399069e-05 0.00945254059173945 1.70085567627061e-05 0.00942117987220948
0 0 1.19492254087228e-05 0.00579943976835615 2.38964067278564e-05 0.00590933218326499
1 0 0.000146055188096786 0.0127965793083311 0.000108199291810981 0.0128523366910067
0 0 2.60214967010734e-05 0.0177635068114954 2.64510664060838e-05 0.0180670422929757
1 1 0.000140855239064913 0.00733563712981623 0.000127504897753103 0.00727168558651294
1 1 7.27026957855472e-06 0.00633942225520839 6.79191280652542e-06 0.00632457041182261
0 1 0.000169693165187748 0.0068083698825441 0.000176461361935848 0.00670101796415701
0 1 1.25887180427178e-05 0.00436709211804569 1.27065261271121e-05 0.00433182968090297
0 0 7.9244483169115e-06 0.0152949370269209 8.59662714027254e-06 0.0154094518490292
1 1 4.82689305910898e-06 0.0046423409499824 3.87516684803245e-06 0.00461773354859369
1 1 0.000139588393747743 0.010373957960867 0.000106235345401434 0.0101982067271357
0 1 4.07691307816683e-05 0.0088615422411751 5.08763798459989e-05 0.00858595599351009
0 0 0.000106438181722907 0.00991536821964477 0.000123165726484122 0.0100905755641601
0 0 0.000118371192951773 0.0061731331318981 0.000135437403575176 0.00623583242556532
0 1 2.38114927577119e-05 0.0222166578694967 2.41485096806358e-05 0.0218895206060936
0 1 1.1346764500075e-05 0.00289883063652117 1.13913952664616e-05 0.00271669825323484
1 1 2.01131523782153e-05 0.00375610070777239 7.86364092848908e-06 0.00371714212702396
1 1 9.60071362270567e-06 0.00607936606986448 5.1110909744977e-06 0.00593863261644024
1 0 6.25260551198566e-05 0.0107421103817659 5.86285086975972e-05 0.0108556321054206
0 1 4.87998845601713e-05 0.0041585985869235 8.53255878677721e-05 0.00409658541382531
1 1 1.98065170496901e-06 0.00312933172729172 1.31074573176132e-06 0.00306763816699639
0 0 2.74275647756894e-05 0.00634479241744898 4.03323859024069e-05 0.00649958112645207
0 1 6.66411574207052e-05 0.00772812985390349 6.71474927822275e-05 0.00772344985538405
0 0 3.3937346543226e-06 0.00431471821457419 4.36841821383116e-06 0.00432266899997713
0 1 9.24832652229368e-05 0.0127238476526211 9.32897559851779e-05 0.0126655591223793
1 1 2.51957255307975e-05 0.0126589374844997 1.87885381408188e-05 0.0123663546488784
1 0 4.14868336800066e-05 0.0117952161882284 2.43880119501251e-05 0.0121343950478006
0 0 2.21571147009951e-05 0.0101721412972982 2.26494148645841e-05 0.0102021090932135
1 0 0.000151272960896296 0.00952398723902899 0.000113001342598709 0.00998456676852097
0 0 4.38048031503857e-05 0.00646858252837864 4.81679813645783e-05 0.00657055765506501
0 1 4.7618403765293e-05 0.00937868334267445 4.78026292960419e-05 0.00928513483877079
0 0 9.13461272656889e-06 0.00304481065815128 1.11085411900994e-05 0.0033304339339048
1 0 3.5544955042229e-05 0.00423680891794014 3.09094458470768e-05 0.00429172516664777
1 1 1.25762291682443e-05 0.00263621573762825 8.8380789939989e-06 0.00253307476970885
1 0 1.84583109046113e-05 0.0101498858585042 1.7157354322532e-05 0.0104311094180468
1 0 3.17280247425614e-05 0.00788920142908452 2.68518772573455e-05 0.00807588850681915
1 0 4.19027503328345e-05 0.00600694014019875 6.52253118155201e-06 0.00648881199311736
1 0 1.78453188828588e-05 0.00380229882150208 1.72769481395314e-05 0.00409727539369441
1 1 1.56615896828494e-05 0.00140889081648557 1.25410897646789e-05 0.00128085694759786
0 1 3.75509919803462e-05 0.00595439503618943 4.58045991009432e-05 0.00572142108037327
0 1 9.13803790996637e-05 0.01111427618718 0.000124775794888383 0.0106197528162958
0 0 4.75010677277723e-05 0.00488620439454606 7.10292882233997e-05 0.00510159188839514
0 0 6.48458417837255e-06 0.00845134226968981 9.51529276072329e-06 0.00852913811258457
1 0 4.35848837236791e-05 0.0065103615795109 3.31898173946966e-05 0.00703787483622052
1 1 9.61675785658889e-05 0.00874079550076378 8.05244416463365e-05 0.0084600069560659
0 0 7.87443395849519e-05 0.00915590033178941 8.16396371985634e-05 0.0093650299621874
0 1 8.50312840517775e-06 0.00669141160741043 1.32972391147069e-05 0.00627016232917539
1 0 3.56762344493975e-05 0.0130931176659667 3.52548615911353e-05 0.0132778115480619
0 0 3.58660561811835e-05 0.00609266320571088 4.35854339239301e-05 0.00610997816462336
0 0 6.69194576276192e-05 0.00715849041282369 8.58692706026846e-05 0.00734675158980323
1 1 7.84747106577233e-06 0.00330909465364922 4.49114475098187e-06 0.00306338626915081
0 1 5.41857917399929e-05 0.0111642108820885 6.57164515526372e-05 0.0110330741554827
1 0 7.06130532504236e-06 0.00237520534131097 5.35701113886603e-06 0.00249022703170894
1 1 8.65752662689008e-06 0.00136111309726641 4.67509101793747e-06 0.00132818240664253
1 1 1.93950496054188e-05 0.00591135874504045 1.90487859457597e-05 0.00573170285006858
1 0 1.432571593792e-05 0.00377397937616338 1.09332674886588e-05 0.00382024416055112
1 1 5.31783869407136e-05 0.00946135835136988 4.94125319299322e-05 0.00897707170529178
0 1 1.13301006729468e-06 0.00187855253156291 1.90714754601563e-06 0.0016977614760825
0 1 1.47201635575767e-05 0.00303481969632748 1.6371514840512e-05 0.0029801263421015
1 0 2.27396642410201e-05 0.0127979546370566 2.17701625248212e-05 0.0128568491912569
0 0 6.12544946595187e-05 0.0145010061865899 7.0597350688043e-05 0.0147639445402066
0 1 1.39904322679842e-05 0.00499267948219128 1.48825033895358e-05 0.00498061589859801
1 0 5.46888769552829e-05 0.00548795583781664 4.4046639736267e-05 0.00574053075582903
1 0 4.2000162795121e-05 0.0047873254076564 2.56800684834071e-05 0.00486062609933614
0 0 0.000125427080362219 0.00848759580218456 0.0001611735748246 0.00862998657083412
1 1 5.26852005545247e-05 0.0090564274388609 4.66165984152834e-05 0.00887276011217167
1 0 6.69727816541785e-05 0.00801768598147046 6.60807733677716e-05 0.00842162289974089
0 1 3.03548781889592e-07 0.00236939870603211 8.6669143349327e-07 0.00217188544003254
1 0 6.05947007830457e-05 0.00974706442034467 5.93253831267683e-05 0.00977389815277186
0 0 4.51774513059184e-05 0.00992302613402548 4.72457732821149e-05 0.0100131571749754
0 1 3.40239730876417e-05 0.00994304692826681 3.44442042991496e-05 0.00973247551180272
1 0 3.96888943328553e-06 0.00183374393656137 9.09975540630396e-07 0.00207129171049031
1 1 7.80195881896849e-06 0.00833875794146293 6.35114432903736e-06 0.0082378163014421
1 1 3.22009282746808e-06 0.00308698617188646 1.55748868108407e-06 0.00298467324540818
0 1 2.6248204670061e-05 0.013496075977637 3.13146168341666e-05 0.0131922819776264
1 0 5.07432151093714e-05 0.00683551030036113 4.52034729664769e-05 0.00713388022776997
1 1 2.59956044003258e-05 0.0183766838754824 2.51221693243507e-05 0.0182548558167611
0 0 3.05407976553387e-05 0.00949044077163159 3.70033937960652e-05 0.00963577395882671
1 1 9.54630917613208e-06 0.00284951741528841 7.27921702248848e-06 0.00276621994607286
1 1 3.21526667067885e-05 0.00766875304752329 2.92456112397882e-05 0.00751058590716608
1 1 0.000161447499931494 0.0107981535272496 0.000106495706111409 0.010109697852969
1 0 1.42493470071284e-05 0.0131065026629167 1.25697284627069e-05 0.013475051133575
0 0 7.11372614761057e-06 0.00388045485635611 1.27399939257986e-05 0.00395847213898765
0 0 3.49463348101115e-05 0.00764857256373513 4.29197603624423e-05 0.00769889093880608
1 0 5.26135574601364e-06 0.00360551576542088 5.26091239757412e-06 0.00392031399987562
0 1 3.83983637914337e-05 0.00653516033445519 4.73380377773903e-05 0.00615507156585126
1 0 3.21787290512571e-06 0.00294742857750911 2.28316499631824e-06 0.00307935580026196
1 0 3.06986247397238e-05 0.0117683790325856 2.32939632978734e-05 0.011995731028029
0 0 0.000125332094422321 0.00928159004916209 0.000176088889363175 0.00937305532381883
1 1 2.44960256700391e-05 0.00668382361148197 2.3043768547944e-05 0.00630941233176955
1 1 6.09858750980081e-05 0.00540625130124184 5.40959146401002e-05 0.00514913874367473
0 1 2.51240238368029e-05 0.00937241878407764 6.85481778427978e-05 0.00929002709973454
0 0 2.41414723697748e-05 0.0119459643667012 2.55916839593028e-05 0.012006294971869
1 1 8.27447135759706e-06 0.00694666419581889 4.72124469063734e-06 0.00693285379677808
0 1 1.02891316905427e-05 0.0152774994286703 1.42449393306008e-05 0.0151536139743423
1 1 1.01332852585672e-05 0.00337332158627574 2.11346755841843e-06 0.00298945231402385
1 1 1.96257451552748e-05 0.0101646351908983 1.93422551241055e-05 0.00954238099064754
1 0 1.14778525858435e-05 0.00629656376102153 5.88258398909899e-06 0.00650853083289295
1 1 7.97862448024178e-06 0.00207117591488782 4.93873556741945e-06 0.00206797591859826
0 1 9.37645583994723e-07 0.00221525186578803 9.91760998881269e-07 0.0021152178977994
0 1 3.29925289492929e-06 0.00229311488519158 8.15085950698236e-06 0.00215030066945426
1 0 3.42451081935558e-05 0.0045711245710955 3.15859853616167e-05 0.0050167634974434
1 0 1.42056944206085e-05 0.00536286308592403 1.38812835463191e-05 0.00576701826080611
0 0 2.78159819913852e-05 0.00247894701154759 3.29061007145613e-05 0.00259777420097186
1 0 0.000165545731709409 0.00756679569671529 0.000107174158348112 0.00764485276189815
0 0 5.6873189967306e-05 0.00659759659586247 6.05809979635232e-05 0.0067754047386136
0 1 2.61748057246763e-05 0.00774304304100292 2.89239327644094e-05 0.00749011589134513
0 1 1.6535345812775e-05 0.00246452743179722 2.1549502402992e-05 0.0023548404795767
0 0 5.21979601837688e-05 0.00596998125555399 5.71634606993089e-05 0.00608319564772065
1 1 3.64833288357283e-05 0.00329781314599366 3.27839472064438e-05 0.00320628260318638
1 1 8.7821457043007e-06 0.00466462454295764 7.65986620062148e-06 0.0044585878727494
0 0 7.78152977829247e-05 0.00880083181570554 9.75140352487992e-05 0.0089268054710091
1 1 9.63559699659417e-06 0.0139651407685703 3.59288756709409e-06 0.0137015863764804
1 1 3.87424575965833e-05 0.011350373580965 3.8098188849678e-05 0.0111493185522038
1 0 2.89098815331937e-05 0.00501086875564944 1.68869512550703e-05 0.0050195299340005
1 0 3.42051715476693e-05 0.00947266477247909 3.06895210133337e-05 0.00970057556283847
1 0 6.71778212748225e-05 0.00412912359185289 2.32909913451258e-05 0.00437240292726481
0 1 3.36922893418704e-05 0.0129148323100737 3.66514059089168e-05 0.0127023696819668
0 0 9.11277036528366e-05 0.0126813268149534 9.43348188709473e-05 0.0133344129606754
1 0 2.5414198112441e-05 0.0164201203654425 2.27032957855821e-05 0.016899140446072
0 1 5.96099691166493e-05 0.0149422545383123 7.11488813974889e-05 0.0149040694319711
0 1 0.000134126275787295 0.0134664080778736 0.000142600695087149 0.0133049306772484
0 1 0.000104671062042239 0.0120932576402344 0.000107858547575435 0.0118597210222578
1 0 0.000277172734530413 0.0156416812173792 0.000239076073834871 0.0161054179100861
0 1 1.26905630003711e-05 0.00699343271158825 2.01630852312062e-05 0.00690085958104603
1 1 5.61213788667304e-05 0.0069373419535935 5.20762119062202e-05 0.00685558054167371
1 1 4.21553420230348e-05 0.00503615771201378 3.39450606582956e-05 0.00482264542891254
0 1 3.07834616867388e-06 0.00217974284653092 5.80057580528132e-06 0.00217115159458595
1 0 1.15911237822247e-05 0.000829009182032578 7.31481546954675e-06 0.000917286630044776
1 1 1.57253627199866e-05 0.00992890877873281 6.06687943896872e-06 0.00981179743444122
1 1 2.39642599613092e-05 0.00479513018511293 1.15086921700591e-05 0.00448289229909022
0 1 7.67328603346279e-05 0.0104539252010692 8.69157348214658e-05 0.0102952144150933
1 0 5.06262155785417e-06 0.00363312639093998 1.65837883101976e-06 0.00369343123699139
1 0 7.26795837851891e-05 0.0133304635373807 5.99585281143731e-05 0.0133595985938546
0 1 0.000112147453001151 0.0118974164840376 0.000121582136233166 0.0118551308893704
0 1 4.26268814515774e-05 0.00852213296757061 5.25439233782049e-05 0.00839186858544147
1 1 1.70255120346041e-05 0.00730001275043301 1.48803552988659e-05 0.00721928280392605
0 0 4.16708300168205e-05 0.00629006157906859 5.00404228056761e-05 0.00661664332516006
0 0 1.14836316636298e-05 0.00300404578511141 1.32028149095384e-05 0.00315878615313654
1 0 1.30352230648244e-05 0.00121955270280397 9.04971902294628e-06 0.00137789596429647
0 1 2.47875022052694e-05 0.0090084950330949 3.10983186987361e-05 0.00869087073362596
1 1 0.000159432079694832 0.0150930465578321 0.000153187610140151 0.0146235370715351
0 0 2.73051785698362e-06 0.00214124638002215 3.62790277572823e-06 0.00221548029913819
1 0 1.21124267615093e-05 0.00345194259570578 9.45072562189179e-06 0.00362872987984811
0 0 5.54312132550235e-05 0.00666761435886776 5.93726111507805e-05 0.00679591441572689
1 0 6.2295050086237e-05 0.00826934047037346 5.6845957910649e-05 0.00827039670550107
1 0 6.64368984033668e-05 0.00679731597219976 6.01400173287194e-05 0.00682032139668394
0 1 1.77441430111935e-05 0.00847248058900561 1.97891470561074e-05 0.00845517096326124
0 1 9.60755190363438e-05 0.00525453221596085 0.00010192186842793 0.00504572433323983
0 1 5.0569231959439e-05 0.0201318418124657 6.49844719561456e-05 0.0196733130585692
0 1 2.67066137713208e-05 0.00329704425828856 2.73063502702448e-05 0.00304732724334428
1 0 2.91277443024652e-05 0.00809734348870042 1.7329506325391e-05 0.00821956782195387
0 1 2.25842344721222e-05 0.0093319659101706 3.44404395034682e-05 0.00870865363447226
0 0 5.11807065423074e-05 0.0161253653060195 5.15309738865778e-05 0.0161503164598631
0 1 2.55717041908401e-05 0.0153894965430078 2.59628766278825e-05 0.0150996678592338
1 0 2.98623468309884e-05 0.00372968626312007 2.64549955901561e-05 0.00390584123950173
1 0 4.16351979618547e-05 0.00632455058748579 3.57545526685457e-05 0.00638912970394177
1 0 3.49708612180743e-05 0.00511160524208799 3.03937258914039e-05 0.00529335262638327
0 0 3.12702479551952e-06 0.0026136754454818 1.063358372427e-05 0.00265708121993449
0 1 2.9667428347428e-05 0.00482249414539148 3.32065019235165e-05 0.00468930878712266
1 0 7.44670783861909e-05 0.0121859149298828 6.23527458013508e-05 0.0122523282701277
0 0 0.000138852616343631 0.0169370965544274 0.000144774570067244 0.0172354329451578
1 1 8.56148723045339e-05 0.00779580531649071 6.15447656352149e-05 0.00760968099294621
0 0 2.92037539877505e-05 0.00371729131167302 3.55267735026184e-05 0.00373933702625097
1 0 2.95268524995328e-06 0.00464393893189729 2.04412257657197e-06 0.00469630942567964
1 0 5.46383993917478e-05 0.00688317687853914 4.32949531952615e-05 0.00710915346108251
1 0 4.26904477505785e-05 0.00422933896213909 3.90352643975207e-05 0.00465986442943284
0 1 5.79457957821039e-06 0.00867876383292324 1.40834383934978e-05 0.00819010699603208
1 1 0.000128450873610495 0.0182823309759551 0.000123099301047556 0.0179936486159773
0 0 1.75983213250864e-05 0.0124415664770995 2.60989755717059e-05 0.0124835086974157
0 0 3.44510757821647e-05 0.00632588999562984 5.3389325921972e-05 0.00642083755243194
1 1 3.90773983899334e-05 0.00554718353526576 3.53543964724553e-05 0.00536762363286194
0 0 0.000152451154361996 0.00962877825407907 0.000158244035857873 0.00969793225241372
1 0 5.32745784765328e-05 0.00280028747530539 4.76194693268171e-05 0.00282553625187814
1 1 6.07773223393828e-05 0.00485643400230346 6.07604084917182e-05 0.00474534297779451
1 1 4.30825297767145e-05 0.00741669659155284 4.10376045741555e-05 0.00732711370227665
0 1 2.01499364217849e-05 0.012902434394688 2.68736191954873e-05 0.0126926827334315
0 0 1.05333271104525e-05 0.0160093550344763 1.05732444623091e-05 0.0162767122291269
0 0 6.4029131828141e-06 0.002218851495173 1.00060142578769e-05 0.00222527503183371
0 1 0.000187121766375037 0.0113557632680184 0.000191574714837685 0.0107058210262589
0 1 4.46019223413518e-06 0.0121903385761296 6.40646027020432e-06 0.0117046019026002
0 0 2.22160747416495e-05 0.00396415518905713 2.40759729249564e-05 0.0041841274871658
1 0 7.92047090274692e-05 0.0119327941377495 5.48727741541087e-05 0.0121181667511128
1 1 6.61353166837128e-05 0.0101167455189242 5.46330304905466e-05 0.0101098394495886
1 1 4.45709586399898e-05 0.0119292049521834 4.45470040473612e-05 0.0118206549142221
0 0 7.01066972293292e-05 0.0103901563623229 7.03682732420532e-05 0.0106930357448697
0 1 4.33940515187101e-05 0.00982784005183358 7.03895096405424e-05 0.00975051130941347
0 0 3.95737702527754e-05 0.0129790605896322 5.96989272933716e-05 0.0133381710640941
1 1 0.000135802977333448 0.0106444429175483 0.000119918412298919 0.0102489606595088
1 1 1.56707236791544e-05 0.00756727080105311 1.20519305402829e-05 0.00756593214676376
1 1 6.188855371107e-05 0.00694152058923016 4.60617814098511e-05 0.00659991758784239
1 0 9.67124423179324e-06 0.00450083639949869 5.953330809609e-06 0.00470905195478246
1 0 0.000440772479134153 0.0151742220503762 0.000392369738069109 0.0155742445588413
1 1 4.45034508545656e-05 0.00768771123288463 4.20850582685626e-05 0.00752423437063103
0 0 5.87157897390077e-06 0.00310219723099511 1.11880611354564e-05 0.00311315959525489
0 0 1.67773730724075e-05 0.0179755781487617 1.68446185924812e-05 0.0183398375576022
1 0 3.30515822315465e-05 0.0130536028548523 2.58161847388362e-05 0.013238056347862
1 0 4.88545923307248e-05 0.00865011040311289 4.24668996803019e-05 0.0088513115349508
0 0 4.25599423563448e-05 0.00627172218090055 5.22686954373778e-05 0.00627839267704623
1 0 3.67202567662747e-05 0.00452142157389307 2.90563245615117e-05 0.00452163242128488
1 1 3.88710963000289e-05 0.0125520813638109 3.39243889321008e-05 0.0123957941629593
1 0 1.88331836457568e-05 0.00390100564432957 1.27685506251223e-05 0.00399947170310699
1 0 1.68261227405183e-05 0.00887372017078216 1.65867838452361e-05 0.00912933927161019
0 0 1.86656737080114e-05 0.00536681871593997 3.85180851090239e-05 0.0058824049872906
1 1 1.83614787341928e-05 0.0102342800801671 1.75384019518205e-05 0.00994273595377332
1 1 2.44424554584909e-05 0.00385381651889847 2.0090478205552e-05 0.00366793098803861
0 1 2.03114587824885e-05 0.00758897668981289 2.08020547686549e-05 0.0072460894577007
0 0 2.53327824280135e-05 0.00733039406380078 2.77747005191032e-05 0.00766308666789219
1 0 2.68768191810719e-05 0.0143058988038099 2.66207292283131e-05 0.0145259085692611
1 0 4.32773184195029e-05 0.0168614975684756 3.97522119441281e-05 0.0169596718104504
1 0 2.08743384696557e-05 0.00456433093508663 1.9921007871072e-05 0.00489797973383539
1 1 4.33613755135817e-05 0.00939052716956187 3.83947764498665e-05 0.00924106060389521
0 1 3.06136110542531e-05 0.0102016724262455 3.26604084483177e-05 0.0101961942151603
0 1 3.61426617390218e-05 0.00861150185222368 3.97892922759613e-05 0.00832179501546588
1 0 4.06749826168794e-05 0.00261040202302168 3.92338187297806e-05 0.00264282137004164
1 0 5.61439190729541e-06 0.00398030171599418 5.21918876901225e-06 0.00408701834173227
1 1 0.000133860857944927 0.010884190523365 0.000127447424336821 0.0106655547287633
1 0 0.000103566190478349 0.0033980650430265 6.89115218245488e-05 0.00350195224627785
1 1 8.92096110565971e-05 0.00760926040612388 7.467717128096e-05 0.00747196485415517
0 1 4.04036368290991e-06 0.00478804519530719 5.66500672436999e-06 0.00478524136569246
1 1 1.05769373384901e-05 0.00359608441177755 9.65612467836716e-06 0.00356345400070673
1 0 1.82789171919906e-05 0.00380570650630615 9.39680315431471e-06 0.00391541591201756
1 1 0.000129591664628697 0.0128827193591537 0.000113624309500615 0.0123538678504301
0 1 1.239877105565e-05 0.00794740793386658 2.02767422947044e-05 0.00789661222433135
0 1 1.67671506700626e-05 0.00667036190336047 1.7124719498535e-05 0.00664077499697254
1 1 1.28854807457393e-05 0.00524060478968274 1.24302175580666e-05 0.00491555871888284
0 1 5.81375687129404e-06 0.0114800322239545 1.25532980525898e-05 0.0114246532962552
1 1 4.08484216493421e-05 0.00889854321309322 3.1400422083327e-05 0.00874813859997269
1 1 7.04491069502876e-05 0.0131827997612256 5.72333456220575e-05 0.0131270947284996
0 1 7.61891826005706e-06 0.0012372812572005 1.4039831398272e-05 0.00121563445523661
1 0 0.000111403131781565 0.00746150630983366 9.29743374776816e-05 0.00750068626437457
0 1 5.62988444285132e-05 0.0185729724513031 6.06280948318589e-05 0.0184407756567144
0 1 1.34470525644504e-06 0.00406886425878503 1.74068531876042e-06 0.00392022112138141
0 1 7.07616952981114e-05 0.0080097095846952 7.50719823458995e-05 0.00797390821848555
1 1 2.75137798147632e-05 0.00483140441544811 2.29828620414852e-05 0.004760192787087
0 1 5.93621592293346e-05 0.00618231185308028 7.30057948803559e-05 0.00601228000694058
1 1 0.000271071683805849 0.00716400842875642 0.000229225832523483 0.00687919986466257
1 0 9.97846323267544e-05 0.0133297444850448 9.16989720020677e-05 0.0140164541052177
1 1 2.78622854064681e-05 0.00743197908857631 2.67797284808147e-05 0.00686618582615145
1 1 1.94108895973991e-05 0.00498322964414385 1.42049738925108e-05 0.00496372304959411
0 1 0.000295756849955122 0.00820293163118922 0.000316350453281794 0.00806878006146629
1 1 1.83057980255579e-05 0.00409639843523156 9.95888145910445e-06 0.00405164946160197
1 1 5.15264755097376e-05 0.0135068427564769 4.45496354826438e-05 0.0133802431834819
1 0 8.53648138734413e-05 0.00541334229839339 7.57963675353264e-05 0.00564893704246673
0 1 7.69347521844388e-06 0.00498395634410588 8.24385875194057e-06 0.0047979105355746
1 0 1.34878012749212e-05 0.00352853308335249 8.73261807342852e-06 0.00355651344094391
1 0 5.58197985094947e-05 0.0100729278420836 3.34037457107432e-05 0.0101761626282962
0 0 3.69071775916929e-05 0.00576150008575799 3.99143916696515e-05 0.00600029261516495
1 1 7.34483105966273e-05 0.00836880513960717 6.85369833827429e-05 0.00827192678705147
0 1 0.00013502020323318 0.0105629870594379 0.000162496612073956 0.0104654381994449
1 0 5.49099950257956e-05 0.00861641466354407 4.62952032160686e-05 0.00914429832350099
1 0 1.16796941619312e-05 0.00852178100845984 2.9243199625431e-06 0.0086081866679598
1 1 5.21904075401206e-05 0.0158627864799986 4.60800814709853e-05 0.0145853604595839
1 1 9.53427140776285e-06 0.00174938633934845 4.51552479949153e-06 0.00174450121720405
1 0 1.04019166869124e-05 0.00340771415218894 8.24562727065178e-06 0.00368734978423585
1 0 1.22417499622746e-05 0.0023875677786248 5.30894190487652e-06 0.00244011249476966
1 1 4.26769415663441e-05 0.0136713298226344 4.25030794639202e-05 0.0133383019500068
1 1 1.84860418865176e-05 0.00497705319177188 1.02305679148713e-05 0.00488096492158814
0 1 8.18112361892557e-06 0.00918056416806696 1.13201010706964e-05 0.00906195277528003
0 1 4.25806693039981e-05 0.00456395750037841 6.10166580737817e-05 0.00425328042036864
0 1 8.14412940032198e-05 0.0187176331457064 9.27593042123402e-05 0.0180805080130367
1 0 2.05483780690461e-05 0.014149746699484 1.84224107332029e-05 0.0141647872255627
1 0 2.45223146635709e-05 0.0036170970692609 2.36809474193262e-05 0.00362411510752041
0 0 4.27386387672876e-05 0.00512397561015826 5.42917257877254e-05 0.00531004778987022
1 1 0.000126137988307583 0.00617867139307231 9.98945952167006e-05 0.0057846208456192
1 1 0.000432664801590701 0.0148843882793387 0.000402336989494039 0.0145657317067688
1 0 2.97372266473326e-05 0.00821928090069822 2.53889354982141e-05 0.00830332044375499
1 0 3.4739580083141e-05 0.0110418985786249 3.0637133627642e-05 0.0112928939942169
0 0 1.28260144991911e-05 0.00552072613445743 1.42016000505507e-05 0.00561302033276777
0 1 7.14231940364412e-06 0.00492715259811314 9.01514370495602e-06 0.00478917277190484
0 1 1.34867347656834e-05 0.00466383457184247 1.60856051109629e-05 0.00457052222170132
1 0 2.82801418854062e-05 0.00524249051904377 2.33044586847978e-05 0.00529321276381957
0 0 8.72021650970396e-05 0.00478785589085067 0.00010473784601334 0.00528983531872648
0 1 1.56077656032853e-06 0.00691530511223895 5.97306273463312e-06 0.00687273631482811
1 0 5.00519368294093e-05 0.0103147821142173 3.92024397257745e-05 0.0104690601735999
1 0 2.44756474613211e-05 0.0016187296990168 1.383588445947e-05 0.0016369886321693
1 1 0.000166999682325196 0.0117745895561251 0.000163004530908833 0.0115766840694717
1 0 4.21053514880997e-05 0.0094295286149471 3.80826695373603e-05 0.00955848074870219
1 1 0.000218356186805713 0.0157911067200141 0.000198459326105687 0.0153570575385239
1 0 5.87643536423938e-05 0.00743944061455335 5.06135434670036e-05 0.00796848131991601
0 1 3.69883421850858e-06 0.00817080505694348 4.83824247409037e-06 0.00757742125425909
0 1 3.87212856527951e-06 0.00282567315179845 5.87723716098583e-06 0.00266985602228659
0 0 0.000135640643292749 0.0100066591763342 0.000175926840879889 0.0104578464915617
0 1 2.80775056290536e-05 0.00507724862176494 2.98884824032791e-05 0.00506038418423109
0 0 6.28294558101799e-05 0.0126071683383415 6.42387990595381e-05 0.0129308090606814
1 0 9.35294604042825e-05 0.0183895690783613 9.28214696787467e-05 0.0188112143764457
1 0 8.67006712090886e-06 0.00387063147113839 6.58346555946319e-06 0.0039857955720955
0 1 1.44191962134499e-05 0.0116237397783726 1.50003748073799e-05 0.0114997144997078
1 0 3.90625134924728e-05 0.00280736056420458 2.64029603791063e-05 0.00293910280366794
1 0 1.32113651176185e-05 0.007881870144895 1.02163563289319e-05 0.00790061923653479
1 1 1.14394707727105e-05 0.003168981876622 1.23689088455523e-06 0.00290718737156988
0 0 7.6572008520077e-05 0.00866561799336721 7.68142534432144e-05 0.00907200514732585
1 1 1.33436386900214e-05 0.00397677947661137 1.1185708121318e-05 0.0038288072152434
0 1 6.39638818004201e-05 0.0139936878735773 7.85109167760405e-05 0.013374502340622
0 0 4.80448786485032e-06 0.00451505771730379 6.48966737521301e-06 0.00452951154718683
1 1 9.24647762310879e-05 0.0128047026351319 8.86558361998658e-05 0.0124089001449366
0 0 5.6290496217317e-05 0.00526553298209009 6.10583185729764e-05 0.00530175245970151
1 0 7.38297424073752e-05 0.0103531252747754 5.97053710891622e-05 0.0103573416222712
1 1 0.000102848555015589 0.00642149653282952 0.000100833385988602 0.00617290038382538
0 0 4.43821436813829e-05 0.00520561964760362 4.7732703424815e-05 0.00521124381075111
0 0 1.85084882867758e-05 0.00250517408734786 1.93836638127444e-05 0.00268384916281342
0 1 2.79362606803295e-05 0.00836166149299921 3.22331119949166e-05 0.00830165211793072
1 0 3.20781818397125e-05 0.00609447827441969 1.91185244437466e-05 0.00620741997906843
0 1 0.000242157533245454 0.0209499920035342 0.000248615948246873 0.0201900396210812
0 1 4.52138104670103e-05 0.00913446312736877 5.11726697587029e-05 0.00891784666469867
0 1 8.42128900252506e-06 0.00342270479074851 8.59246001842085e-06 0.00307579860898208
1 1 0.000101490294555808 0.0182848492803356 9.67404664220255e-05 0.0179506519472964
0 1 4.03388447550222e-05 0.0100078794007769 4.63512945953006e-05 0.00975530500185824
1 0 6.92158327580292e-05 0.011486410387689 5.54804679331585e-05 0.0117274432527724
1 0 5.88127345359053e-05 0.00894858275998664 5.12870536409323e-05 0.00918023883614031
0 0 4.25762681847917e-05 0.0186113956386171 4.51785223548842e-05 0.0186164954954067
0 0 4.15224247289931e-05 0.00689672028603366 5.01226332797481e-05 0.00701568617612158
1 1 1.02938204073965e-06 0.00204714310937824 5.85654047221184e-07 0.00196370190900098
1 1 2.04585541921419e-05 0.00270213549998887 1.46552670198221e-05 0.00257537661211782
1 0 2.3288910014014e-05 0.00481433849656011 2.05683994321339e-05 0.00518108002136905
0 1 2.05062043557555e-05 0.00615144091157187 2.47000514725157e-05 0.00583669871044671
1 0 6.00749406325177e-05 0.0105106801050687 3.37906602572805e-05 0.0110351478817792
1 0 1.03528647718832e-05 0.00399225490087378 9.0671530592482e-06 0.00415704436482612
1 0 6.13091239450566e-05 0.00675133009078597 5.0488332987306e-05 0.00681550429513227
1 1 1.25441079206016e-05 0.00401560172413584 6.47108784378669e-06 0.00394576194926179
0 0 5.30911593482987e-05 0.0044413226240473 5.69204321798665e-05 0.00444134914922719
1 1 3.03913700386091e-06 0.00635272359841925 2.5335972377977e-06 0.00627678371327849
0 1 3.35195717885588e-06 0.0028725389429967 9.61935153736225e-06 0.00279246983418853
0 1 3.73609676732799e-05 0.00454472204215466 4.05309642345446e-05 0.00427285487746443
1 1 2.35763694198899e-05 0.00816019386986978 1.72606133353113e-05 0.00813436587417454
0 0 0.000133684500361291 0.0125456919599237 0.000148506009239575 0.0127049863639729
1 0 0.000174764731441508 0.0164628290410901 0.00017448428107666 0.0165004998187173
1 1 7.80633286881459e-05 0.00617855395363827 6.82680643663044e-05 0.00548391655827372
1 1 5.38965019073017e-05 0.00309934053278312 3.97953032259484e-05 0.00309775981363293
1 1 8.77357453155233e-05 0.0193270765059119 5.80503019261137e-05 0.0190072431102894
0 1 2.8523356335903e-06 0.00319686514819001 3.31266946425933e-06 0.00314550978716452
1 1 2.53858136893843e-05 0.00721099803636972 1.48221286524574e-05 0.00720943285630501
1 1 4.50756912926937e-06 0.00483609499192738 4.46538909396525e-06 0.00461511018108329
1 0 0.000112010590807691 0.00972094251467252 9.90395827866307e-05 0.0102398673153962
1 0 5.35396102803196e-05 0.0118366645402491 5.19638800115459e-05 0.0120930693681529
1 1 6.900216235804e-05 0.00617552249786855 3.93976463105583e-05 0.00602646109061199
0 0 0.000233534605064348 0.011487180448705 0.000248835146269831 0.0116233319745251
0 0 0.000103035776104628 0.00967331799164254 0.000106009399955906 0.00985155231074655
1 1 6.7706294912758e-06 0.00605884926015243 6.57732875226884e-06 0.00601233379994688
0 0 8.58602869325396e-07 0.00425477789779052 5.38241372798274e-06 0.00453952176090795
1 0 0.000226749870353498 0.0183912069601183 0.000197023556655639 0.0188498651316035
0 0 7.78386248449425e-05 0.0108487183114219 8.85345905421172e-05 0.0108542148379657
0 1 1.68803550401225e-05 0.0114897145180324 2.72353296013477e-05 0.0111366425174258
1 0 4.41189726016838e-05 0.00550895510230413 2.2052166471031e-05 0.00617609168983023
1 0 2.93022219827312e-05 0.00309094718551404 1.90179276076327e-05 0.00317658341453193
1 0 1.75518216610397e-06 0.00150606654794702 1.55292543258769e-06 0.0015960582328774
0 0 0.000123396524655402 0.0105284950516661 0.000136098660192964 0.0107326025467443
1 1 2.71142780567475e-05 0.00362530346285634 1.57216301024714e-05 0.00360195890568342
1 0 3.46205748406167e-05 0.00308572907654921 2.62755331957924e-05 0.00310094352787482
0 0 8.55310133621818e-05 0.00926627460771452 9.8554344927947e-05 0.009363252490952
1 0 1.88404923441725e-05 0.00415944150577985 1.63082985070793e-05 0.00450002212017637
0 0 8.37632699486902e-07 0.00658475692691508 3.0722246533853e-06 0.00659845343227316
1 0 1.51270690755929e-05 0.00149588621539055 1.50932853982766e-05 0.00150507417909387
1 0 3.30538682346949e-05 0.00374552213096135 2.69608847639072e-05 0.00386804449500158
0 0 6.64884560932506e-05 0.014828923715276 7.66564037690171e-05 0.0151114415521724
1 1 7.06206620653845e-06 0.0101331369582224 3.9797529360615e-06 0.00972021503466571
1 0 9.63997671581553e-06 0.0123485966367485 5.82763656428804e-06 0.0124238206143581
0 1 8.34570819048143e-06 0.00627987250846283 8.35817657713677e-06 0.00606266140320502
0 1 5.9232117842384e-05 0.0134444215969029 6.32210076950971e-05 0.0129406451838836
1 1 7.22664709002119e-05 0.00609424562089145 6.79507204328642e-05 0.00605564359364506
1 0 6.61365555629241e-05 0.00472022000215414 6.15808028080513e-05 0.00485921945183869
0 1 2.08092333123392e-05 0.00520038224353464 2.1018451269972e-05 0.00492797171021896
1 0 1.67749589653581e-05 0.00157366765626024 6.77769434119752e-06 0.00167166868174091
0 0 3.35451577236498e-06 0.001565561935249 6.07390065702361e-06 0.00166795404096766
0 0 9.305886013202e-05 0.0109392793106936 0.000106415544758207 0.0112477916757457
1 0 5.58833324360149e-05 0.01443237792412 5.3473723432113e-05 0.0150650702972499
1 1 5.37508709233895e-05 0.00545500100865324 3.43244962574936e-05 0.0051878292954047
1 1 2.68391073265852e-05 0.00249922916332031 2.09489004610418e-05 0.00231384724511552
1 1 1.12109278342138e-05 0.00294951254476318 9.71746003867885e-06 0.00289596115980223
0 1 6.29381944927542e-06 0.00915580721985392 9.70979383173242e-06 0.00877101386988513
0 1 1.16096385422934e-05 0.00519937417649217 1.40578994273343e-05 0.00498913397752469
0 1 3.36521488609518e-06 0.00398709494086965 3.85208037620854e-06 0.00376607269620352
0 1 2.03629319958586e-05 0.00533421123564047 2.16868528402871e-05 0.00525517152889104
1 1 4.19996587728914e-05 0.00612210604227134 3.42264450764151e-05 0.00592044668198755
1 1 4.62434505725527e-06 0.00326859905922804 3.99487364882057e-06 0.00317870882497624
0 0 3.91205338789391e-05 0.00933183341740723 4.10784248673888e-05 0.00958862508235801
1 1 0.000123036475993585 0.0087511642438826 0.000107707789638599 0.00861287567938989
0 1 3.86946873573152e-05 0.00720084642854797 4.47118240440897e-05 0.00679476424526918
0 1 0.000135437833265367 0.0188144888400454 0.000142146187502017 0.0186778683673466
0 1 2.20154496617096e-05 0.00335959016629898 2.55280949074614e-05 0.00326278510833175
1 1 0.000179394055003038 0.0156128069099009 0.000134091732218116 0.0152292170827727
0 1 1.20821067657722e-05 0.00561010568026541 3.33579107851597e-05 0.00557980107028153
0 0 3.04098063981566e-05 0.00825625777609065 4.17695623796746e-05 0.00851174674302086
0 0 1.66312424456632e-05 0.00494229625918936 2.09226186601085e-05 0.00505585907364564
0 1 1.83786942876367e-05 0.00840615389807713 2.06014951751155e-05 0.00807111758320175
1 0 7.50573586748202e-05 0.00967060590515235 7.11410510740861e-05 0.00967282966026352
0 0 1.64894050358364e-05 0.00459596187760444 2.1229432041673e-05 0.00463691288456977
1 0 9.29713512169343e-05 0.00669762913354794 8.65855519421454e-05 0.00676179086068011
0 1 1.65900343546056e-05 0.00278551681182981 1.68594775780432e-05 0.00276588552258948
1 1 0.000121671684395489 0.00975057651843962 0.00011705490748031 0.00973794275322769
1 1 5.00223391066622e-05 0.00704924000534063 4.32568647091441e-05 0.00689380216753835
1 1 3.44269885061678e-05 0.00474282061871333 2.52481149810738e-05 0.00452082662158383
0 0 4.78513949092733e-05 0.0089305319686778 5.85118800526206e-05 0.00904937477272099
0 0 3.264875490655e-05 0.0105155981084689 3.54829057721167e-05 0.010967698864565
0 0 7.08461944592382e-05 0.00905457588161267 7.55701901411863e-05 0.00910600257629046
0 1 0.000204447411505581 0.014772996639568 0.000209671088990085 0.0145303221800346
0 0 2.93800672034673e-05 0.00886789901744919 3.70740040027022e-05 0.00890093334375336
0 1 3.43273652086653e-05 0.00574388304701811 3.64406772200489e-05 0.00570293234625914
1 0 7.89965722827887e-05 0.00962576799291893 6.5964387183883e-05 0.00992351803584701
0 1 3.55459632839939e-05 0.0117480699855859 3.59480216244099e-05 0.0115842693499424
1 1 6.92674235763064e-05 0.00703646071174816 5.33469780039864e-05 0.00677984452277604
0 1 8.14801141008632e-05 0.0169129958690122 8.15017472674107e-05 0.0168197989727413
0 1 5.86324539824767e-05 0.0145252118848017 6.14953575389201e-05 0.0144098264191557
1 0 6.53742231517717e-06 0.00201952371399913 4.08374844528898e-06 0.00206613395802228
1 0 3.34789939695372e-05 0.00244835867145785 2.39465271797199e-05 0.00246743876637185
1 1 4.29796929610753e-05 0.0114986926012266 2.61804252301608e-05 0.0114908766888015
1 0 7.79211222070213e-06 0.00503468825432544 4.76758982421638e-06 0.00504873227596669
1 1 5.82996335538641e-05 0.0114064585990478 5.81735003443501e-05 0.0110734385891504
1 0 3.39822403052327e-05 0.0131066074951246 2.71536784423377e-05 0.0132395628693941
0 1 1.67721960447255e-05 0.00919862807152441 1.9074577124605e-05 0.00895147475983049
0 1 1.16214778255385e-05 0.00711082715929523 1.32546934515754e-05 0.00678554549440206
0 0 6.1314711165843e-06 0.00318943512086535 6.90022505089482e-06 0.00362918602842398
1 0 2.73926502273064e-05 0.0161895268444695 2.69046480260399e-05 0.016458111895723
0 1 0.000139036260348839 0.0114190526963406 0.000153751187783008 0.0113179809149744
0 1 2.40408792405797e-05 0.0127707526930123 3.26599098104642e-05 0.0125954000158326
1 1 0.000239467345747175 0.0218485261946372 0.000230215540503909 0.0212885450845429
1 1 4.71774938797288e-05 0.0127406346892249 3.43625221686821e-05 0.0126357625544788
1 0 0.000100068999425151 0.00741294492062793 8.3035994601497e-05 0.00816287552105778
0 0 1.09490926663782e-05 0.00621429811471358 2.68384355388104e-05 0.00656193126508272
0 1 2.56735656376969e-05 0.00639458469356937 2.82613854343496e-05 0.00627775888373309
0 1 1.34632695881411e-05 0.00178644779514422 1.75775113072114e-05 0.00167795231461841
1 1 9.58824196235398e-05 0.0097555606376962 8.19554492808878e-05 0.00972750040415067
1 0 4.19184393644639e-05 0.0102703875451159 1.38428341204028e-05 0.010886992001706
1 1 2.10721760137122e-05 0.0104788050148685 1.7816793194287e-05 0.0099322053046239
0 1 9.2970265846897e-06 0.00520937177301277 1.01903745632045e-05 0.00511229077561664
1 1 7.458092479319e-05 0.00820219388704921 6.48639558360389e-05 0.00791052584620077
1 0 5.146504969214e-05 0.00777668167069186 2.95084675693173e-05 0.00810422814989844
1 1 1.50403828081257e-05 0.0127681604265779 1.33935979457218e-05 0.0127489246164669
0 0 5.18416779126483e-06 0.00849370694656062 7.5170506579972e-06 0.0086671716765133
0 0 1.39307610470183e-05 0.00363539479658479 1.47259731795349e-05 0.00367518734197995
0 1 0.000161150049529754 0.0130857528220732 0.000171183899125052 0.0129805853364008
1 0 7.64291477781635e-05 0.0110239483941435 5.87725264859493e-05 0.0111108288032026
1 0 8.65762979533943e-06 0.00147126206189079 5.2737365751871e-06 0.00147927812876613
0 1 5.42168417637515e-05 0.00426742183695114 5.42941048557455e-05 0.00426376440705502
1 0 2.69706686443098e-05 0.002478680032976 1.97727236023669e-05 0.00259998961425825
0 0 2.19804616718384e-05 0.00958505407871734 2.51563043601422e-05 0.00970143494187445
0 0 1.31025899526129e-05 0.00527761669246422 1.58083519003807e-05 0.005288217328482
1 1 2.71798587323524e-05 0.0106377920123188 1.36389613633979e-05 0.0103313773249437
1 1 3.89119785255987e-05 0.0108136340792515 2.82062380642187e-05 0.010792666600186
1 0 3.99950579747483e-05 0.00770658478297518 2.69700838670767e-05 0.00783869858584896
1 0 2.89365963147959e-05 0.00403409046052257 2.33594615936694e-05 0.00434688579868053
0 1 2.27879731254427e-05 0.00887694904307669 3.40667568301452e-05 0.00856839065748879
1 1 1.45141054733531e-05 0.00285996633728559 1.02512708734993e-05 0.00285787297160575
0 1 3.44928171019503e-05 0.0119107966227572 3.82561100523058e-05 0.0117604118328482
0 1 6.30420528567581e-06 0.00901177553270363 8.9698812675904e-06 0.00889851679314344
0 0 2.4791895529853e-06 0.000975807997442391 2.89336597486981e-06 0.000982146060764857
0 1 1.04165493971168e-05 0.00893895389656767 1.25588423128633e-05 0.0084781596952057
1 0 1.82228100763789e-05 0.00576183083444157 1.58751526090331e-05 0.00584444976417209
0 0 1.48775205669026e-05 0.00383929741416282 1.55610863561218e-05 0.00401337168417724
1 1 6.98766804782442e-05 0.00882627380217985 6.25127860664649e-05 0.00822211641880065
1 1 2.82735793617231e-05 0.0128296022323526 2.24089199049892e-05 0.0125830693533776
1 1 6.1537934154279e-05 0.0155757832263053 5.2998070067003e-05 0.0151878761367918
1 1 1.29578852822126e-05 0.00515536437309526 1.15126009286428e-05 0.00508166597226259
0 1 0.000101235096446657 0.0180159301794862 0.000112883017934787 0.017310805335312
1 0 3.66405046269392e-05 0.00529783967282501 3.36444970194101e-05 0.00530905376669525
0 1 2.36890782470272e-05 0.0147061391563462 3.60269972935121e-05 0.0146805106203552
0 1 0.000180868724822734 0.00869100691009546 0.000206541884280937 0.00849547634914337
1 1 1.35255357633766e-05 0.00227267354019932 7.8201863848245e-06 0.00225675726862849
0 1 6.64518617338471e-06 0.00733066835656084 8.50969234842601e-06 0.00715403490741652
1 0 4.02727026270727e-05 0.00512058107906164 2.93368011123162e-05 0.00514147310552776
1 1 8.09720804274544e-05 0.00732178662376219 6.73019573078108e-05 0.00723068088933786
1 0 8.5244644487718e-06 0.0045502643126889 8.2411230166449e-06 0.00467099247825088
1 1 9.5501108208843e-06 0.00299163008740665 8.31644257933464e-06 0.0028875059656516
1 1 5.97917850171699e-05 0.011921371998333 4.71208077494924e-05 0.0118921451797998
1 1 3.1081858432119e-05 0.00876276649470235 1.71773132045374e-05 0.00844966338551977
1 0 0.000100048195333301 0.00408042213089221 6.68865094617367e-05 0.00418299854854414
1 0 2.0003411582783e-05 0.00685270769247907 1.89024194803364e-05 0.00692950631821391
1 1 6.48851196316017e-06 0.0046199472787841 5.75319502216138e-06 0.00414339578269779
0 1 4.27072201232723e-05 0.00295213062551534 7.48730582094386e-05 0.00289667036886916
1 0 4.00661559978819e-05 0.0151263850142647 3.69900435684683e-05 0.0151836451019081
1 0 0.000114301780143143 0.0156330935626631 0.000101989829276463 0.0158075981946842
0 1 7.9889894592808e-05 0.0163172676552399 8.14602524105429e-05 0.0161783691517408
0 1 1.27987126472427e-05 0.00517885607775684 1.75314742662811e-05 0.0049290929862863
0 0 1.28199457951137e-05 0.00606615143444264 1.5782083122391e-05 0.00629096395784047
1 1 1.13292979465928e-05 0.0129332752263748 5.57590303034237e-06 0.0122256294776119
1 0 4.85913870007653e-05 0.0116342531895335 4.42599058154558e-05 0.0122689174507177
0 0 1.18518753846116e-05 0.00998301721905776 2.16853803813895e-05 0.0101155989173728
1 1 0.000185803438303869 0.0172457038126506 0.000175741355257583 0.0165368954698301
1 1 3.2534736160655e-05 0.0059112137012783 2.78105364304288e-05 0.00579212974850998
1 1 1.46402932054592e-05 0.00338762120044851 1.02818743900235e-05 0.00306506021320421
1 1 2.09730902208559e-05 0.0105543257582202 1.72340973212485e-05 0.00973739873982589
1 1 5.81491431396752e-06 0.0030275258229781 4.28390091542776e-06 0.00287617955141327
0 0 4.31518128683189e-05 0.00447052471239365 8.34685237946127e-05 0.00453169900264395
1 0 5.66861078563649e-05 0.00813415377738579 5.30200469382851e-05 0.00868755115241403
0 0 1.30929257219912e-05 0.00424387963661084 3.38497292417427e-05 0.00453545923167368
0 1 0.000133207008135911 0.0161367536495905 0.000139379743613214 0.0156252517157926
0 1 5.53671555790749e-05 0.00625826565109564 7.90406136429765e-05 0.0061838380273165
1 1 4.35227091790783e-05 0.00390433157793732 2.91922652299136e-05 0.00389463363828373
0 0 2.4333936056499e-05 0.00830401748131149 2.57535265686846e-05 0.00845054944578098
0 0 9.46729182659819e-05 0.006500881002066 0.000116771962611882 0.00671762660951415
1 0 3.06893586920061e-05 0.0108067291960126 2.57332914153588e-05 0.0109732082828402
1 0 3.48187879116356e-05 0.00502973043227418 2.87504919486695e-05 0.00564706436799109
1 1 2.27030132135527e-05 0.0068136317441483 1.24460770650092e-05 0.00631432357822278
1 1 2.96318319288471e-05 0.0133608408692856 2.77524491241465e-05 0.0129788890022912
0 0 2.96711547157756e-05 0.0137092141086254 3.06998565159725e-05 0.0140836977746542
0 0 6.00469584950114e-05 0.0136522371723975 6.59028477054052e-05 0.0136652312791714
1 1 1.58306943600314e-05 0.00216597050054188 6.38191895329445e-06 0.00204818642257651
1 1 6.36562921389333e-05 0.0139443251024911 6.02766941808082e-05 0.0139139565536995
1 1 0.000112938951381664 0.0119030903331278 0.000100862559252033 0.0118242792909282
1 0 7.90077101897326e-05 0.00809607570457849 7.08515979752795e-05 0.00865768611812301
0 1 8.59434774829177e-06 0.00189191025483498 9.71936115341009e-06 0.00176261352042677
1 0 4.49897665373572e-06 0.00646911418779741 4.02507257587178e-06 0.00648516016800857
0 0 1.89883987982298e-06 0.00354296126155271 2.61441696007255e-06 0.00366920039557526
1 0 2.06057978155791e-05 0.00661776443677906 9.68283435847446e-06 0.00676041911592956
0 1 0.000114128289654289 0.0106261547588862 0.000153278111034441 0.0105113880762813
1 1 5.39282137463672e-06 0.000985788063459408 4.77501898754288e-06 0.000921516092160593
0 1 3.34633313562509e-05 0.0168377867029475 4.17867707397613e-05 0.0160071035386449
0 0 5.83593736119059e-05 0.0124449337353178 6.17476434241108e-05 0.0124464831788308
0 0 7.15895752332213e-05 0.0106101407888555 7.47119761065657e-05 0.0108276573783151
1 1 5.41975099525887e-05 0.00596684898031625 2.39023462734179e-05 0.00592263034844282
1 0 6.59171339185607e-05 0.00969530753457234 6.54385048442724e-05 0.0100144928112007
0 1 4.62242930083602e-05 0.0132828561149081 4.94352869483459e-05 0.0128893637117546
1 1 5.65102446221542e-06 0.00426574673324838 2.15037788170029e-07 0.00397785890003005
1 1 4.0304519776708e-06 0.00508178558318539 3.75005463099508e-06 0.00499491553888219
1 0 1.62938527445799e-05 0.00948141047466748 1.24194266476044e-05 0.00977033051092614
1 1 0.000100390474675792 0.00851690258368933 7.9523803154844e-05 0.00844858363368527
1 0 1.68256461834687e-05 0.00402783778426952 1.49458725725883e-05 0.0040543967410456
1 0 7.07261978677075e-06 0.00231866485679965 4.45855140860049e-06 0.00232465385418606
1 1 4.50190486824694e-05 0.00926240323602072 4.00532932037527e-05 0.00832568604866149
1 1 0.000160653026239458 0.0146829859394604 0.000130396452485986 0.0146197354858577
0 1 2.71213266726506e-05 0.0131124995070652 3.26405857278378e-05 0.0124421201157626
0 0 0.000159321229494714 0.00893313519458371 0.000185691416413119 0.0091767479208371
1 1 3.32518362384927e-05 0.00640183067560268 3.17375110966671e-05 0.00632253727674148
0 1 2.18019526107664e-05 0.00670472542186341 3.43066117976951e-05 0.0062250798412716
0 0 3.62083003756383e-05 0.00784738685814418 3.80432527557412e-05 0.00809398195069695
0 1 3.45207181000731e-06 0.00449602399808083 1.0043516983354e-05 0.00437971685188344
1 0 3.55297255084784e-05 0.00416511693040718 1.75355664082937e-05 0.00416722496874305
1 0 0.000171277422038418 0.015707175728803 0.000137883821027472 0.0157924880672953
1 0 0.00010520669402683 0.00428703385316848 7.62424953418812e-05 0.00440385567655338
0 1 3.43766565483042e-05 0.0116750672663369 5.3890592358807e-05 0.0114311122882558
0 1 2.13875277829577e-06 0.00591553276284131 2.7778579117168e-06 0.00573727280747745
0 1 3.15388089559474e-05 0.00774857638606844 3.82764711206789e-05 0.00739709478801009
1 1 3.6690899866835e-05 0.00399666223446308 3.0997777608902e-05 0.00368010993205584
0 1 1.94909992466621e-05 0.0163320740038287 2.14110510989251e-05 0.0155544349574847
0 1 5.60882850645887e-06 0.0027820922775089 9.86724450564886e-06 0.002534272336419
0 1 1.88335833784468e-05 0.01177431409675 2.6531043310786e-05 0.0111372344687327
1 1 0.00018274235761872 0.0118042286096573 0.000165338302849831 0.0117676774412221
0 1 5.04974651695342e-05 0.00355205285436285 5.46332782794739e-05 0.00341234967141497
0 1 5.49104111877414e-05 0.0102599652029733 7.51997097422604e-05 0.0101004736947386
1 0 3.17565192060533e-05 0.00442303396848799 2.44257728464095e-05 0.00445267374920387
0 1 4.98276765033928e-05 0.00602060398967853 6.24023320252761e-05 0.00576902122509499
1 1 3.57079846125229e-05 0.0044986779719423 3.54447042142749e-05 0.00435795392076184
0 1 4.18541786240373e-05 0.012023014977852 4.89801966729711e-05 0.0116367587779421
0 1 3.62335857187812e-06 0.00187896408230739 4.13673924666473e-06 0.00174486914036059
0 1 4.45566033401472e-05 0.00520185396777445 5.05040465582527e-05 0.00494212273204482
1 1 2.16514546229443e-05 0.00409712095940565 1.41103195379156e-05 0.00407766881704839
0 1 2.97246356577795e-05 0.00895553963358199 4.26860519525608e-05 0.00887296066101445
1 1 4.71718442951919e-05 0.0129359434325685 3.63807528603191e-05 0.0127080669025911
1 0 5.07724335639765e-06 0.000899838079477709 1.23869537584715e-06 0.000940970878183099
1 1 0.000183843373534305 0.0165761366056722 0.000149278301366102 0.0165495605732283
1 0 7.59364969050248e-05 0.00601194346850148 6.15910574642806e-05 0.00617790014321042
0 1 1.06547391813805e-05 0.00242831429917485 1.23866940251438e-05 0.00233083465933579
1 0 6.28948829583435e-05 0.0109555424912626 4.51740045925497e-05 0.0112810639530436
1 0 2.36653926332225e-05 0.00109829308898261 1.99438140427688e-05 0.00110172007620175
1 0 0.000151451860353589 0.00977272132746636 0.000135637609080622 0.00980314581026811
0 0 5.03589273059895e-05 0.00598192381196477 6.14783267688822e-05 0.0060510353732531
0 1 4.89807198892949e-05 0.00779405144863215 5.23278219454944e-05 0.0076191034336221
1 0 2.91907509795926e-05 0.00591902934778162 2.3746498417933e-05 0.00621985071115431
1 0 1.03324718106628e-05 0.0112466283801552 4.59785012964753e-06 0.0118480096882342
0 1 6.33727035025172e-06 0.00934650907205406 6.74525140414221e-06 0.00917277625214196
1 1 3.40906831771607e-05 0.0131601497329116 3.1146585714934e-05 0.012387573976528
0 0 5.70545896383617e-05 0.00469906753991757 6.95774710383325e-05 0.0047084554323237
1 1 1.83843709399405e-05 0.00226118787954818 1.16388412338587e-05 0.00217796646487719
0 0 8.37958180154494e-05 0.00848878215790778 8.93504691903921e-05 0.00856542922346697
0 1 1.1433274830518e-05 0.00715887245886526 1.83867099317839e-05 0.00667257467635428
0 1 3.29158595669992e-05 0.00766040191443895 4.40943480087555e-05 0.00677397959766257
1 1 9.54128573944363e-05 0.00549726332929444 8.02190046382875e-05 0.00549394081729778
0 0 4.27913710021376e-05 0.00695463402865861 4.73023114851254e-05 0.00711126633901433
1 1 3.22609777197279e-05 0.0094796368104287 2.80956564510068e-05 0.00913029275139525
0 1 6.95226424458289e-05 0.0142415529637119 7.27827145260504e-05 0.0139868280214816
0 1 0.00015928428267504 0.0134491704540841 0.000202161763946599 0.0133193884578807
1 1 7.28065291936624e-05 0.00638607506252659 5.7516735083626e-05 0.00636466054143918
1 0 2.3168324670355e-05 0.00865811410113816 1.84374274540733e-05 0.00878268220963807
0 1 5.41868022848631e-05 0.0137394353341201 6.52646222501336e-05 0.0130782257674136
0 0 6.35019094278906e-05 0.0114083407970284 7.41175263544481e-05 0.0116107141622578
0 1 5.9034406899555e-06 0.0072426671202853 1.73870407433651e-05 0.00709334132409244
1 1 3.49436844266991e-05 0.00432378682480346 3.21954278406034e-05 0.00419858215942473
0 1 4.61062259404043e-05 0.00850575019498465 4.6938495062609e-05 0.00816653909603813
0 1 0.000107981868401505 0.0115943143607487 0.000109507094187669 0.0114230775936867
0 0 3.34180630897015e-05 0.00259132529066447 3.73018648542387e-05 0.00277345672913218
1 0 2.21200539487836e-05 0.00312141293719002 1.85644376292004e-05 0.00316911333323786
1 0 3.9346343974168e-05 0.00925944031409719 2.484236749277e-05 0.00941210383624048
0 0 1.64883593743769e-05 0.00406894368159013 2.4949393304746e-05 0.00410637089856809
1 1 7.21592417369147e-06 0.00269139104001275 6.41932409043787e-06 0.00267262758385512
1 1 1.61607262652727e-06 0.00592396040978143 1.50461570267642e-06 0.0057570087679716
0 0 1.41501057291849e-05 0.00381237520537513 1.76598536799437e-05 0.00388330954614396
1 1 3.99830856332804e-05 0.0167222512249437 2.98586287702407e-05 0.0161528564520492
