0 2 5 1 3 200 200 0.044 
0 2 5 1 3 200 500 0.046 
0 2 5 1 3 200 1000 0.049 
0 2 5 1 3 400 200 0.049 
0 2 5 1 3 400 500 0.05 
0 2 5 1 3 400 1000 0.062 
0 2 5 1 3 600 200 0.053 
0 2 5 1 3 600 500 0.044 
0 2 5 1 3 600 1000 0.049 
0 2 5 1 3 800 200 0.045 
0 2 5 1 3 800 500 0.067 
0 2 5 1 3 800 1000 0.041 
0 2 5 1 3 1000 200 0.049 
0 2 5 1 3 1000 500 0.032 
0 2 5 1 3 1000 1000 0.04 
0 5 8 4 6 200 200 0.055 
0 5 8 4 6 200 500 0.048 
0 5 8 4 6 200 1000 0.051 
0 5 8 4 6 400 200 0.046 
0 5 8 4 6 400 500 0.054 
0 5 8 4 6 400 1000 0.049 
0 5 8 4 6 600 200 0.056 
0 5 8 4 6 600 500 0.053 
0 5 8 4 6 600 1000 0.046 
0 5 8 4 6 800 200 0.061 
0 5 8 4 6 800 500 0.048 
0 5 8 4 6 800 1000 0.05 
0 5 8 4 6 1000 200 0.044 
0 5 8 4 6 1000 500 0.059 
0 5 8 4 6 1000 1000 0.055 
0 10 13 9 11 200 200 0.051 
0 10 13 9 11 200 500 0.052 
0 10 13 9 11 200 1000 0.065 
0 10 13 9 11 400 200 0.058 
0 10 13 9 11 400 500 0.045 
0 10 13 9 11 400 1000 0.046 
0 10 13 9 11 600 200 0.047 
0 10 13 9 11 600 500 0.063 
0 10 13 9 11 600 1000 0.06 
0 10 13 9 11 800 200 0.053 
0 10 13 9 11 800 500 0.05 
0 10 13 9 11 800 1000 0.045 
0 10 13 9 11 1000 200 0.044 
0 10 13 9 11 1000 500 0.037 
0 10 13 9 11 1000 1000 0.061 
0.001 2 5 1 3 200 200 0.077 
0.001 2 5 1 3 200 500 0.066 
0.001 2 5 1 3 200 1000 0.07 
0.001 2 5 1 3 400 200 0.094 
0.001 2 5 1 3 400 500 0.085 
0.001 2 5 1 3 400 1000 0.081 
0.001 2 5 1 3 600 200 0.112 
0.001 2 5 1 3 600 500 0.101 
0.001 2 5 1 3 600 1000 0.097 
0.001 2 5 1 3 800 200 0.12 
0.001 2 5 1 3 800 500 0.101 
0.001 2 5 1 3 800 1000 0.132 
0.001 2 5 1 3 1000 200 0.143 
0.001 2 5 1 3 1000 500 0.161 
0.001 2 5 1 3 1000 1000 0.13 
0.001 5 8 4 6 200 200 0.065 
0.001 5 8 4 6 200 500 0.069 
0.001 5 8 4 6 200 1000 0.074 
0.001 5 8 4 6 400 200 0.074 
0.001 5 8 4 6 400 500 0.084 
0.001 5 8 4 6 400 1000 0.094 
0.001 5 8 4 6 600 200 0.109 
0.001 5 8 4 6 600 500 0.119 
0.001 5 8 4 6 600 1000 0.121 
0.001 5 8 4 6 800 200 0.112 
0.001 5 8 4 6 800 500 0.124 
0.001 5 8 4 6 800 1000 0.136 
0.001 5 8 4 6 1000 200 0.15 
0.001 5 8 4 6 1000 500 0.158 
0.001 5 8 4 6 1000 1000 0.146 
0.001 10 13 9 11 200 200 0.07 
0.001 10 13 9 11 200 500 0.061 
0.001 10 13 9 11 200 1000 0.057 
0.001 10 13 9 11 400 200 0.078 
0.001 10 13 9 11 400 500 0.078 
0.001 10 13 9 11 400 1000 0.081 
0.001 10 13 9 11 600 200 0.095 
0.001 10 13 9 11 600 500 0.096 
0.001 10 13 9 11 600 1000 0.101 
0.001 10 13 9 11 800 200 0.118 
0.001 10 13 9 11 800 500 0.116 
0.001 10 13 9 11 800 1000 0.125 
0.001 10 13 9 11 1000 200 0.147 
0.001 10 13 9 11 1000 500 0.148 
0.001 10 13 9 11 1000 1000 0.136 
0.002 2 5 1 3 200 200 0.126 
0.002 2 5 1 3 200 500 0.12 
0.002 2 5 1 3 200 1000 0.112 
0.002 2 5 1 3 400 200 0.174 
0.002 2 5 1 3 400 500 0.194 
0.002 2 5 1 3 400 1000 0.206 
0.002 2 5 1 3 600 200 0.326 
0.002 2 5 1 3 600 500 0.285 
0.002 2 5 1 3 600 1000 0.286 
0.002 2 5 1 3 800 200 0.374 
0.002 2 5 1 3 800 500 0.391 
0.002 2 5 1 3 800 1000 0.383 
0.002 2 5 1 3 1000 200 0.488 
0.002 2 5 1 3 1000 500 0.497 
0.002 2 5 1 3 1000 1000 0.51 
0.002 5 8 4 6 200 200 0.126 
0.002 5 8 4 6 200 500 0.142 
0.002 5 8 4 6 200 1000 0.11 
0.002 5 8 4 6 400 200 0.192 
0.002 5 8 4 6 400 500 0.217 
0.002 5 8 4 6 400 1000 0.191 
0.002 5 8 4 6 600 200 0.297 
0.002 5 8 4 6 600 500 0.308 
0.002 5 8 4 6 600 1000 0.304 
0.002 5 8 4 6 800 200 0.38 
0.002 5 8 4 6 800 500 0.361 
0.002 5 8 4 6 800 1000 0.409 
0.002 5 8 4 6 1000 200 0.481 
0.002 5 8 4 6 1000 500 0.523 
0.002 5 8 4 6 1000 1000 0.447 
0.002 10 13 9 11 200 200 0.134 
0.002 10 13 9 11 200 500 0.122 
0.002 10 13 9 11 200 1000 0.138 
0.002 10 13 9 11 400 200 0.199 
0.002 10 13 9 11 400 500 0.191 
0.002 10 13 9 11 400 1000 0.198 
0.002 10 13 9 11 600 200 0.278 
0.002 10 13 9 11 600 500 0.298 
0.002 10 13 9 11 600 1000 0.279 
0.002 10 13 9 11 800 200 0.383 
0.002 10 13 9 11 800 500 0.38 
0.002 10 13 9 11 800 1000 0.395 
0.002 10 13 9 11 1000 200 0.467 
0.002 10 13 9 11 1000 500 0.494 
0.002 10 13 9 11 1000 1000 0.483 
0.003 2 5 1 3 200 200 0.22 
0.003 2 5 1 3 200 500 0.219 
0.003 2 5 1 3 200 1000 0.237 
0.003 2 5 1 3 400 200 0.428 
0.003 2 5 1 3 400 500 0.423 
0.003 2 5 1 3 400 1000 0.418 
0.003 2 5 1 3 600 200 0.596 
0.003 2 5 1 3 600 500 0.635 
0.003 2 5 1 3 600 1000 0.622 
0.003 2 5 1 3 800 200 0.761 
0.003 2 5 1 3 800 500 0.78 
0.003 2 5 1 3 800 1000 0.77 
0.003 2 5 1 3 1000 200 0.858 
0.003 2 5 1 3 1000 500 0.857 
0.003 2 5 1 3 1000 1000 0.877 
0.003 5 8 4 6 200 200 0.21 
0.003 5 8 4 6 200 500 0.201 
0.003 5 8 4 6 200 1000 0.216 
0.003 5 8 4 6 400 200 0.41 
0.003 5 8 4 6 400 500 0.457 
0.003 5 8 4 6 400 1000 0.462 
0.003 5 8 4 6 600 200 0.625 
0.003 5 8 4 6 600 500 0.639 
0.003 5 8 4 6 600 1000 0.625 
0.003 5 8 4 6 800 200 0.759 
0.003 5 8 4 6 800 500 0.747 
0.003 5 8 4 6 800 1000 0.78 
0.003 5 8 4 6 1000 200 0.866 
0.003 5 8 4 6 1000 500 0.859 
0.003 5 8 4 6 1000 1000 0.878 
0.003 10 13 9 11 200 200 0.231 
0.003 10 13 9 11 200 500 0.204 
0.003 10 13 9 11 200 1000 0.232 
0.003 10 13 9 11 400 200 0.419 
0.003 10 13 9 11 400 500 0.442 
0.003 10 13 9 11 400 1000 0.419 
0.003 10 13 9 11 600 200 0.635 
0.003 10 13 9 11 600 500 0.618 
0.003 10 13 9 11 600 1000 0.613 
0.003 10 13 9 11 800 200 0.767 
0.003 10 13 9 11 800 500 0.775 
0.003 10 13 9 11 800 1000 0.746 
0.003 10 13 9 11 1000 200 0.856 
0.003 10 13 9 11 1000 500 0.861 
0.003 10 13 9 11 1000 1000 0.881 
0.004 2 5 1 3 200 200 0.399 
0.004 2 5 1 3 200 500 0.369 
0.004 2 5 1 3 200 1000 0.37 
0.004 2 5 1 3 400 200 0.708 
0.004 2 5 1 3 400 500 0.715 
0.004 2 5 1 3 400 1000 0.699 
0.004 2 5 1 3 600 200 0.87 
0.004 2 5 1 3 600 500 0.862 
0.004 2 5 1 3 600 1000 0.883 
0.004 2 5 1 3 800 200 0.948 
0.004 2 5 1 3 800 500 0.965 
0.004 2 5 1 3 800 1000 0.957 
0.004 2 5 1 3 1000 200 0.988 
0.004 2 5 1 3 1000 500 0.983 
0.004 2 5 1 3 1000 1000 0.995 
0.004 5 8 4 6 200 200 0.342 
0.004 5 8 4 6 200 500 0.357 
0.004 5 8 4 6 200 1000 0.38 
0.004 5 8 4 6 400 200 0.677 
0.004 5 8 4 6 400 500 0.706 
0.004 5 8 4 6 400 1000 0.702 
0.004 5 8 4 6 600 200 0.886 
0.004 5 8 4 6 600 500 0.9 
0.004 5 8 4 6 600 1000 0.915 
0.004 5 8 4 6 800 200 0.96 
0.004 5 8 4 6 800 500 0.966 
0.004 5 8 4 6 800 1000 0.967 
0.004 5 8 4 6 1000 200 0.989 
0.004 5 8 4 6 1000 500 0.991 
0.004 5 8 4 6 1000 1000 0.987 
0.004 10 13 9 11 200 200 0.364 
0.004 10 13 9 11 200 500 0.367 
0.004 10 13 9 11 200 1000 0.366 
0.004 10 13 9 11 400 200 0.703 
0.004 10 13 9 11 400 500 0.7 
0.004 10 13 9 11 400 1000 0.716 
0.004 10 13 9 11 600 200 0.862 
0.004 10 13 9 11 600 500 0.883 
0.004 10 13 9 11 600 1000 0.873 
0.004 10 13 9 11 800 200 0.962 
0.004 10 13 9 11 800 500 0.959 
0.004 10 13 9 11 800 1000 0.957 
0.004 10 13 9 11 1000 200 0.993 
0.004 10 13 9 11 1000 500 0.989 
0.004 10 13 9 11 1000 1000 0.986 
0.005 2 5 1 3 200 200 0.559 
0.005 2 5 1 3 200 500 0.555 
0.005 2 5 1 3 200 1000 0.555 
0.005 2 5 1 3 400 200 0.905 
0.005 2 5 1 3 400 500 0.903 
0.005 2 5 1 3 400 1000 0.891 
0.005 2 5 1 3 600 200 0.978 
0.005 2 5 1 3 600 500 0.978 
0.005 2 5 1 3 600 1000 0.979 
0.005 2 5 1 3 800 200 0.997 
0.005 2 5 1 3 800 500 0.997 
0.005 2 5 1 3 800 1000 0.994 
0.005 2 5 1 3 1000 200 1 
0.005 2 5 1 3 1000 500 1 
0.005 2 5 1 3 1000 1000 1 
0.005 5 8 4 6 200 200 0.547 
0.005 5 8 4 6 200 500 0.561 
0.005 5 8 4 6 200 1000 0.574 
0.005 5 8 4 6 400 200 0.887 
0.005 5 8 4 6 400 500 0.887 
0.005 5 8 4 6 400 1000 0.902 
0.005 5 8 4 6 600 200 0.983 
0.005 5 8 4 6 600 500 0.978 
0.005 5 8 4 6 600 1000 0.973 
0.005 5 8 4 6 800 200 0.995 
0.005 5 8 4 6 800 500 0.997 
0.005 5 8 4 6 800 1000 1 
0.005 5 8 4 6 1000 200 1 
0.005 5 8 4 6 1000 500 1 
0.005 5 8 4 6 1000 1000 0.999 
0.005 10 13 9 11 200 200 0.548 
0.005 10 13 9 11 200 500 0.54 
0.005 10 13 9 11 200 1000 0.57 
0.005 10 13 9 11 400 200 0.881 
0.005 10 13 9 11 400 500 0.889 
0.005 10 13 9 11 400 1000 0.883 
0.005 10 13 9 11 600 200 0.977 
0.005 10 13 9 11 600 500 0.976 
0.005 10 13 9 11 600 1000 0.978 
0.005 10 13 9 11 800 200 0.995 
0.005 10 13 9 11 800 500 0.996 
0.005 10 13 9 11 800 1000 0.998 
0.005 10 13 9 11 1000 200 0.999 
0.005 10 13 9 11 1000 500 0.999 
0.005 10 13 9 11 1000 1000 1 
0.006 2 5 1 3 200 200 0.724 
0.006 2 5 1 3 200 500 0.726 
0.006 2 5 1 3 200 1000 0.734 
0.006 2 5 1 3 400 200 0.969 
0.006 2 5 1 3 400 500 0.969 
0.006 2 5 1 3 400 1000 0.975 
0.006 2 5 1 3 600 200 0.996 
0.006 2 5 1 3 600 500 0.999 
0.006 2 5 1 3 600 1000 0.998 
0.006 2 5 1 3 800 200 1 
0.006 2 5 1 3 800 500 1 
0.006 2 5 1 3 800 1000 1 
0.006 2 5 1 3 1000 200 1 
0.006 2 5 1 3 1000 500 1 
0.006 2 5 1 3 1000 1000 1 
0.006 5 8 4 6 200 200 0.728 
0.006 5 8 4 6 200 500 0.72 
0.006 5 8 4 6 200 1000 0.723 
0.006 5 8 4 6 400 200 0.972 
0.006 5 8 4 6 400 500 0.972 
0.006 5 8 4 6 400 1000 0.979 
0.006 5 8 4 6 600 200 0.997 
0.006 5 8 4 6 600 500 0.998 
0.006 5 8 4 6 600 1000 0.998 
0.006 5 8 4 6 800 200 0.999 
0.006 5 8 4 6 800 500 1 
0.006 5 8 4 6 800 1000 1 
0.006 5 8 4 6 1000 200 1 
0.006 5 8 4 6 1000 500 1 
0.006 5 8 4 6 1000 1000 1 
0.006 10 13 9 11 200 200 0.728 
0.006 10 13 9 11 200 500 0.729 
0.006 10 13 9 11 200 1000 0.748 
0.006 10 13 9 11 400 200 0.973 
0.006 10 13 9 11 400 500 0.971 
0.006 10 13 9 11 400 1000 0.979 
0.006 10 13 9 11 600 200 0.999 
0.006 10 13 9 11 600 500 0.998 
0.006 10 13 9 11 600 1000 0.998 
0.006 10 13 9 11 800 200 0.999 
0.006 10 13 9 11 800 500 1 
0.006 10 13 9 11 800 1000 1 
0.006 10 13 9 11 1000 200 1 
0.006 10 13 9 11 1000 500 1 
0.006 10 13 9 11 1000 1000 1 
0.007 2 5 1 3 200 200 0.865 
0.007 2 5 1 3 200 500 0.862 
0.007 2 5 1 3 200 1000 0.873 
0.007 2 5 1 3 400 200 0.998 
0.007 2 5 1 3 400 500 0.997 
0.007 2 5 1 3 400 1000 0.998 
0.007 2 5 1 3 600 200 1 
0.007 2 5 1 3 600 500 1 
0.007 2 5 1 3 600 1000 1 
0.007 2 5 1 3 800 200 1 
0.007 2 5 1 3 800 500 1 
0.007 2 5 1 3 800 1000 1 
0.007 2 5 1 3 1000 200 1 
0.007 2 5 1 3 1000 500 1 
0.007 2 5 1 3 1000 1000 1 
0.007 5 8 4 6 200 200 0.861 
0.007 5 8 4 6 200 500 0.846 
0.007 5 8 4 6 200 1000 0.852 
0.007 5 8 4 6 400 200 0.992 
0.007 5 8 4 6 400 500 0.995 
0.007 5 8 4 6 400 1000 0.999 
0.007 5 8 4 6 600 200 1 
0.007 5 8 4 6 600 500 1 
0.007 5 8 4 6 600 1000 0.999 
0.007 5 8 4 6 800 200 1 
0.007 5 8 4 6 800 500 1 
0.007 5 8 4 6 800 1000 1 
0.007 5 8 4 6 1000 200 1 
0.007 5 8 4 6 1000 500 1 
0.007 5 8 4 6 1000 1000 1 
0.007 10 13 9 11 200 200 0.852 
0.007 10 13 9 11 200 500 0.861 
0.007 10 13 9 11 200 1000 0.877 
0.007 10 13 9 11 400 200 0.995 
0.007 10 13 9 11 400 500 0.996 
0.007 10 13 9 11 400 1000 0.996 
0.007 10 13 9 11 600 200 1 
0.007 10 13 9 11 600 500 1 
0.007 10 13 9 11 600 1000 1 
0.007 10 13 9 11 800 200 1 
0.007 10 13 9 11 800 500 1 
0.007 10 13 9 11 800 1000 1 
0.007 10 13 9 11 1000 200 1 
0.007 10 13 9 11 1000 500 1 
0.007 10 13 9 11 1000 1000 1 
0.008 2 5 1 3 200 200 0.937 
0.008 2 5 1 3 200 500 0.938 
0.008 2 5 1 3 200 1000 0.939 
0.008 2 5 1 3 400 200 0.999 
0.008 2 5 1 3 400 500 0.999 
0.008 2 5 1 3 400 1000 1 
0.008 2 5 1 3 600 200 1 
0.008 2 5 1 3 600 500 1 
0.008 2 5 1 3 600 1000 1 
0.008 2 5 1 3 800 200 1 
0.008 2 5 1 3 800 500 1 
0.008 2 5 1 3 800 1000 1 
0.008 2 5 1 3 1000 200 1 
0.008 2 5 1 3 1000 500 1 
0.008 2 5 1 3 1000 1000 1 
0.008 5 8 4 6 200 200 0.935 
0.008 5 8 4 6 200 500 0.946 
0.008 5 8 4 6 200 1000 0.945 
0.008 5 8 4 6 400 200 1 
0.008 5 8 4 6 400 500 0.999 
0.008 5 8 4 6 400 1000 1 
0.008 5 8 4 6 600 200 1 
0.008 5 8 4 6 600 500 1 
0.008 5 8 4 6 600 1000 1 
0.008 5 8 4 6 800 200 1 
0.008 5 8 4 6 800 500 1 
0.008 5 8 4 6 800 1000 1 
0.008 5 8 4 6 1000 200 1 
0.008 5 8 4 6 1000 500 1 
0.008 5 8 4 6 1000 1000 1 
0.008 10 13 9 11 200 200 0.925 
0.008 10 13 9 11 200 500 0.935 
0.008 10 13 9 11 200 1000 0.936 
0.008 10 13 9 11 400 200 0.999 
0.008 10 13 9 11 400 500 1 
0.008 10 13 9 11 400 1000 1 
0.008 10 13 9 11 600 200 1 
0.008 10 13 9 11 600 500 1 
0.008 10 13 9 11 600 1000 1 
0.008 10 13 9 11 800 200 1 
0.008 10 13 9 11 800 500 1 
0.008 10 13 9 11 800 1000 1 
0.008 10 13 9 11 1000 200 1 
0.008 10 13 9 11 1000 500 1 
0.008 10 13 9 11 1000 1000 1 
0.009 2 5 1 3 200 200 0.982 
0.009 2 5 1 3 200 500 0.986 
0.009 2 5 1 3 200 1000 0.975 
0.009 2 5 1 3 400 200 1 
0.009 2 5 1 3 400 500 1 
0.009 2 5 1 3 400 1000 1 
0.009 2 5 1 3 600 200 1 
0.009 2 5 1 3 600 500 1 
0.009 2 5 1 3 600 1000 1 
0.009 2 5 1 3 800 200 1 
0.009 2 5 1 3 800 500 1 
0.009 2 5 1 3 800 1000 1 
0.009 2 5 1 3 1000 200 1 
0.009 2 5 1 3 1000 500 1 
0.009 2 5 1 3 1000 1000 1 
0.009 5 8 4 6 200 200 0.978 
0.009 5 8 4 6 200 500 0.983 
0.009 5 8 4 6 200 1000 0.978 
0.009 5 8 4 6 400 200 1 
0.009 5 8 4 6 400 500 1 
0.009 5 8 4 6 400 1000 1 
0.009 5 8 4 6 600 200 1 
0.009 5 8 4 6 600 500 1 
0.009 5 8 4 6 600 1000 1 
0.009 5 8 4 6 800 200 1 
0.009 5 8 4 6 800 500 1 
0.009 5 8 4 6 800 1000 1 
0.009 5 8 4 6 1000 200 1 
0.009 5 8 4 6 1000 500 1 
0.009 5 8 4 6 1000 1000 1 
0.009 10 13 9 11 200 200 0.971 
0.009 10 13 9 11 200 500 0.981 
0.009 10 13 9 11 200 1000 0.974 
0.009 10 13 9 11 400 200 1 
0.009 10 13 9 11 400 500 1 
0.009 10 13 9 11 400 1000 1 
0.009 10 13 9 11 600 200 1 
0.009 10 13 9 11 600 500 1 
0.009 10 13 9 11 600 1000 1 
0.009 10 13 9 11 800 200 1 
0.009 10 13 9 11 800 500 1 
0.009 10 13 9 11 800 1000 1 
0.009 10 13 9 11 1000 200 1 
0.009 10 13 9 11 1000 500 1 
0.009 10 13 9 11 1000 1000 1 
0.01 2 5 1 3 200 200 0.994 
0.01 2 5 1 3 200 500 0.989 
0.01 2 5 1 3 200 1000 0.991 
0.01 2 5 1 3 400 200 1 
0.01 2 5 1 3 400 500 1 
0.01 2 5 1 3 400 1000 1 
0.01 2 5 1 3 600 200 1 
0.01 2 5 1 3 600 500 1 
0.01 2 5 1 3 600 1000 1 
0.01 2 5 1 3 800 200 1 
0.01 2 5 1 3 800 500 1 
0.01 2 5 1 3 800 1000 1 
0.01 2 5 1 3 1000 200 1 
0.01 2 5 1 3 1000 500 1 
0.01 2 5 1 3 1000 1000 1 
0.01 5 8 4 6 200 200 0.992 
0.01 5 8 4 6 200 500 0.994 
0.01 5 8 4 6 200 1000 0.996 
0.01 5 8 4 6 400 200 1 
0.01 5 8 4 6 400 500 1 
0.01 5 8 4 6 400 1000 1 
0.01 5 8 4 6 600 200 1 
0.01 5 8 4 6 600 500 1 
0.01 5 8 4 6 600 1000 1 
0.01 5 8 4 6 800 200 1 
0.01 5 8 4 6 800 500 1 
0.01 5 8 4 6 800 1000 1 
0.01 5 8 4 6 1000 200 1 
0.01 5 8 4 6 1000 500 1 
0.01 5 8 4 6 1000 1000 1 
0.01 10 13 9 11 200 200 1 
0.01 10 13 9 11 200 500 0.992 
0.01 10 13 9 11 200 1000 0.985 
0.01 10 13 9 11 400 200 1 
0.01 10 13 9 11 400 500 1 
0.01 10 13 9 11 400 1000 1 
0.01 10 13 9 11 600 200 1 
0.01 10 13 9 11 600 500 1 
0.01 10 13 9 11 600 1000 1 
0.01 10 13 9 11 800 200 1 
0.01 10 13 9 11 800 500 1 
0.01 10 13 9 11 800 1000 1 
0.01 10 13 9 11 1000 200 1 
0.01 10 13 9 11 1000 500 1 
0.01 10 13 9 11 1000 1000 1 
