0 0.3 linear 50 0.055 0.12 
0 0.6 linear 50 0.07 0.235 
0 1 linear 50 0.05 0.615 
0 3 linear 50 0.025 0.03 
0 5 linear 50 0.03 0.055 
0.001 0.3 linear 50 0.1 0.11 
0.001 0.6 linear 50 0.12 0.175 
0.001 1 linear 50 0.115 0.63 
0.001 3 linear 50 0.09 0.015 
0.001 5 linear 50 0.14 0.085 
0.002 0.3 linear 50 0.31 0.07 
0.002 0.6 linear 50 0.255 0.265 
0.002 1 linear 50 0.375 0.615 
0.002 3 linear 50 0.27 0.04 
0.002 5 linear 50 0.315 0.07 
0.003 0.3 linear 50 0.49 0.15 
0.003 0.6 linear 50 0.51 0.22 
0.003 1 linear 50 0.515 0.705 
0.003 3 linear 50 0.55 0.06 
0.003 5 linear 50 0.415 0.095 
0.004 0.3 linear 50 0.68 0.1 
0.004 0.6 linear 50 0.64 0.295 
0.004 1 linear 50 0.655 0.68 
0.004 3 linear 50 0.62 0.085 
0.004 5 linear 50 0.59 0.11 
0.005 0.3 linear 50 0.74 0.095 
0.005 0.6 linear 50 0.735 0.235 
0.005 1 linear 50 0.745 0.665 
0.005 3 linear 50 0.77 0.09 
0.005 5 linear 50 0.78 0.175 
0.006 0.3 linear 50 0.775 0.08 
0.006 0.6 linear 50 0.8 0.285 
0.006 1 linear 50 0.83 0.695 
0.006 3 linear 50 0.79 0.13 
0.006 5 linear 50 0.84 0.19 
0.007 0.3 linear 50 0.85 0.125 
0.007 0.6 linear 50 0.855 0.235 
0.007 1 linear 50 0.84 0.685 
0.007 3 linear 50 0.835 0.21 
0.007 5 linear 50 0.845 0.26 
0.008 0.3 linear 50 0.87 0.1 
0.008 0.6 linear 50 0.895 0.345 
0.008 1 linear 50 0.905 0.745 
0.008 3 linear 50 0.94 0.25 
0.008 5 linear 50 0.915 0.26 
0.009 0.3 linear 50 0.915 0.1 
0.009 0.6 linear 50 0.965 0.32 
0.009 1 linear 50 0.96 0.735 
0.009 3 linear 50 0.91 0.24 
0.009 5 linear 50 0.905 0.345 
0.01 0.3 linear 50 0.945 0.13 
0.01 0.6 linear 50 0.945 0.245 
0.01 1 linear 50 0.92 0.755 
0.01 3 linear 50 0.94 0.4 
0.01 5 linear 50 0.945 0.375 
0 0.3 gaussian 50 0.205 0.065 
0 0.6 gaussian 50 0.235 0.275 
0 1 gaussian 50 0.24 0.91 
0 3 gaussian 50 0.26 0.09 
0 5 gaussian 50 0.23 0.04 
0.001 0.3 gaussian 50 0.215 0.075 
0.001 0.6 gaussian 50 0.23 0.26 
0.001 1 gaussian 50 0.23 0.88 
0.001 3 gaussian 50 0.205 0.09 
0.001 5 gaussian 50 0.185 0.03 
0.002 0.3 gaussian 50 0.25 0.045 
0.002 0.6 gaussian 50 0.22 0.245 
0.002 1 gaussian 50 0.24 0.89 
0.002 3 gaussian 50 0.28 0.125 
0.002 5 gaussian 50 0.2 0.01 
0.003 0.3 gaussian 50 0.22 0.09 
0.003 0.6 gaussian 50 0.235 0.255 
0.003 1 gaussian 50 0.22 0.885 
0.003 3 gaussian 50 0.245 0.185 
0.003 5 gaussian 50 0.22 0.035 
0.004 0.3 gaussian 50 0.25 0.04 
0.004 0.6 gaussian 50 0.24 0.285 
0.004 1 gaussian 50 0.24 0.905 
0.004 3 gaussian 50 0.265 0.12 
0.004 5 gaussian 50 0.225 0.01 
0.005 0.3 gaussian 50 0.22 0.06 
0.005 0.6 gaussian 50 0.29 0.275 
0.005 1 gaussian 50 0.23 0.9 
0.005 3 gaussian 50 0.29 0.125 
0.005 5 gaussian 50 0.24 0.025 
0.006 0.3 gaussian 50 0.24 0.08 
0.006 0.6 gaussian 50 0.275 0.29 
0.006 1 gaussian 50 0.27 0.86 
0.006 3 gaussian 50 0.225 0.14 
0.006 5 gaussian 50 0.195 0.03 
0.007 0.3 gaussian 50 0.25 0.05 
0.007 0.6 gaussian 50 0.255 0.295 
0.007 1 gaussian 50 0.22 0.89 
0.007 3 gaussian 50 0.215 0.135 
0.007 5 gaussian 50 0.24 0.015 
0.008 0.3 gaussian 50 0.165 0.045 
0.008 0.6 gaussian 50 0.215 0.255 
0.008 1 gaussian 50 0.235 0.88 
0.008 3 gaussian 50 0.235 0.1 
0.008 5 gaussian 50 0.195 0.015 
0.009 0.3 gaussian 50 0.24 0.05 
0.009 0.6 gaussian 50 0.19 0.255 
0.009 1 gaussian 50 0.21 0.86 
0.009 3 gaussian 50 0.21 0.11 
0.009 5 gaussian 50 0.23 0.025 
0.01 0.3 gaussian 50 0.195 0.065 
0.01 0.6 gaussian 50 0.255 0.235 
0.01 1 gaussian 50 0.22 0.87 
0.01 3 gaussian 50 0.245 0.085 
0.01 5 gaussian 50 0.265 0.06 
0 0.3 linear 100 0.045 0.115 
0 0.6 linear 100 0.04 0.645 
0 1 linear 100 0.03 0.22 
0 3 linear 100 0.065 0.145 
0 5 linear 100 0.04 0 
0.001 0.3 linear 100 0.385 0.145 
0.001 0.6 linear 100 0.315 0.67 
0.001 1 linear 100 0.315 0.295 
0.001 3 linear 100 0.345 0.225 
0.001 5 linear 100 0.3 0.005 
0.002 0.3 linear 100 0.71 0.16 
0.002 0.6 linear 100 0.67 0.7 
0.002 1 linear 100 0.74 0.35 
0.002 3 linear 100 0.69 0.305 
0.002 5 linear 100 0.68 0.015 
0.003 0.3 linear 100 0.845 0.115 
0.003 0.6 linear 100 0.86 0.67 
0.003 1 linear 100 0.86 0.48 
0.003 3 linear 100 0.82 0.46 
0.003 5 linear 100 0.85 0.02 
0.004 0.3 linear 100 0.94 0.13 
0.004 0.6 linear 100 0.91 0.715 
0.004 1 linear 100 0.92 0.51 
0.004 3 linear 100 0.93 0.605 
0.004 5 linear 100 0.94 0.07 
0.005 0.3 linear 100 0.98 0.13 
0.005 0.6 linear 100 0.965 0.735 
0.005 1 linear 100 0.97 0.59 
0.005 3 linear 100 0.955 0.715 
0.005 5 linear 100 0.96 0.11 
0.006 0.3 linear 100 0.975 0.16 
0.006 0.6 linear 100 0.99 0.735 
0.006 1 linear 100 1 0.735 
0.006 3 linear 100 0.975 0.695 
0.006 5 linear 100 0.98 0.12 
0.007 0.3 linear 100 0.98 0.11 
0.007 0.6 linear 100 0.995 0.75 
0.007 1 linear 100 0.995 0.795 
0.007 3 linear 100 0.995 0.825 
0.007 5 linear 100 1 0.24 
0.008 0.3 linear 100 0.99 0.125 
0.008 0.6 linear 100 0.995 0.75 
0.008 1 linear 100 0.995 0.785 
0.008 3 linear 100 0.985 0.885 
0.008 5 linear 100 0.99 0.235 
0.009 0.3 linear 100 0.995 0.15 
0.009 0.6 linear 100 1 0.78 
0.009 1 linear 100 0.995 0.855 
0.009 3 linear 100 1 0.87 
0.009 5 linear 100 0.995 0.325 
0.01 0.3 linear 100 0.995 0.145 
0.01 0.6 linear 100 1 0.77 
0.01 1 linear 100 1 0.89 
0.01 3 linear 100 0.995 0.925 
0.01 5 linear 100 0.99 0.365 
0 0.3 gaussian 100 0.265 0.05 
0 0.6 gaussian 100 0.225 0.96 
0 1 gaussian 100 0.215 0.69 
0 3 gaussian 100 0.265 0.075 
0 5 gaussian 100 0.195 0.04 
0.001 0.3 gaussian 100 0.2 0.06 
0.001 0.6 gaussian 100 0.26 0.965 
0.001 1 gaussian 100 0.22 0.66 
0.001 3 gaussian 100 0.285 0.055 
0.001 5 gaussian 100 0.215 0.06 
0.002 0.3 gaussian 100 0.255 0.055 
0.002 0.6 gaussian 100 0.24 0.95 
0.002 1 gaussian 100 0.255 0.66 
0.002 3 gaussian 100 0.26 0.085 
0.002 5 gaussian 100 0.2 0.02 
0.003 0.3 gaussian 100 0.23 0.09 
0.003 0.6 gaussian 100 0.215 0.945 
0.003 1 gaussian 100 0.16 0.65 
0.003 3 gaussian 100 0.235 0.125 
0.003 5 gaussian 100 0.235 0.055 
0.004 0.3 gaussian 100 0.26 0.07 
0.004 0.6 gaussian 100 0.23 0.955 
0.004 1 gaussian 100 0.235 0.675 
0.004 3 gaussian 100 0.185 0.065 
0.004 5 gaussian 100 0.18 0.035 
0.005 0.3 gaussian 100 0.255 0.05 
0.005 0.6 gaussian 100 0.315 0.955 
0.005 1 gaussian 100 0.24 0.685 
0.005 3 gaussian 100 0.18 0.085 
0.005 5 gaussian 100 0.255 0.055 
0.006 0.3 gaussian 100 0.24 0.035 
0.006 0.6 gaussian 100 0.26 0.945 
0.006 1 gaussian 100 0.31 0.73 
0.006 3 gaussian 100 0.24 0.085 
0.006 5 gaussian 100 0.2 0.05 
0.007 0.3 gaussian 100 0.24 0.055 
0.007 0.6 gaussian 100 0.255 0.955 
0.007 1 gaussian 100 0.2 0.62 
0.007 3 gaussian 100 0.195 0.105 
0.007 5 gaussian 100 0.23 0.06 
0.008 0.3 gaussian 100 0.285 0.08 
0.008 0.6 gaussian 100 0.22 0.93 
0.008 1 gaussian 100 0.255 0.645 
0.008 3 gaussian 100 0.29 0.09 
0.008 5 gaussian 100 0.275 0.04 
0.009 0.3 gaussian 100 0.275 0.055 
0.009 0.6 gaussian 100 0.265 0.945 
0.009 1 gaussian 100 0.255 0.71 
0.009 3 gaussian 100 0.21 0.065 
0.009 5 gaussian 100 0.3 0.055 
0.01 0.3 gaussian 100 0.225 0.05 
0.01 0.6 gaussian 100 0.24 0.95 
0.01 1 gaussian 100 0.195 0.73 
0.01 3 gaussian 100 0.255 0.085 
0.01 5 gaussian 100 0.265 0.055 
